178.05	-103.39
178.433	-30.43
178.815	10
179.197	5.26
179.579	-4.16
179.962	-3.52
180.344	118.42
180.726	158.32
181.108	223.78
181.49	172.65
181.872	199.55
182.254	2152.63
182.636	-30.43
183.018	24.6
183.4	-32.97
183.782	-31.22
184.164	-35.12
184.546	-45.95
184.928	-62.35
185.309	-6.54
185.691	-86.51
186.073	-125.52
186.455	-46.26
186.836	-105.71
187.218	-112.02
187.599	-61.13
187.981	-53.4
188.363	-35.03
188.744	-25.54
189.126	-29.35
189.507	-23.33
189.889	-23.14
190.27	-14.88
190.651	-15.02
191.033	-9.2
191.414	-5.77
191.795	-4.23
192.176	-5.27
192.558	-5.37
192.939	-5.54
193.32	-5.52
193.701	-10.18
194.082	-6.18
194.463	-12.19
194.844	-8.04
195.225	-3.58
195.606	-3.16
195.987	-1.14
196.368	5.5
196.749	0.1
197.13	-0.26
197.511	6.01
197.892	5.02
198.272	3.66
198.653	8.83
199.034	5.74
199.414	0.34
199.795	5.09
200.176	7.18
200.556	4.71
200.937	8
201.317	8.88
201.698	6.54
202.078	6.85
202.459	3.9
202.839	2.56
203.22	8.1
203.6	6.51
203.98	2.46
204.36	3
204.741	-1.47
205.121	-1.95
205.501	-4.2
205.881	-2.24
206.261	-1.28
206.642	-0.84
207.022	4.29
207.402	-0.36
207.782	6.25
208.162	2.25
208.542	-7.1
208.921	-4.58
209.301	-2.18
209.681	-1.31
210.061	-7.87
210.441	-3.97
210.821	3.75
211.2	-2.5
211.58	-6.41
211.96	-8.72
212.339	-5.42
212.719	2.21
213.098	3.75
213.478	4.73
213.858	3.79
214.237	5.63
214.616	3.94
214.996	-2.12
215.375	0.19
215.755	2.62
216.134	-4.94
216.513	-4.67
216.893	-6.52
217.272	-7.2
217.651	-16.32
218.03	-13.34
218.409	-8.3
218.788	-10.86
219.167	-15.51
219.547	-14.24
219.926	-16.69
220.305	-8.53
220.684	-9.68
221.062	-8.73
221.441	-10.91
221.82	-4.3
222.199	-3.54
222.578	-8.35
222.957	-5.64
223.335	-2.68
223.714	-2.9
224.093	2.95
224.471	4.46
224.85	9.51
225.229	11.25
225.607	19.39
225.986	16.84
226.364	18.16
226.743	18.48
227.121	16.8
227.499	15.86
227.878	14
228.256	12.61
228.634	10.31
229.013	9.44
229.391	8.8
229.769	6.37
230.147	6.2
230.525	4.17
230.904	3.77
231.282	3.4
231.66	3
232.038	2.12
232.416	0.86
232.794	1.08
233.172	0.63
233.549	-0.49
233.927	-0.24
234.305	-0.12
234.683	0.82
235.061	0.41
235.438	1.13
235.816	3.1
236.194	3.17
236.571	4.42
236.949	3.88
237.327	3.72
237.704	3.49
238.082	2.7
238.459	2.8
238.837	3.09
239.214	3.56
239.591	2.29
239.969	1.13
240.346	0.67
240.723	0.37
241.101	1.02
241.478	0.87
241.855	1.08
242.232	1.21
242.609	1.42
242.987	1.13
243.364	0.96
243.741	1.07
244.118	0.86
244.495	0.85
244.872	0.59
245.248	0.5
245.625	0.59
246.002	0.7
246.379	0.67
246.756	0.6
247.133	0.84
247.509	1
247.886	1.02
248.263	1.1
248.639	1.11
249.016	1.24
249.392	1.33
249.769	1.38
250.145	1.43
250.522	1.57
250.898	1.79
251.275	1.52
251.651	1.46
252.027	1.67
252.404	1.65
252.78	1.59
253.156	1.56
253.532	1.42
253.909	1.43
254.285	1.45
254.661	1.38
255.037	1.34
255.413	1.49
255.789	1.36
256.165	1.28
256.541	1.46
256.917	1.73
257.293	1.65
257.668	1.65
258.044	1.43
258.42	1.2
258.796	1.15
259.172	1.07
259.547	1.09
259.923	1.08
260.299	0.96
260.674	0.94
261.05	0.84
261.425	0.81
261.801	0.81
262.176	0.87
262.552	0.85
262.927	0.82
263.302	0.82
263.678	0.82
264.053	0.71
264.428	0.7
264.803	0.58
265.179	0.81
265.554	0.81
265.929	0.73
266.304	0.65
266.679	0.79
267.054	0.82
267.429	0.84
267.804	0.81
268.179	0.94
268.554	1.06
268.929	1.14
269.304	1.03
269.678	1.11
270.053	1.07
270.428	1.12
270.803	1.05
271.177	1.09
271.552	1.09
271.927	1.11
272.301	1.08
272.676	1.04
273.05	1.03
273.425	0.99
273.799	0.94
274.174	0.99
274.548	1.1
274.922	1.25
275.297	1.26
275.671	1.19
276.045	1.01
276.419	1.02
276.793	1.07
277.168	1.06
277.542	1.21
277.916	1.22
278.29	1.19
278.664	1.12
279.038	1.02
279.412	1.04
279.786	1.09
280.16	1.24
280.533	1.16
280.907	1.18
281.281	1.21
281.655	1.16
282.029	1.18
282.402	1.2
282.776	1.12
283.149	1.1
283.523	1.09
283.897	1.03
284.27	0.99
284.644	1.08
285.017	1.02
285.39	1
285.764	1.03
286.137	1.03
286.51	1
286.884	0.99
287.257	0.93
287.63	0.92
288.003	1
288.377	1
288.75	0.96
289.123	1.01
289.496	0.99
289.869	0.96
290.242	0.94
290.615	0.97
290.988	0.99
291.361	1.06
291.733	1.02
292.106	0.9
292.479	0.82
292.852	0.8
293.224	0.75
293.597	0.77
293.97	0.71
294.342	0.7
294.715	0.63
295.087	0.62
295.46	0.55
295.832	0.6
296.205	0.7
296.577	0.75
296.95	0.75
297.322	0.75
297.694	0.73
298.067	0.78
298.439	0.81
298.811	0.81
299.183	0.84
299.555	0.85
299.927	0.89
300.299	0.91
300.672	0.94
301.044	0.96
301.415	1.05
301.787	1.11
302.159	1.05
302.531	0.95
302.903	1.03
303.275	1
303.647	1.01
304.018	0.91
304.39	0.86
304.762	0.84
305.133	0.77
305.505	0.71
305.876	0.63
306.248	0.7
306.619	0.75
306.991	0.75
307.362	0.7
307.734	0.76
308.105	0.83
308.476	0.86
308.848	0.86
309.219	0.93
309.59	0.9
309.961	0.93
310.332	0.92
310.704	0.88
311.075	0.89
311.446	0.91
311.817	0.92
312.188	0.89
312.559	0.91
312.929	0.94
313.3	0.89
313.671	0.91
314.042	0.88
314.413	0.79
314.784	0.85
315.154	0.87
315.525	0.81
315.896	0.76
316.266	0.75
316.637	0.62
317.007	0.52
317.378	0.5
317.748	0.5
318.119	0.53
318.489	0.6
318.859	0.57
319.23	0.54
319.6	0.67
319.97	0.72
320.34	0.78
320.711	0.88
321.081	0.95
321.451	0.98
321.821	0.91
322.191	0.94
322.561	0.93
322.931	0.94
323.301	0.96
323.671	0.93
324.041	0.89
324.41	0.78
324.78	0.8
325.15	0.79
325.52	0.82
325.889	0.84
326.259	0.84
326.629	0.89
326.998	0.9
327.368	0.84
327.737	0.79
328.107	0.77
328.476	0.85
328.846	0.83
329.215	0.8
329.584	0.75
329.954	0.8
330.323	0.82
330.692	0.73
331.061	0.64
331.431	0.74
331.8	0.74
332.169	0.75
332.538	0.72
332.907	0.76
333.276	0.78
333.645	0.78
334.014	0.82
334.383	0.76
334.752	0.79
335.12	0.92
335.489	0.85
335.858	0.85
336.227	0.88
336.595	0.89
336.964	0.82
337.333	0.92
337.701	0.97
338.07	0.91
338.438	0.94
338.807	0.96
339.175	0.93
339.543	0.92
339.912	0.96
340.28	0.93
340.648	0.97
341.017	0.95
341.385	0.9
341.753	0.86
342.121	0.88
342.489	0.87
342.857	0.89
343.225	0.89
343.593	0.92
343.961	0.91
344.329	0.94
344.697	0.94
345.065	1
345.433	1.03
345.801	1.09
346.169	1.11
346.536	1.14
346.904	1.14
347.272	1.14
347.639	1.11
348.007	1.11
348.374	1.07
348.742	1.06
349.109	0.99
349.477	0.96
349.844	0.9
350.211	0.85
350.579	0.86
350.946	0.84
351.313	0.85
351.681	0.88
352.048	0.93
352.415	0.91
352.782	0.9
353.149	0.92
353.516	0.88
353.883	0.87
354.25	0.91
354.617	0.88
354.984	0.9
355.351	0.89
355.718	0.9
356.084	0.9
356.451	0.93
356.818	0.95
357.185	0.96
357.551	0.98
357.918	1
358.284	0.99
358.651	0.99
359.017	0.97
359.384	0.99
359.75	0.96
360.117	0.94
360.483	0.92
360.849	0.88
361.216	0.89
361.582	0.89
361.948	0.9
362.314	0.86
362.68	0.86
363.047	0.87
363.413	0.83
363.779	0.84
364.145	0.85
364.511	0.84
364.877	0.9
365.242	0.89
365.608	0.91
365.974	0.94
366.34	0.96
366.706	0.96
367.071	0.94
367.437	0.97
367.803	0.97
368.168	0.95
368.534	0.99
368.899	0.97
369.265	0.97
369.63	0.93
369.996	0.91
370.361	0.88
370.726	0.89
371.092	0.91
371.457	0.93
371.822	0.94
372.187	0.93
372.552	0.91
372.918	0.9
373.283	0.92
373.648	0.92
374.013	0.92
374.378	0.94
374.743	0.94
375.108	0.91
375.472	0.92
375.837	0.91
376.202	0.92
376.567	0.91
376.932	0.9
377.296	0.88
377.661	0.9
378.025	0.9
378.39	0.9
378.755	0.88
379.119	0.9
379.484	0.89
379.848	0.89
380.212	0.89
380.577	0.9
380.941	0.88
381.305	0.88
381.669	0.86
382.034	0.85
382.398	0.85
382.762	0.85
383.126	0.83
383.49	0.8
383.854	0.8
384.218	0.8
384.582	0.8
384.946	0.83
385.31	0.83
385.674	0.85
386.037	0.86
386.401	0.87
386.765	0.86
387.129	0.87
387.492	0.89
387.856	0.88
388.219	0.88
388.583	0.88
388.946	0.89
389.31	0.89
389.673	0.88
390.037	0.89
390.4	0.88
390.763	0.91
391.127	0.9
391.49	0.9
391.853	0.9
392.216	0.9
392.579	0.91
392.942	0.91
393.306	0.91
393.669	0.9
394.031	0.89
394.394	0.91
394.757	0.9
395.12	0.9
395.483	0.92
395.846	0.94
396.209	0.95
396.571	0.94
396.934	0.94
397.297	0.93
397.659	0.96
398.022	0.96
398.384	0.94
398.747	0.94
399.109	0.94
399.472	0.94
399.834	0.93
400.196	0.92
400.559	0.91
400.921	0.91
401.283	0.92
401.645	0.9
402.007	0.92
402.37	0.92
402.732	0.94
403.094	0.93
403.456	0.92
403.818	0.91
404.18	0.93
404.541	0.95
404.903	0.94
405.265	0.92
405.627	0.92
405.989	0.91
406.35	0.91
406.712	0.9
407.074	0.92
407.435	0.92
407.797	0.92
408.158	0.91
408.52	0.9
408.881	0.91
409.242	0.92
409.604	0.92
409.965	0.93
410.326	0.92
410.688	0.91
411.049	0.91
411.41	0.91
411.771	0.9
412.132	0.9
412.493	0.92
412.854	0.92
413.215	0.92
413.576	0.92
413.937	0.92
414.298	0.94
414.659	0.95
415.02	0.95
415.38	0.96
415.741	0.98
416.102	0.97
416.462	0.96
416.823	0.95
417.183	0.96
417.544	0.95
417.904	0.95
418.265	0.95
418.625	0.94
418.986	0.94
419.346	0.94
419.706	0.94
420.067	0.94
420.427	0.95
420.787	0.96
421.147	0.96
421.507	0.96
421.867	0.96
422.227	0.96
422.587	0.97
422.947	0.97
423.307	0.97
423.667	0.97
424.027	0.96
424.386	0.96
424.746	0.96
425.106	0.96
425.466	0.96
425.825	0.96
426.185	0.96
426.544	0.95
426.904	0.96
427.263	0.96
427.623	0.96
427.982	0.96
428.342	0.96
428.701	0.96
429.06	0.95
429.419	0.95
429.779	0.95
430.138	0.96
430.497	0.95
430.856	0.94
431.215	0.94
431.574	0.94
431.933	0.93
432.292	0.93
432.651	0.94
433.01	0.94
433.369	0.94
433.727	0.95
434.086	0.95
434.445	0.96
434.803	0.95
435.162	0.95
435.521	0.95
435.879	0.96
436.238	0.97
436.596	0.96
436.955	0.97
437.313	0.97
437.671	0.97
438.03	0.97
438.388	0.97
438.746	0.97
439.104	0.98
439.462	0.97
439.821	0.97
440.179	0.96
440.537	0.96
440.895	0.95
441.253	0.95
441.611	0.95
441.968	0.95
442.326	0.94
442.684	0.94
443.042	0.93
443.4	0.94
443.757	0.94
444.115	0.95
444.473	0.95
444.83	0.95
445.188	0.95
445.545	0.96
445.903	0.97
446.26	0.97
446.617	0.97
446.975	0.98
447.332	0.98
447.689	0.98
448.046	0.98
448.404	0.98
448.761	0.98
449.118	0.98
449.475	0.98
449.832	0.97
450.189	0.97
450.546	0.97
450.903	0.97
451.26	0.97
451.616	0.96
451.973	0.97
452.33	0.96
452.687	0.96
453.043	0.97
453.4	0.97
453.757	0.97
454.113	0.97
454.47	0.97
454.826	0.97
455.182	0.97
455.539	0.98
455.895	0.98
456.251	0.97
456.608	0.97
456.964	0.96
457.32	0.96
457.676	0.96
458.032	0.97
458.388	0.97
458.744	0.97
459.1	0.97
459.456	0.97
459.812	0.97
460.168	0.98
460.524	0.98
460.88	0.98
461.236	0.98
461.591	0.98
461.947	0.98
462.303	0.97
462.658	0.96
463.014	0.96
463.369	0.95
463.725	0.95
464.08	0.95
464.435	0.96
464.791	0.96
465.146	0.96
465.501	0.97
465.857	0.96
466.212	0.96
466.567	0.98
466.922	0.99
467.277	0.99
467.632	1
467.987	1
468.342	0.99
468.697	1
469.052	1
469.407	0.99
469.761	1.01
470.116	1
470.471	1.01
470.825	1
471.18	1
471.535	1
471.889	1
472.244	0.99
472.598	0.99
472.953	0.99
473.307	0.98
473.661	0.98
474.016	0.99
474.37	0.98
474.724	0.98
475.078	0.97
475.432	0.97
475.787	0.98
476.141	0.98
476.495	0.98
476.849	0.98
477.203	0.99
477.556	1
477.91	1
478.264	1
478.618	1
478.972	1
479.325	1
479.679	1
480.033	1
480.386	1
480.74	0.99
481.093	0.99
481.447	0.99
481.8	1.02
482.153	1.09
482.507	1.17
482.86	1.23
483.213	1.26
483.566	1.25
483.92	1.23
484.273	1.21
484.626	1.2
484.979	1.2
485.332	1.2
485.685	1.19
486.038	1.16
486.391	1.11
486.743	1.07
487.096	1.04
487.449	1.03
487.802	1.03
488.154	1.03
488.507	1.04
488.86	1.04
489.212	1.04
489.565	1.03
489.917	1.02
490.269	1
490.622	1
490.974	0.99
491.327	1
491.679	1.01
492.031	1.01
492.383	1.01
492.735	1.01
493.087	1.01
493.439	1.02
493.791	1.01
494.143	1
494.495	0.99
494.847	0.99
495.199	0.99
495.551	0.98
495.903	0.98
496.254	0.98
496.606	0.99
496.958	0.98
497.309	0.98
497.661	0.99
498.012	0.98
498.364	0.98
498.715	0.98
499.067	0.99
499.418	0.99
499.769	0.99
500.121	0.99
500.472	0.98
500.823	0.98
501.174	0.98
501.525	0.98
501.876	0.99
502.227	0.99
502.578	0.99
502.929	0.98
503.28	0.97
503.631	0.97
503.982	0.98
504.333	0.99
504.683	0.99
505.034	0.99
505.385	0.99
505.735	0.99
506.086	0.99
506.437	0.99
506.787	1
507.137	1
507.488	1
507.838	1
508.188	1
508.539	1
508.889	0.99
509.239	0.99
509.589	0.99
509.939	0.99
510.29	0.99
510.64	0.99
510.99	0.99
511.339	0.99
511.689	1
512.039	0.99
512.389	0.99
512.739	1.01
513.089	1
513.438	1
513.788	1.01
514.137	1.01
514.487	1.01
514.837	1.01
515.186	1.02
515.535	1.01
515.885	1
516.234	1
516.584	1
516.933	1
517.282	1.01
517.631	1
517.98	1
518.329	1
518.678	1
519.028	1
519.376	1.01
519.725	1.01
520.074	1.02
520.423	1.02
520.772	1.02
521.121	1.02
521.469	1.01
521.818	1.02
522.167	1.02
522.515	1
522.864	0.99
523.212	0.99
523.561	0.99
523.909	1
524.258	1
524.606	1.01
524.954	1.01
525.303	1.02
525.651	1.02
525.999	1.02
526.347	1.02
526.695	1.04
527.043	1.07
527.391	1.1
527.739	1.12
528.087	1.12
528.435	1.11
528.783	1.1
529.131	1.09
529.478	1.09
529.826	1.09
530.174	1.1
530.521	1.09
530.869	1.06
531.216	1.03
531.564	1.01
531.911	1
532.259	1.01
532.606	1.02
532.953	1.03
533.301	1.02
533.648	1.03
533.995	1.03
534.342	1.03
534.689	1.02
535.036	1.02
535.383	1.03
535.73	1.02
536.077	1.02
536.424	1.02
536.771	1.02
537.118	1.02
537.465	1.03
537.811	1.03
538.158	1.03
538.505	1.04
538.851	1.04
539.198	1.04
539.544	1.04
539.891	1.05
540.237	1.05
540.584	1.04
540.93	1.05
541.276	1.04
541.622	1.04
541.969	1.04
542.315	1.03
542.661	1.04
543.007	1.04
543.353	1.03
543.699	1.03
544.045	1.03
544.391	1.03
544.737	1.02
545.083	1.03
545.428	1.02
545.774	1.02
546.12	1.03
546.465	1.03
546.811	1.02
547.157	1.02
547.502	1.01
547.848	1.02
548.193	1.03
548.538	1.03
548.884	1.03
549.229	1.04
549.574	1.04
549.919	1.03
550.265	1.03
550.61	1.05
550.955	1.05
551.3	1.06
551.645	1.04
551.99	1.03
552.335	1.03
552.68	1.02
553.024	1.01
553.369	1.02
553.714	1.02
554.059	1.01
554.403	1.01
554.748	1.02
555.092	1.01
555.437	1.02
555.781	1.01
556.126	1.01
556.47	1.01
556.815	1.02
557.159	1.01
557.503	1
557.847	1
558.191	1
558.536	1.01
558.88	1.01
559.224	1.01
559.568	1.03
559.912	1.03
560.256	1.03
560.599	1.03
560.943	1.05
561.287	1.06
561.631	1.06
561.974	1.06
562.318	1.05
562.662	1.05
563.005	1.05
563.349	1.06
563.692	1.05
564.036	1.05
564.379	1.04
564.722	1.03
565.066	1.04
565.409	1.04
565.752	1.03
566.095	1.03
566.438	1.04
566.781	1.04
567.124	1.04
567.467	1.04
567.81	1.04
568.153	1.05
568.496	1.06
568.839	1.05
569.182	1.04
569.524	1.05
569.867	1.04
570.21	1.04
570.552	1.04
570.895	1.03
571.237	1.03
571.58	1.03
571.922	1.02
572.265	1.02
572.607	1.01
572.949	1.03
573.291	1.03
573.634	1.03
573.976	1.03
574.318	1.03
574.66	1.03
575.002	1.02
575.344	1.02
575.686	1.03
576.028	1.02
576.369	1.02
576.711	1.01
577.053	1.02
577.395	1.02
577.736	1.02
578.078	1.03
578.42	1.02
578.761	1.03
579.103	1.02
579.444	1.01
579.785	1.01
580.127	1.02
580.468	1.03
580.809	1.01
581.15	1.03
581.492	1.03
581.833	1.04
582.174	1.05
582.515	1.04
582.856	1.05
583.197	1.07
583.538	1.09
583.879	1.09
584.219	1.1
584.56	1.11
584.901	1.1
585.241	1.1
585.582	1.09
585.923	1.1
586.263	1.1
586.604	1.11
586.944	1.1
587.285	1.08
587.625	1.07
587.965	1.06
588.306	1.07
588.646	1.06
588.986	1.06
589.326	1.05
589.666	1.04
590.006	1.05
590.346	1.04
590.686	1.04
591.026	1.06
591.366	1.07
591.706	1.07
592.046	1.06
592.385	1.07
592.725	1.07
593.065	1.06
593.404	1.06
593.744	1.05
594.083	1.06
594.423	1.06
594.762	1.06
595.101	1.07
595.441	1.06
595.78	1.07
596.119	1.06
596.459	1.06
596.798	1.06
597.137	1.06
597.476	1.08
597.815	1.07
598.154	1.06
598.493	1.06
598.832	1.05
599.17	1.06
599.509	1.06
599.848	1.06
600.187	1.05
600.525	1.08
600.864	1.09
601.202	1.09
601.541	1.09
601.879	1.1
602.218	1.11
602.556	1.12
602.895	1.12
603.233	1.13
603.571	1.13
603.909	1.13
604.247	1.11
604.585	1.12
604.924	1.12
605.262	1.11
605.599	1.1
605.937	1.1
606.275	1.09
606.613	1.09
606.951	1.07
607.289	1.06
607.626	1.07
607.964	1.06
608.302	1.04
608.639	1.04
608.977	1.05
609.314	1.04
609.652	1.03
609.989	1.04
610.326	1.02
610.663	1.04
611.001	1.03
611.338	1.03
611.675	1.04
612.012	1.04
612.349	1.03
612.686	1.03
613.023	1.04
613.36	1.03
613.697	1.04
614.034	1.05
614.371	1.03
614.707	1.05
615.044	1.05
615.381	1.04
615.717	1.03
616.054	1.05
616.39	1.04
616.727	1.03
617.063	1.06
617.399	1.06
617.736	1.06
618.072	1.09
618.408	1.1
618.744	1.11
619.081	1.13
619.417	1.14
619.753	1.15
620.089	1.17
620.425	1.17
620.761	1.16
621.096	1.16
621.432	1.17
621.768	1.15
622.104	1.12
622.439	1.12
622.775	1.12
623.111	1.12
623.446	1.13
623.782	1.12
624.117	1.14
624.452	1.15
624.788	1.14
625.123	1.12
625.458	1.12
625.793	1.14
626.129	1.14
626.464	1.14
626.799	1.12
627.134	1.11
627.469	1.11
627.804	1.11
628.139	1.1
628.473	1.11
628.808	1.14
629.143	1.15
629.478	1.17
629.812	1.15
630.147	1.15
630.481	1.17
630.816	1.19
631.15	1.21
631.485	1.2
631.819	1.21
632.154	1.21
632.488	1.2
632.822	1.2
633.156	1.16
633.49	1.17
633.824	1.18
634.159	1.16
634.493	1.15
634.826	1.16
635.16	1.17
635.494	1.17
635.828	1.16
636.162	1.14
636.496	1.13
636.829	1.16
637.163	1.17
637.496	1.18
637.83	1.22
638.163	1.22
638.497	1.19
638.83	1.19
639.164	1.16
639.497	1.16
639.83	1.18
640.163	1.18
640.496	1.17
640.83	1.15
641.163	1.16
641.496	1.16
641.829	1.17
642.161	1.17
642.494	1.17
642.827	1.19
643.16	1.22
643.493	1.21
643.825	1.21
644.158	1.21
644.491	1.23
644.823	1.23
645.156	1.22
645.488	1.21
645.82	1.24
646.153	1.22
646.485	1.21
646.817	1.19
647.15	1.2
647.482	1.21
647.814	1.22
648.146	1.23
648.478	1.22
648.81	1.22
649.142	1.23
649.474	1.21
649.806	1.22
650.137	1.22
650.469	1.22
650.801	1.23
651.132	1.23
651.464	1.22
651.796	1.2
652.127	1.2
652.459	1.19
652.79	1.18
653.121	1.18
653.453	1.2
653.784	1.21
654.115	1.22
654.446	1.23
654.777	1.23
655.108	1.26
655.439	1.29
655.77	1.29
656.101	1.28
656.432	1.29
656.763	1.28
657.094	1.27
657.425	1.27
657.755	1.26
658.086	1.25
658.417	1.24
658.747	1.22
659.078	1.2
659.408	1.18
659.738	1.18
660.069	1.16
660.399	1.17
660.729	1.17
661.06	1.17
661.39	1.18
661.72	1.19
662.05	1.19
662.38	1.19
662.71	1.19
663.04	1.21
663.37	1.22
663.7	1.23
664.029	1.23
664.359	1.21
664.689	1.22
665.018	1.19
665.348	1.18
665.678	1.18
666.007	1.19
666.337	1.16
666.666	1.16
666.995	1.18
667.325	1.19
667.654	1.17
667.983	1.19
668.312	1.17
668.641	1.15
668.97	1.12
669.299	1.14
669.628	1.12
669.957	1.14
670.286	1.11
670.615	1.09
670.944	1.1
671.272	1.1
671.601	1.1
671.93	1.14
672.258	1.14
672.587	1.16
672.915	1.14
673.244	1.18
673.572	1.19
673.901	1.2
674.229	1.21
674.557	1.19
674.885	1.24
675.213	1.23
675.541	1.2
675.87	1.24
676.198	1.25
676.525	1.26
676.853	1.24
677.181	1.25
677.509	1.27
677.837	1.28
678.165	1.27
678.492	1.27
678.82	1.29
679.147	1.29
679.475	1.28
679.802	1.28
680.13	1.28
680.457	1.28
680.784	1.26
681.112	1.24
681.439	1.24
681.766	1.25
682.093	1.26
682.42	1.25
682.747	1.25
683.074	1.27
683.401	1.24
683.728	1.23
684.055	1.22
684.382	1.22
684.709	1.23
685.035	1.19
685.362	1.17
685.688	1.16
686.015	1.17
686.341	1.17
686.668	1.15
686.994	1.16
687.321	1.16
687.647	1.2
687.973	1.22
688.299	1.27
688.626	1.29
688.952	1.28
689.278	1.27
689.604	1.25
689.93	1.27
690.256	1.28
690.581	1.32
690.907	1.29
691.233	1.26
691.559	1.24
691.884	1.22
692.21	1.25
692.536	1.3
692.861	1.31
693.187	1.33
693.512	1.3
693.837	1.31
694.163	1.28
694.488	1.34
694.813	1.37
695.138	1.39
695.463	1.36
695.788	1.38
696.113	1.37
696.438	1.42
696.763	1.41
697.088	1.41
697.413	1.4
697.738	1.41
698.063	1.38
698.387	1.34
698.712	1.31
699.036	1.33
699.361	1.28
699.685	1.25
700.01	1.22
700.334	1.23
700.659	1.25
700.983	1.22
701.307	1.21
701.631	1.21
701.955	1.29
702.279	1.36
702.604	1.33
702.927	1.42
703.251	1.51
703.575	1.51
703.899	1.49
704.223	1.46
704.547	1.47
704.87	1.46
705.194	1.47
705.518	1.45
705.841	1.39
706.165	1.43
706.488	1.38
706.811	1.35
707.135	1.35
707.458	1.37
707.781	1.36
708.104	1.37
708.428	1.4
708.751	1.38
709.074	1.36
709.397	1.38
709.72	1.34
710.043	1.32
710.365	1.29
710.688	1.27
711.011	1.28
711.334	1.31
711.656	1.29
711.979	1.26
712.301	1.25
712.624	1.28
712.946	1.25
713.269	1.26
713.591	1.29
713.913	1.31
714.236	1.33
714.558	1.31
714.88	1.33
715.202	1.38
715.524	1.35
715.846	1.37
716.168	1.34
716.49	1.35
716.812	1.36
717.134	1.33
717.455	1.32
717.777	1.33
718.099	1.38
718.42	1.36
718.742	1.37
719.063	1.44
719.385	1.44
719.706	1.41
720.027	1.42
720.349	1.41
720.67	1.43
720.991	1.42
721.312	1.39
721.633	1.33
721.954	1.36
722.275	1.32
722.596	1.26
722.917	1.25
723.238	1.29
723.559	1.32
723.88	1.36
724.2	1.35
724.521	1.42
724.841	1.43
725.162	1.42
725.482	1.41
725.803	1.41
726.123	1.39
726.444	1.41
726.764	1.47
727.084	1.44
727.404	1.44
727.724	1.41
728.044	1.36
728.364	1.31
728.684	1.34
729.004	1.35
729.324	1.39
729.644	1.43
729.964	1.4
730.284	1.36
730.603	1.35
730.923	1.33
731.242	1.33
731.562	1.42
731.881	1.5
732.201	1.52
732.52	1.47
732.84	1.46
733.159	1.46
733.478	1.48
733.797	1.46
734.116	1.48
734.435	1.51
734.754	1.56
735.073	1.53
735.392	1.52
735.711	1.51
736.03	1.54
736.349	1.54
736.667	1.58
736.986	1.58
737.305	1.61
737.623	1.58
737.942	1.49
738.26	1.45
738.579	1.38
738.897	1.36
739.215	1.34
739.533	1.42
739.852	1.42
740.17	1.47
740.488	1.49
740.806	1.52
741.124	1.54
741.442	1.6
741.76	1.57
742.078	1.64
742.395	1.63
742.713	1.65
743.031	1.58
743.348	1.5
743.666	1.39
743.984	1.43
744.301	1.34
744.618	1.33
744.936	1.29
745.253	1.39
745.57	1.34
745.888	1.39
746.205	1.44
746.522	1.43
746.839	1.5
747.156	1.52
747.473	1.42
747.79	1.53
748.107	1.55
748.424	1.56
748.74	1.5
749.057	1.51
749.374	1.55
749.69	1.51
750.007	1.5
750.323	1.53
750.64	1.53
750.956	1.6
751.273	1.59
751.589	1.63
751.905	1.66
752.221	1.68
752.537	1.7
752.854	1.68
753.17	1.69
753.486	1.74
753.801	1.76
754.117	1.76
754.433	1.8
754.749	1.73
755.065	1.73
755.38	1.77
755.696	1.84
756.012	1.85
756.327	1.78
756.643	1.8
756.958	1.82
757.273	1.77
757.589	1.7
757.904	1.67
758.219	1.66
758.534	1.58
758.849	1.47
759.164	1.33
759.479	1.32
759.794	1.37
760.109	1.35
760.424	1.3
760.739	1.38
761.054	1.45
761.368	1.52
761.683	1.55
761.998	1.61
762.312	1.72
762.627	1.75
762.941	1.8
763.255	1.77
763.57	1.77
763.884	1.82
764.198	1.73
764.512	1.7
764.826	1.67
765.141	1.66
765.455	1.68
765.769	1.6
766.082	1.65
766.396	1.59
766.71	1.66
767.024	1.64
767.338	1.58
767.651	1.69
767.965	1.77
768.278	1.74
768.592	1.79
768.905	1.81
769.219	1.89
769.532	1.82
769.845	1.82
770.158	1.78
770.472	1.7
770.785	1.71
771.098	1.68
771.411	1.75
771.724	1.76
772.037	1.78
772.35	1.8
772.662	1.76
772.975	1.78
773.288	1.57
773.601	1.53
773.913	1.75
774.226	1.72
774.538	1.62
774.851	1.56
775.163	1.55
775.475	1.43
775.788	1.23
776.1	1.38
776.412	1.36
776.724	1.57
777.036	1.57
777.348	1.38
777.66	1.46
777.972	1.45
778.284	1.39
778.596	1.47
778.908	1.66
779.219	1.74
779.531	1.62
779.842	1.65
780.154	1.67
780.465	1.72
780.777	1.86
781.088	1.77
781.4	1.84
781.711	1.75
782.022	1.58
782.333	1.59
782.644	1.75
782.956	1.73
783.267	1.81
783.577	1.75
783.888	1.72
784.199	1.77
784.51	1.76
784.821	1.88
785.131	2.02
785.442	2.11
785.753	2.1
786.063	1.99
786.374	2.02
786.684	2.09
786.995	2.24
787.305	2.27
787.615	2.22
787.925	2.27
788.236	2.08
788.546	2.02
788.856	2.12
789.166	2.05
789.476	2.13
789.786	2.15
790.095	2.09
790.405	1.95
790.715	1.93
791.025	1.93
791.334	1.95
791.644	2.18
791.953	2.28
792.263	2.02
792.572	1.87
792.882	1.77
793.191	1.86
793.5	1.67
793.809	1.76
794.119	1.73
794.428	1.72
794.737	1.88
795.046	1.69
795.355	1.61
795.664	1.65
795.972	1.86
796.281	1.83
796.59	1.7
796.899	1.96
797.207	1.87
797.516	1.73
797.824	1.55
798.133	1.55
798.441	1.32
798.749	1.38
799.058	1.49
799.366	1.42
799.674	1.31
799.982	1.26
800.29	0.98
800.598	1.06
800.906	1.11
801.214	1.15
801.522	0.9
801.83	1.05
802.138	1.08
802.445	1.19
802.753	1.16
803.061	1.35
803.368	1.3
803.676	1.47
803.983	1.44
804.291	1.45
804.598	1.38
804.905	1.6
805.212	1.83
805.519	1.7
805.827	1.54
806.134	1.47
806.441	1.49
806.748	1.79
807.055	1.78
807.361	1.62
807.668	1.82
807.975	2.02
808.282	1.95
808.588	2.05
808.895	1.99
809.201	2.04
809.508	2.07
809.814	2
810.12	1.78
810.427	1.87
810.733	2
811.039	1.8
811.345	1.73
811.651	1.58
811.957	1.4
812.263	1.42
812.569	1.63
812.875	1.71
813.181	1.67
813.487	1.69
813.793	1.66
814.098	1.66
814.404	1.58
814.709	1.74
815.015	1.8
815.32	1.81
815.626	1.82
815.931	1.82
816.236	1.88
816.541	1.89
816.847	1.91
817.152	1.82
817.457	1.83
817.762	1.87
818.067	1.88
818.372	1.91
818.676	2.03
818.981	2.06
819.286	1.69
819.591	1.62
819.895	1.84
820.2	1.81
820.504	1.82
820.809	1.83
821.113	1.96
821.417	1.96
821.722	2.06
822.026	2.03
822.33	2.05
822.634	2.21
822.938	2.24
823.242	2.21
823.546	2.18
823.85	2.21
824.154	2.24
824.458	2.24
824.762	2.22
825.065	2.2
825.369	2.24
825.672	2.28
825.976	2.18
826.279	2.13
826.583	2.14
826.886	2.19
827.189	2.14
827.493	2.15
827.796	2.22
828.099	2.29
828.402	2.29
828.705	2.27
829.008	2.18
829.311	2.2
829.614	2.38
829.917	2.38
830.219	2.37
830.522	2.4
830.825	2.44
831.127	2.39
831.43	2.41
831.732	2.48
832.035	2.28
832.337	2.39
832.639	2.37
832.942	2.09
833.244	2.12
833.546	2.2
833.848	2.27
834.15	2.26
834.452	2.2
834.754	2.14
835.056	2.09
835.358	2.28
835.66	2.27
835.961	2.31
836.263	2.47
836.564	2.42
836.866	2.41
837.168	2.41
837.469	2.46
837.77	2.48
838.072	2.5
838.373	2.51
838.674	2.47
838.975	2.53
839.276	2.42
839.577	1.95
839.878	2.1
840.179	2.26
840.48	2.21
840.781	2.17
841.082	2.22
841.382	2.23
841.683	2.12
841.984	2.05
842.284	2.07
842.585	1.98
842.885	2.06
843.185	2.1
843.486	1.77
843.786	1.86
844.086	1.82
844.386	1.75
844.687	1.99
844.987	2.19
845.287	2.32
845.586	2.49
845.886	2.82
846.186	3.07
846.486	3.13
846.786	3.11
847.085	2.99
847.385	2.98
847.684	3.08
847.984	3.17
848.283	2.99
848.583	2.88
848.882	2.85
849.181	2.37
849.48	2.83
849.78	2.36
850.079	2.36
850.378	2.19
850.677	2.53
850.976	2.55
851.274	2.07
851.573	2.33
851.872	2.4
852.171	2.22
852.469	2.94
852.768	2.57
853.066	2.66
853.365	2.59
853.663	2.59
853.962	2.28
854.26	2.62
854.558	2.57
854.856	2.78
855.155	2.86
855.453	2.82
855.751	2.63
856.049	2.53
856.347	2.16
856.644	2.52
856.942	2.44
857.24	2.17
857.538	2.65
857.835	2.37
858.133	1.97
858.43	1.08
858.728	0.74
859.025	0.56
859.323	0.84
859.62	1.24
859.917	1.09
860.214	1.6
860.511	1.61
860.808	1.18
861.105	1.42
861.402	1
861.699	1.8
861.996	1.99
862.293	1.58
862.59	0.57
862.886	-0.04
863.183	0.09
863.479	-0.39
863.776	-0.63
864.072	-0.94
864.369	-1.1
864.665	-0.56
864.961	-0.68
865.258	-0.91
865.554	-0.51
865.85	-0.21
866.146	0.87
866.442	0.92
866.738	1.11
867.034	0.97
867.33	0.74
867.625	0.31
867.921	0.12
868.217	0.17
868.512	0.96
868.808	1.41
869.103	1.13
869.399	0.24
869.694	-0.32
869.989	0.16
870.285	0.05
870.58	0.4
870.875	1.22
871.17	1.38
871.465	1.61
871.76	1.24
872.055	1.08
872.35	2.1
872.645	2.75
872.939	3.07
873.234	3.24
873.529	3.65
873.823	3.96
874.118	4.04
874.412	4.11
874.707	3.87
875.001	4.1
875.295	3.74
875.589	3.8
875.884	3.63
876.178	4.1
876.472	4.29
876.766	5.11
877.06	4.37
877.354	4.55
877.647	4.66
877.941	5
878.235	5.06
878.529	5.58
878.822	5.52
879.116	5.96
879.409	5.98
