178.05	-136.16
178.433	-24.06
178.815	-43.22
179.197	-60.23
179.579	-15.57
179.962	-33.5
180.344	81.48
180.726	119.34
181.108	194.36
181.49	239.61
181.872	172.35
182.254	2780.7
182.636	-24.06
183.018	-20.53
183.4	-103.96
183.782	-27.1
184.164	-71.86
184.546	-207.75
184.928	628.63
185.309	-224.61
185.691	-139.1
186.073	-194.97
186.455	-53.34
186.836	-82.16
187.218	-80.29
187.599	-46.9
187.981	-29.5
188.363	-7.76
188.744	-5.8
189.126	2.43
189.507	1.17
189.889	6.13
190.27	7.42
190.651	-1.52
191.033	4.33
191.414	6.21
191.795	8.76
192.176	8.16
192.558	6.19
192.939	6.51
193.32	2.44
193.701	0.64
194.082	3.58
194.463	3.71
194.844	11.57
195.225	7.62
195.606	5.39
195.987	6.59
196.368	8.87
196.749	4.88
197.13	5.23
197.511	13.25
197.892	19.69
198.272	13.62
198.653	19.69
199.034	20.38
199.414	20.36
199.795	25.78
200.176	23.17
200.556	22.84
200.937	24.5
201.317	25.38
201.698	20.51
202.078	15.2
202.459	18.35
202.839	12.37
203.22	18.08
203.6	16.27
203.98	14.56
204.36	14.18
204.741	11.01
205.121	13.26
205.501	12.76
205.881	14.57
206.261	11.72
206.642	15.67
207.022	20.27
207.402	13.27
207.782	15.49
208.162	13.94
208.542	12.27
208.921	15.32
209.301	18.11
209.681	15.34
210.061	8.45
210.441	14.12
210.821	9.43
211.2	9.9
211.58	8.36
211.96	9.04
212.339	7.7
212.719	11.9
213.098	11.1
213.478	8.75
213.858	11.4
214.237	14.76
214.616	12.59
214.996	14.69
215.375	10.08
215.755	14.25
216.134	9.84
216.513	10.28
216.893	9.69
217.272	7.4
217.651	-0.01
218.03	0.33
218.409	2.6
218.788	-0.6
219.167	-0.24
219.547	5.37
219.926	-0.01
220.305	5.53
220.684	7
221.062	2.5
221.441	3.38
221.82	5.84
222.199	4.63
222.578	3.85
222.957	6.68
223.335	-1.88
223.714	-6.28
224.093	-3.45
224.471	-2.84
224.85	-2.28
225.229	3.04
225.607	4.6
225.986	5.54
226.364	7.69
226.743	10.14
227.121	12.66
227.499	15.51
227.878	16.01
228.256	16.11
228.634	13.74
229.013	13.36
229.391	12.91
229.769	13.04
230.147	11.81
230.525	9.47
230.904	8.6
231.282	7.24
231.66	6.03
232.038	5.03
232.416	4.08
232.794	4.76
233.172	3.03
233.549	1.47
233.927	0.92
234.305	2.18
234.683	3.53
235.061	3.63
235.438	4.14
235.816	5.58
236.194	6.03
236.571	5.92
236.949	5.57
237.327	7.02
237.704	7.99
238.082	7.39
238.459	7.05
238.837	6.89
239.214	6.33
239.591	5.35
239.969	4.32
240.346	3.7
240.723	3.87
241.101	3.93
241.478	3.23
241.855	2.86
242.232	3.12
242.609	3.21
242.987	2.94
243.364	2.63
243.741	2.76
244.118	2.74
244.495	2.45
244.872	1.92
245.248	1.7
245.625	1.72
246.002	1.77
246.379	1.69
246.756	1.59
247.133	1.78
247.509	1.96
247.886	1.84
248.263	1.8
248.639	1.88
249.016	2.03
249.392	2.12
249.769	2.1
250.145	2.12
250.522	2.17
250.898	2.23
251.275	2
251.651	1.77
252.027	1.92
252.404	1.93
252.78	1.92
253.156	1.9
253.532	1.82
253.909	1.92
254.285	1.94
254.661	1.81
255.037	1.98
255.413	2.03
255.789	2.26
256.165	2.31
256.541	2.53
256.917	2.52
257.293	2.45
257.668	2.62
258.044	2.35
258.42	2.09
258.796	2
259.172	1.86
259.547	1.85
259.923	1.83
260.299	1.67
260.674	1.57
261.05	1.54
261.425	1.51
261.801	1.42
262.176	1.5
262.552	1.49
262.927	1.47
263.302	1.43
263.678	1.49
264.053	1.35
264.428	1.38
264.803	1.4
265.179	1.56
265.554	1.48
265.929	1.35
266.304	1.26
266.679	1.42
267.054	1.48
267.429	1.55
267.804	1.48
268.179	1.64
268.554	1.74
268.929	1.78
269.304	1.69
269.678	1.72
270.053	1.77
270.428	1.84
270.803	1.79
271.177	1.82
271.552	1.8
271.927	1.81
272.301	1.77
272.676	1.82
273.05	1.75
273.425	1.65
273.799	1.69
274.174	1.7
274.548	1.7
274.922	1.69
275.297	1.64
275.671	1.61
276.045	1.61
276.419	1.66
276.793	1.65
277.168	1.75
277.542	1.92
277.916	1.88
278.29	1.85
278.664	1.87
279.038	1.83
279.412	1.93
279.786	1.88
280.16	1.92
280.533	1.85
280.907	1.78
281.281	1.83
281.655	1.79
282.029	1.79
282.402	1.82
282.776	1.74
283.149	1.72
283.523	1.61
283.897	1.58
284.27	1.5
284.644	1.46
285.017	1.53
285.39	1.48
285.764	1.52
286.137	1.57
286.51	1.5
286.884	1.56
287.257	1.54
287.63	1.57
288.003	1.66
288.377	1.7
288.75	1.77
289.123	1.72
289.496	1.65
289.869	1.6
290.242	1.55
290.615	1.61
290.988	1.52
291.361	1.5
291.733	1.44
292.106	1.38
292.479	1.34
292.852	1.37
293.224	1.33
293.597	1.36
293.97	1.39
294.342	1.4
294.715	1.37
295.087	1.37
295.46	1.38
295.832	1.45
296.205	1.47
296.577	1.46
296.95	1.43
297.322	1.49
297.694	1.52
298.067	1.5
298.439	1.5
298.811	1.48
299.183	1.54
299.555	1.54
299.927	1.51
300.299	1.52
300.672	1.54
301.044	1.54
301.415	1.51
301.787	1.49
302.159	1.48
302.531	1.49
302.903	1.53
303.275	1.47
303.647	1.51
304.018	1.51
304.39	1.48
304.762	1.51
305.133	1.47
305.505	1.49
305.876	1.48
306.248	1.51
306.619	1.49
306.991	1.5
307.362	1.49
307.734	1.48
308.105	1.54
308.476	1.59
308.848	1.56
309.219	1.58
309.59	1.5
309.961	1.52
310.332	1.55
310.704	1.53
311.075	1.54
311.446	1.55
311.817	1.59
312.188	1.59
312.559	1.59
312.929	1.62
313.3	1.64
313.671	1.63
314.042	1.62
314.413	1.53
314.784	1.6
315.154	1.62
315.525	1.56
315.896	1.52
316.266	1.45
316.637	1.31
317.007	1.27
317.378	1.22
317.748	1.31
318.119	1.43
318.489	1.51
318.859	1.53
319.23	1.59
319.6	1.72
319.97	1.82
320.34	1.83
320.711	1.97
321.081	1.99
321.451	1.98
321.821	1.86
322.191	1.8
322.561	1.75
322.931	1.67
323.301	1.64
323.671	1.61
324.041	1.57
324.41	1.53
324.78	1.48
325.15	1.43
325.52	1.5
325.889	1.57
326.259	1.56
326.629	1.61
326.998	1.67
327.368	1.59
327.737	1.55
328.107	1.58
328.476	1.69
328.846	1.68
329.215	1.7
329.584	1.69
329.954	1.68
330.323	1.7
330.692	1.63
331.061	1.59
331.431	1.69
331.8	1.75
332.169	1.68
332.538	1.57
332.907	1.62
333.276	1.64
333.645	1.6
334.014	1.65
334.383	1.61
334.752	1.62
335.12	1.63
335.489	1.58
335.858	1.57
336.227	1.61
336.595	1.63
336.964	1.58
337.333	1.59
337.701	1.6
338.07	1.56
338.438	1.55
338.807	1.57
339.175	1.58
339.543	1.6
339.912	1.57
340.28	1.5
340.648	1.52
341.017	1.53
341.385	1.5
341.753	1.49
342.121	1.46
342.489	1.46
342.857	1.44
343.225	1.41
343.593	1.38
343.961	1.37
344.329	1.44
344.697	1.44
345.065	1.47
345.433	1.52
345.801	1.54
346.169	1.59
346.536	1.63
346.904	1.63
347.272	1.66
347.639	1.67
348.007	1.65
348.374	1.57
348.742	1.57
349.109	1.56
349.477	1.52
349.844	1.47
350.211	1.42
350.579	1.42
350.946	1.43
351.313	1.45
351.681	1.48
352.048	1.53
352.415	1.54
352.782	1.54
353.149	1.55
353.516	1.49
353.883	1.54
354.25	1.6
354.617	1.56
354.984	1.53
355.351	1.49
355.718	1.46
356.084	1.44
356.451	1.45
356.818	1.44
357.185	1.42
357.551	1.44
357.918	1.4
358.284	1.37
358.651	1.36
359.017	1.36
359.384	1.4
359.75	1.36
360.117	1.36
360.483	1.39
360.849	1.38
361.216	1.42
361.582	1.44
361.948	1.47
362.314	1.43
362.68	1.43
363.047	1.45
363.413	1.4
363.779	1.43
364.145	1.43
364.511	1.42
364.877	1.44
365.242	1.4
365.608	1.41
365.974	1.4
366.34	1.42
366.706	1.44
367.071	1.44
367.437	1.48
367.803	1.51
368.168	1.5
368.534	1.53
368.899	1.51
369.265	1.53
369.63	1.52
369.996	1.5
370.361	1.51
370.726	1.49
371.092	1.52
371.457	1.49
371.822	1.48
372.187	1.51
372.552	1.47
372.918	1.46
373.283	1.45
373.648	1.45
374.013	1.48
374.378	1.49
374.743	1.49
375.108	1.48
375.472	1.5
375.837	1.48
376.202	1.46
376.567	1.46
376.932	1.46
377.296	1.47
377.661	1.47
378.025	1.44
378.39	1.43
378.755	1.41
379.119	1.39
379.484	1.39
379.848	1.38
380.212	1.4
380.577	1.43
380.941	1.44
381.305	1.44
381.669	1.44
382.034	1.46
382.398	1.48
382.762	1.49
383.126	1.49
383.49	1.46
383.854	1.46
384.218	1.47
384.582	1.45
384.946	1.46
385.31	1.46
385.674	1.47
386.037	1.48
386.401	1.45
386.765	1.46
387.129	1.46
387.492	1.45
387.856	1.46
388.219	1.45
388.583	1.47
388.946	1.46
389.31	1.44
389.673	1.43
390.037	1.44
390.4	1.45
390.763	1.45
391.127	1.47
391.49	1.49
391.853	1.48
392.216	1.48
392.579	1.48
392.942	1.47
393.306	1.47
393.669	1.46
394.031	1.45
394.394	1.45
394.757	1.45
395.12	1.44
395.483	1.43
395.846	1.45
396.209	1.44
396.571	1.45
396.934	1.46
397.297	1.46
397.659	1.48
398.022	1.48
398.384	1.48
398.747	1.49
399.109	1.49
399.472	1.49
399.834	1.49
400.196	1.47
400.559	1.45
400.921	1.46
401.283	1.45
401.645	1.45
402.007	1.48
402.37	1.48
402.732	1.48
403.094	1.46
403.456	1.45
403.818	1.44
404.18	1.47
404.541	1.48
404.903	1.48
405.265	1.49
405.627	1.49
405.989	1.47
406.35	1.47
406.712	1.47
407.074	1.48
407.435	1.49
407.797	1.49
408.158	1.5
408.52	1.49
408.881	1.49
409.242	1.49
409.604	1.49
409.965	1.51
410.326	1.52
410.688	1.53
411.049	1.52
411.41	1.51
411.771	1.51
412.132	1.51
412.493	1.52
412.854	1.53
413.215	1.54
413.576	1.55
413.937	1.53
414.298	1.52
414.659	1.52
415.02	1.53
415.38	1.53
415.741	1.53
416.102	1.52
416.462	1.52
416.823	1.51
417.183	1.5
417.544	1.5
417.904	1.51
418.265	1.51
418.625	1.51
418.986	1.51
419.346	1.51
419.706	1.51
420.067	1.5
420.427	1.5
420.787	1.5
421.147	1.5
421.507	1.49
421.867	1.49
422.227	1.48
422.587	1.49
422.947	1.48
423.307	1.49
423.667	1.48
424.027	1.48
424.386	1.48
424.746	1.48
425.106	1.48
425.466	1.49
425.825	1.5
426.185	1.5
426.544	1.5
426.904	1.51
427.263	1.5
427.623	1.51
427.982	1.52
428.342	1.52
428.701	1.52
429.06	1.52
429.419	1.52
429.779	1.51
430.138	1.51
430.497	1.5
430.856	1.49
431.215	1.49
431.574	1.49
431.933	1.49
432.292	1.49
432.651	1.49
433.01	1.5
433.369	1.5
433.727	1.5
434.086	1.5
434.445	1.51
434.803	1.5
435.162	1.5
435.521	1.5
435.879	1.51
436.238	1.51
436.596	1.51
436.955	1.51
437.313	1.51
437.671	1.51
438.03	1.5
438.388	1.51
438.746	1.52
439.104	1.52
439.462	1.52
439.821	1.51
440.179	1.51
440.537	1.51
440.895	1.5
441.253	1.5
441.611	1.5
441.968	1.51
442.326	1.51
442.684	1.51
443.042	1.51
443.4	1.51
443.757	1.51
444.115	1.51
444.473	1.51
444.83	1.52
445.188	1.52
445.545	1.52
445.903	1.52
446.26	1.52
446.617	1.52
446.975	1.52
447.332	1.52
447.689	1.52
448.046	1.52
448.404	1.52
448.761	1.51
449.118	1.51
449.475	1.51
449.832	1.51
450.189	1.51
450.546	1.51
450.903	1.51
451.26	1.52
451.616	1.51
451.973	1.52
452.33	1.52
452.687	1.53
453.043	1.54
453.4	1.54
453.757	1.54
454.113	1.54
454.47	1.54
454.826	1.54
455.182	1.54
455.539	1.53
455.895	1.54
456.251	1.54
456.608	1.53
456.964	1.53
457.32	1.52
457.676	1.51
458.032	1.51
458.388	1.52
458.744	1.53
459.1	1.53
459.456	1.54
459.812	1.53
460.168	1.54
460.524	1.53
460.88	1.54
461.236	1.54
461.591	1.55
461.947	1.55
462.303	1.55
462.658	1.53
463.014	1.52
463.369	1.52
463.725	1.51
464.08	1.51
464.435	1.52
464.791	1.51
465.146	1.52
465.501	1.52
465.857	1.51
466.212	1.51
466.567	1.52
466.922	1.53
467.277	1.53
467.632	1.54
467.987	1.54
468.342	1.55
468.697	1.55
469.052	1.54
469.407	1.55
469.761	1.55
470.116	1.55
470.471	1.55
470.825	1.56
471.18	1.56
471.535	1.56
471.889	1.55
472.244	1.54
472.598	1.55
472.953	1.56
473.307	1.56
473.661	1.55
474.016	1.57
474.37	1.57
474.724	1.57
475.078	1.57
475.432	1.56
475.787	1.56
476.141	1.58
476.495	1.58
476.849	1.57
477.203	1.57
477.556	1.58
477.91	1.57
478.264	1.57
478.618	1.57
478.972	1.57
479.325	1.58
479.679	1.58
480.033	1.57
480.386	1.57
480.74	1.57
481.093	1.57
481.447	1.57
481.8	1.62
482.153	1.73
482.507	1.86
482.86	1.95
483.213	2
483.566	1.99
483.92	1.96
484.273	1.94
484.626	1.92
484.979	1.91
485.332	1.91
485.685	1.9
486.038	1.85
486.391	1.78
486.743	1.7
487.096	1.66
487.449	1.64
487.802	1.64
488.154	1.65
488.507	1.66
488.86	1.67
489.212	1.67
489.565	1.65
489.917	1.63
490.269	1.61
490.622	1.6
490.974	1.59
491.327	1.6
491.679	1.62
492.031	1.63
492.383	1.63
492.735	1.63
493.087	1.63
493.439	1.63
493.791	1.61
494.143	1.6
494.495	1.59
494.847	1.59
495.199	1.58
495.551	1.58
495.903	1.57
496.254	1.58
496.606	1.57
496.958	1.58
497.309	1.58
497.661	1.59
498.012	1.59
498.364	1.59
498.715	1.59
499.067	1.59
499.418	1.6
499.769	1.61
500.121	1.6
500.472	1.61
500.823	1.6
501.174	1.6
501.525	1.6
501.876	1.61
502.227	1.61
502.578	1.6
502.929	1.6
503.28	1.6
503.631	1.6
503.982	1.61
504.333	1.61
504.683	1.62
505.034	1.61
505.385	1.62
505.735	1.62
506.086	1.62
506.437	1.62
506.787	1.62
507.137	1.62
507.488	1.61
507.838	1.61
508.188	1.62
508.539	1.62
508.889	1.62
509.239	1.62
509.589	1.62
509.939	1.62
510.29	1.62
510.64	1.62
510.99	1.61
511.339	1.61
511.689	1.61
512.039	1.61
512.389	1.6
512.739	1.6
513.089	1.6
513.438	1.6
513.788	1.6
514.137	1.59
514.487	1.59
514.837	1.61
515.186	1.61
515.535	1.62
515.885	1.61
516.234	1.62
516.584	1.63
516.933	1.63
517.282	1.63
517.631	1.64
517.98	1.64
518.329	1.65
518.678	1.64
519.028	1.64
519.376	1.64
519.725	1.64
520.074	1.64
520.423	1.65
520.772	1.66
521.121	1.66
521.469	1.66
521.818	1.67
522.167	1.66
522.515	1.66
522.864	1.65
523.212	1.66
523.561	1.66
523.909	1.66
524.258	1.66
524.606	1.66
524.954	1.66
525.303	1.66
525.651	1.66
525.999	1.66
526.347	1.65
526.695	1.68
527.043	1.72
527.391	1.77
527.739	1.8
528.087	1.82
528.435	1.81
528.783	1.79
529.131	1.78
529.478	1.78
529.826	1.78
530.174	1.79
530.521	1.78
530.869	1.75
531.216	1.7
531.564	1.65
531.911	1.63
532.259	1.64
532.606	1.66
532.953	1.67
533.301	1.66
533.648	1.67
533.995	1.66
534.342	1.67
534.689	1.67
535.036	1.67
535.383	1.67
535.73	1.67
536.077	1.66
536.424	1.65
536.771	1.66
537.118	1.66
537.465	1.67
537.811	1.68
538.158	1.67
538.505	1.68
538.851	1.67
539.198	1.67
539.544	1.68
539.891	1.69
540.237	1.7
540.584	1.7
540.93	1.7
541.276	1.7
541.622	1.69
541.969	1.69
542.315	1.69
542.661	1.69
543.007	1.69
543.353	1.69
543.699	1.68
544.045	1.68
544.391	1.67
544.737	1.67
545.083	1.67
545.428	1.67
545.774	1.67
546.12	1.67
546.465	1.67
546.811	1.68
547.157	1.67
547.502	1.67
547.848	1.67
548.193	1.67
548.538	1.68
548.884	1.69
549.229	1.7
549.574	1.7
549.919	1.69
550.265	1.69
550.61	1.69
550.955	1.7
551.3	1.7
551.645	1.7
551.99	1.68
552.335	1.69
552.68	1.68
553.024	1.67
553.369	1.68
553.714	1.69
554.059	1.67
554.403	1.67
554.748	1.67
555.092	1.67
555.437	1.68
555.781	1.68
556.126	1.69
556.47	1.69
556.815	1.69
557.159	1.69
557.503	1.68
557.847	1.7
558.191	1.69
558.536	1.7
558.88	1.69
559.224	1.69
559.568	1.7
559.912	1.68
560.256	1.68
560.599	1.69
560.943	1.7
561.287	1.71
561.631	1.71
561.974	1.71
562.318	1.71
562.662	1.71
563.005	1.7
563.349	1.71
563.692	1.71
564.036	1.71
564.379	1.71
564.722	1.71
565.066	1.72
565.409	1.71
565.752	1.72
566.095	1.71
566.438	1.72
566.781	1.73
567.124	1.73
567.467	1.73
567.81	1.73
568.153	1.73
568.496	1.73
568.839	1.73
569.182	1.72
569.524	1.72
569.867	1.72
570.21	1.7
570.552	1.7
570.895	1.7
571.237	1.7
571.58	1.7
571.922	1.69
572.265	1.69
572.607	1.68
572.949	1.69
573.291	1.69
573.634	1.69
573.976	1.71
574.318	1.71
574.66	1.71
575.002	1.7
575.344	1.72
575.686	1.71
576.028	1.69
576.369	1.7
576.711	1.69
577.053	1.7
577.395	1.7
577.736	1.7
578.078	1.7
578.42	1.7
578.761	1.71
579.103	1.69
579.444	1.71
579.785	1.71
580.127	1.72
580.468	1.72
580.809	1.71
581.15	1.73
581.492	1.73
581.833	1.73
582.174	1.73
582.515	1.73
582.856	1.74
583.197	1.74
583.538	1.76
583.879	1.76
584.219	1.76
584.56	1.78
584.901	1.78
585.241	1.79
585.582	1.79
585.923	1.81
586.263	1.81
586.604	1.81
586.944	1.82
587.285	1.82
587.625	1.8
587.965	1.81
588.306	1.81
588.646	1.8
588.986	1.81
589.326	1.81
589.666	1.79
590.006	1.79
590.346	1.79
590.686	1.79
591.026	1.78
591.366	1.79
591.706	1.8
592.046	1.8
592.385	1.8
592.725	1.77
593.065	1.78
593.404	1.78
593.744	1.77
594.083	1.78
594.423	1.79
594.762	1.79
595.101	1.79
595.441	1.78
595.78	1.78
596.119	1.77
596.459	1.78
596.798	1.77
597.137	1.77
597.476	1.78
597.815	1.78
598.154	1.78
598.493	1.79
598.832	1.79
599.17	1.79
599.509	1.79
599.848	1.8
600.187	1.81
600.525	1.82
600.864	1.85
601.202	1.85
601.541	1.85
601.879	1.85
602.218	1.84
602.556	1.84
602.895	1.84
603.233	1.84
603.571	1.82
603.909	1.81
604.247	1.82
604.585	1.8
604.924	1.8
605.262	1.79
605.599	1.79
605.937	1.79
606.275	1.79
606.613	1.8
606.951	1.78
607.289	1.8
607.626	1.81
607.964	1.8
608.302	1.79
608.639	1.78
608.977	1.79
609.314	1.79
609.652	1.79
609.989	1.79
610.326	1.8
610.663	1.81
611.001	1.81
611.338	1.81
611.675	1.81
612.012	1.83
612.349	1.82
612.686	1.81
613.023	1.8
613.36	1.81
613.697	1.82
614.034	1.79
614.371	1.78
614.707	1.79
615.044	1.78
615.381	1.78
615.717	1.77
616.054	1.78
616.39	1.79
616.727	1.78
617.063	1.78
617.399	1.78
617.736	1.79
618.072	1.79
618.408	1.8
618.744	1.81
619.081	1.82
619.417	1.82
619.753	1.82
620.089	1.81
620.425	1.82
620.761	1.82
621.096	1.83
621.432	1.84
621.768	1.84
622.104	1.82
622.439	1.82
622.775	1.82
623.111	1.82
623.446	1.83
623.782	1.85
624.117	1.86
624.452	1.86
624.788	1.86
625.123	1.84
625.458	1.84
625.793	1.83
626.129	1.84
626.464	1.84
626.799	1.83
627.134	1.84
627.469	1.84
627.804	1.85
628.139	1.86
628.473	1.86
628.808	1.88
629.143	1.89
629.478	1.92
629.812	1.9
630.147	1.92
630.481	1.96
630.816	1.95
631.15	1.95
631.485	1.95
631.819	1.94
632.154	1.95
632.488	1.93
632.822	1.94
633.156	1.92
633.49	1.92
633.824	1.9
634.159	1.88
634.493	1.88
634.826	1.89
635.16	1.9
635.494	1.9
635.828	1.88
636.162	1.88
636.496	1.87
636.829	1.89
637.163	1.88
637.496	1.91
637.83	1.92
638.163	1.92
638.497	1.89
638.83	1.87
639.164	1.87
639.497	1.89
639.83	1.89
640.163	1.88
640.496	1.86
640.83	1.87
641.163	1.88
641.496	1.88
641.829	1.9
642.161	1.92
642.494	1.92
642.827	1.93
643.16	1.94
643.493	1.95
643.825	1.97
644.158	1.99
644.491	1.99
644.823	1.98
645.156	2
645.488	2.01
645.82	2.02
646.153	2.01
646.485	1.99
646.817	1.95
647.15	1.95
647.482	1.93
647.814	1.94
648.146	1.93
648.478	1.93
648.81	1.93
649.142	1.93
649.474	1.93
649.806	1.94
650.137	1.95
650.469	1.93
650.801	1.95
651.132	1.97
651.464	1.95
651.796	1.96
652.127	1.97
652.459	1.96
652.79	1.96
653.121	1.98
653.453	1.97
653.784	1.97
654.115	2.04
654.446	2.05
654.777	2.03
655.108	2.05
655.439	2.06
655.77	2.07
656.101	2.06
656.432	2.06
656.763	2.03
657.094	2.04
657.425	2.05
657.755	2.03
658.086	2.02
658.417	2.03
658.747	2
659.078	2
659.408	1.98
659.738	1.99
660.069	1.96
660.399	1.97
660.729	1.97
661.06	1.96
661.39	1.97
661.72	1.98
662.05	1.99
662.38	2.02
662.71	2.04
663.04	2.01
663.37	2.01
663.7	2.04
664.029	2.04
664.359	2.01
664.689	2.03
665.018	1.97
665.348	1.95
665.678	1.91
666.007	1.9
666.337	1.88
666.666	1.9
666.995	1.93
667.325	1.92
667.654	1.88
667.983	1.9
668.312	1.87
668.641	1.89
668.97	1.89
669.299	1.91
669.628	1.91
669.957	1.89
670.286	1.88
670.615	1.87
670.944	1.91
671.272	1.97
671.601	1.99
671.93	2.02
672.258	2.02
672.587	2.01
672.915	2.01
673.244	2.02
673.572	2.04
673.901	2.03
674.229	2.03
674.557	2
674.885	1.97
675.213	1.95
675.541	1.93
675.87	1.91
676.198	1.95
676.525	1.98
676.853	1.98
677.181	1.98
677.509	2.01
677.837	2.01
678.165	2.04
678.492	2.07
678.82	2.08
679.147	2.11
679.475	2.11
679.802	2.11
680.13	2.12
680.457	2.1
680.784	2.1
681.112	2.09
681.439	2.1
681.766	2.09
682.093	2.09
682.42	2.07
682.747	2.05
683.074	2.08
683.401	2.04
683.728	2.01
684.055	2
684.382	2
684.709	2.01
685.035	1.99
685.362	1.98
685.688	1.98
686.015	2.02
686.341	2.04
686.668	2.03
686.994	2.04
687.321	2.03
687.647	2.08
687.973	2.11
688.299	2.13
688.626	2.17
688.952	2.15
689.278	2.16
689.604	2.15
689.93	2.14
690.256	2.14
690.581	2.2
690.907	2.22
691.233	2.19
691.559	2.18
691.884	2.17
692.21	2.14
692.536	2.16
692.861	2.14
693.187	2.17
693.512	2.17
693.837	2.23
694.163	2.2
694.488	2.21
694.813	2.2
695.138	2.19
695.463	2.19
695.788	2.18
696.113	2.15
696.438	2.17
696.763	2.16
697.088	2.17
697.413	2.14
697.738	2.14
698.063	2.12
698.387	2.12
698.712	2.12
699.036	2.13
699.361	2.12
699.685	2.11
700.01	2.1
700.334	2.1
700.659	2.1
700.983	2.09
701.307	2.11
701.631	2.14
701.955	2.19
702.279	2.25
702.604	2.24
702.927	2.31
703.251	2.38
703.575	2.36
703.899	2.37
704.223	2.35
704.547	2.35
704.87	2.35
705.194	2.35
705.518	2.36
705.841	2.33
706.165	2.36
706.488	2.38
706.811	2.38
707.135	2.39
707.458	2.4
707.781	2.39
708.104	2.43
708.428	2.43
708.751	2.43
709.074	2.4
709.397	2.38
709.72	2.3
710.043	2.24
710.365	2.24
710.688	2.28
711.011	2.28
711.334	2.32
711.656	2.3
711.979	2.28
712.301	2.25
712.624	2.28
712.946	2.3
713.269	2.38
713.591	2.38
713.913	2.4
714.236	2.35
714.558	2.36
714.88	2.4
715.202	2.42
715.524	2.42
715.846	2.44
716.168	2.4
716.49	2.37
716.812	2.36
717.134	2.42
717.455	2.41
717.777	2.43
718.099	2.43
718.42	2.36
718.742	2.37
719.063	2.36
719.385	2.34
719.706	2.31
720.027	2.36
720.349	2.34
720.67	2.28
720.991	2.3
721.312	2.29
721.633	2.26
721.954	2.33
722.275	2.35
722.596	2.37
722.917	2.4
723.238	2.44
723.559	2.39
723.88	2.44
724.2	2.47
724.521	2.46
724.841	2.44
725.162	2.45
725.482	2.38
725.803	2.39
726.123	2.31
726.444	2.29
726.764	2.33
727.084	2.36
727.404	2.35
727.724	2.33
728.044	2.36
728.364	2.35
728.684	2.33
729.004	2.34
729.324	2.35
729.644	2.43
729.964	2.47
730.284	2.44
730.603	2.48
730.923	2.45
731.242	2.46
731.562	2.46
731.881	2.54
732.201	2.57
732.52	2.55
732.84	2.49
733.159	2.44
733.478	2.43
733.797	2.44
734.116	2.39
734.435	2.4
734.754	2.41
735.073	2.42
735.392	2.33
735.711	2.32
736.03	2.36
736.349	2.39
736.667	2.46
736.986	2.47
737.305	2.52
737.623	2.51
737.942	2.5
738.26	2.45
738.579	2.39
738.897	2.43
739.215	2.37
739.533	2.38
739.852	2.38
740.17	2.39
740.488	2.38
740.806	2.34
741.124	2.36
741.442	2.35
741.76	2.37
742.078	2.48
742.395	2.47
742.713	2.49
743.031	2.48
743.348	2.4
743.666	2.33
743.984	2.36
744.301	2.37
744.618	2.37
744.936	2.4
745.253	2.42
745.57	2.3
745.888	2.37
746.205	2.44
746.522	2.44
746.839	2.52
747.156	2.56
747.473	2.44
747.79	2.5
748.107	2.48
748.424	2.44
748.74	2.49
749.057	2.58
749.374	2.56
749.69	2.52
750.007	2.48
750.323	2.47
750.64	2.46
750.956	2.5
751.273	2.47
751.589	2.55
751.905	2.61
752.221	2.55
752.537	2.47
752.854	2.47
753.17	2.57
753.486	2.67
753.801	2.68
754.117	2.63
754.433	2.72
754.749	2.64
755.065	2.65
755.38	2.66
755.696	2.65
756.012	2.67
756.327	2.68
756.643	2.62
756.958	2.64
757.273	2.57
757.589	2.58
757.904	2.52
758.219	2.52
758.534	2.45
758.849	2.37
759.164	2.31
759.479	2.34
759.794	2.31
760.109	2.35
760.424	2.26
760.739	2.34
761.054	2.4
761.368	2.49
761.683	2.51
761.998	2.53
762.312	2.58
762.627	2.65
762.941	2.64
763.255	2.66
763.57	2.63
763.884	2.65
764.198	2.57
764.512	2.55
764.826	2.55
765.141	2.56
765.455	2.57
765.769	2.53
766.082	2.5
766.396	2.47
766.71	2.55
767.024	2.62
767.338	2.64
767.651	2.71
767.965	2.74
768.278	2.74
768.592	2.84
768.905	2.86
769.219	2.98
769.532	3
769.845	3.03
770.158	3.01
770.472	2.88
770.785	2.95
771.098	3
771.411	3.11
771.724	3.04
772.037	3.02
772.35	3.08
772.662	3.02
772.975	3.09
773.288	3.09
773.601	2.99
773.913	3.13
774.226	3.14
774.538	3.24
774.851	3.24
775.163	3.3
775.475	3.27
775.788	3.27
776.1	3.3
776.412	3.2
776.724	3.33
777.036	3.41
777.348	3.35
777.66	3.36
777.972	3.22
778.284	3.12
778.596	3.1
778.908	3.09
779.219	3.1
779.531	3.22
779.842	3.32
780.154	3.18
780.465	3.05
780.777	3.09
781.088	3.01
781.4	3.06
781.711	3.01
782.022	2.94
782.333	2.99
782.644	2.87
782.956	2.7
783.267	2.77
783.577	2.77
783.888	2.76
784.199	2.67
784.51	2.51
784.821	2.56
785.131	2.69
785.442	2.83
785.753	2.78
786.063	2.88
786.374	2.77
786.684	2.75
786.995	2.92
787.305	2.99
787.615	3.08
787.925	3.14
788.236	2.99
788.546	2.95
788.856	2.89
789.166	3
789.476	3.06
789.786	3.25
790.095	3.24
790.405	3.12
790.715	3.01
791.025	3.07
791.334	3.18
791.644	3.37
791.953	3.5
792.263	3.41
792.572	3.27
792.882	3.26
793.191	3.36
793.5	3.22
793.809	3.21
794.119	3.2
794.428	3.13
794.737	3.28
795.046	3.26
795.355	3.16
795.664	3.19
795.972	3.24
796.281	3.24
796.59	3.21
796.899	3.37
797.207	3.43
797.516	3.46
797.824	3.36
798.133	3.33
798.441	3.12
798.749	3.18
799.058	3.28
799.366	3.38
799.674	3.12
799.982	2.97
800.29	2.61
800.598	2.61
800.906	2.7
801.214	2.77
801.522	2.55
801.83	2.64
802.138	2.63
802.445	2.66
802.753	2.37
803.061	2.69
803.368	2.76
803.676	3.17
803.983	3.23
804.291	3.26
804.598	3.19
804.905	3.32
805.212	3.47
805.519	3.38
805.827	3.21
806.134	3.28
806.441	3.13
806.748	3.2
807.055	3.15
807.361	3.01
807.668	3.09
807.975	3.32
808.282	3.32
808.588	3.34
808.895	3.18
809.201	3.31
809.508	3.37
809.814	3.53
810.12	3.4
810.427	3.51
810.733	3.57
811.039	3.29
811.345	3.07
811.651	2.93
811.957	2.82
812.263	2.92
812.569	3.25
812.875	3.25
813.181	3.15
813.487	3.12
813.793	3.03
814.098	3.07
814.404	3.21
814.709	3.31
815.015	3.26
815.32	3.43
815.626	3.5
815.931	3.2
816.236	3.45
816.541	3.58
816.847	3.59
817.152	3.55
817.457	3.49
817.762	3.55
818.067	3.56
818.372	3.55
818.676	3.46
818.981	3.41
819.286	3.27
819.591	3.19
819.895	3.18
820.2	3.25
820.504	3.24
820.809	3.23
821.113	3.18
821.417	3.19
821.722	3.32
822.026	3.28
822.33	3.28
822.634	3.31
822.938	3.3
823.242	3.29
823.546	3.3
823.85	3.34
824.154	3.35
824.458	3.37
824.762	3.37
825.065	3.35
825.369	3.37
825.672	3.4
825.976	3.4
826.279	3.4
826.583	3.42
826.886	3.37
827.189	3.27
827.493	3.28
827.796	3.31
828.099	3.31
828.402	3.35
828.705	3.36
829.008	3.3
829.311	3.33
829.614	3.41
829.917	3.41
830.219	3.54
830.522	3.59
830.825	3.62
831.127	3.58
831.43	3.63
831.732	3.64
832.035	3.58
832.337	3.55
832.639	3.62
832.942	3.45
833.244	3.34
833.546	3.35
833.848	3.46
834.15	3.44
834.452	3.48
834.754	3.55
835.056	3.5
835.358	3.53
835.66	3.61
835.961	3.59
836.263	3.75
836.564	3.84
836.866	3.82
837.168	3.77
837.469	3.86
837.77	3.92
838.072	3.96
838.373	3.89
838.674	3.96
838.975	3.89
839.276	3.94
839.577	3.61
839.878	3.49
840.179	3.51
840.48	3.47
840.781	3.48
841.082	3.52
841.382	3.39
841.683	3.43
841.984	3.31
842.284	3.66
842.585	3.56
842.885	3.77
843.185	3.99
843.486	4.03
843.786	4.27
844.086	4.21
844.386	4.05
844.687	4.2
844.987	4.36
845.287	4.61
845.586	4.41
845.886	4.5
846.186	4.24
846.486	4.17
846.786	3.6
847.085	3.56
847.385	3.58
847.684	3.9
847.984	4.02
848.283	4.34
848.583	4.53
848.882	4.8
849.181	4.41
849.48	4.89
849.78	4.58
850.079	4.65
850.378	4.25
850.677	4.51
850.976	4.92
851.274	4.64
851.573	4.5
851.872	4.47
852.171	4.59
852.469	4.9
852.768	4.65
853.066	5.48
853.365	5.7
853.663	6.03
853.962	5.97
854.26	5.32
854.558	4.95
854.856	5.33
855.155	5.2
855.453	4.88
855.751	5.12
856.049	5
856.347	3.95
856.644	4.42
856.942	4.62
857.24	4.38
857.538	5.2
857.835	5.69
858.133	4.98
858.43	4.73
858.728	4.78
859.025	4.32
859.323	5.37
859.62	5.92
859.917	5.97
860.214	5.93
860.511	6.44
860.808	5.84
861.105	5.36
861.402	5.26
861.699	5.62
861.996	5.46
862.293	5.63
862.59	4.49
862.886	4.14
863.183	3.93
863.479	3.76
863.776	3.02
864.072	2.91
864.369	2.86
864.665	2.83
864.961	2.52
865.258	2.51
865.554	3.03
865.85	3.53
866.146	3.95
866.442	3.53
866.738	3.6
867.034	3.61
867.33	3.61
867.625	2.89
867.921	3.41
868.217	3.69
868.512	3.34
868.808	3.19
869.103	2.61
869.399	2.29
869.694	3.08
869.989	2.95
870.285	2.85
870.58	2.62
870.875	4
871.17	3.8
871.465	4.6
871.76	5.07
872.055	4.45
872.35	4.9
872.645	5.17
872.939	4.6
873.234	4.8
873.529	5.18
873.823	5.5
874.118	5.55
874.412	5.45
874.707	4.47
875.001	4.25
875.295	4.32
875.589	4.89
875.884	5.28
876.178	5.78
876.472	5.96
876.766	6.63
877.06	6.89
877.354	6.41
877.647	6.4
877.941	6.71
878.235	7.03
878.529	7.52
878.822	7.05
879.116	6.73
879.409	6.75
