177.169	434.69
177.554	431.88
177.94	473.68
178.326	2183.33
178.711	-3037.5
179.097	-213.16
179.482	184.53
179.868	-5.23
180.253	684.78
180.639	1076.09
181.024	-1059.68
181.409	255.99
181.795	431.88
182.18	302.41
182.565	393.75
182.95	987.66
183.336	-609.87
183.721	288.91
184.106	115.49
184.491	148.06
184.876	91.66
185.261	75.97
185.646	68.61
186.031	54.05
186.416	37.52
186.801	36.34
187.186	41.81
187.57	46.8
187.955	40.88
188.34	43.01
188.725	43.98
189.11	44.43
189.494	56.91
189.879	57.96
190.263	55.46
190.648	58.99
191.033	62.44
191.417	57.92
191.802	50.06
192.186	51.5
192.57	54.9
192.955	47.32
193.339	42.03
193.723	28.39
194.108	26.81
194.492	28.75
194.876	24.31
195.26	19.46
195.645	18.59
196.029	22.11
196.413	22.79
196.797	24.38
197.181	33.66
197.565	37.75
197.949	39.06
198.333	41.43
198.717	36.83
199.101	43.55
199.484	47.15
199.868	44.9
200.252	44.97
200.636	39.13
201.019	29.97
201.403	25.32
201.787	23.66
202.17	27.9
202.554	29.54
202.937	30.74
203.321	23.85
203.704	20.68
204.088	23.09
204.471	22.19
204.855	31.99
205.238	37.62
205.621	38.34
206.005	43.12
206.388	46.57
206.771	42.93
207.154	40.43
207.537	45.36
207.921	47.8
208.304	48.52
208.687	46.86
209.07	44.96
209.453	42.19
209.836	38.65
210.219	35.1
210.601	28.49
210.984	29.78
211.367	33.68
211.75	26.86
212.133	26.24
212.515	28.66
212.898	27.73
213.281	24.02
213.663	29.8
214.046	32.15
214.428	32.04
214.811	36.6
215.193	35.43
215.576	34.24
215.958	44.35
216.341	43.82
216.723	42.32
217.105	44.82
217.488	41.95
217.87	37.56
218.252	34.93
218.634	36.68
219.017	38.65
219.399	41.12
219.781	40.37
220.163	28.75
220.545	28.69
220.927	27.89
221.309	28.54
221.691	32.38
222.073	33.38
222.455	37.96
222.836	36.29
223.218	31.04
223.6	32.07
223.982	29.79
224.363	38.81
224.745	41.53
225.127	44.39
225.508	45.51
225.89	41.31
226.271	40.08
226.653	37.76
227.034	37.96
227.416	35.12
227.797	33.64
228.178	34.27
228.56	29.31
228.941	26.74
229.322	22.27
229.704	13.31
230.085	12.97
230.466	13.49
230.847	14.97
231.228	15.08
231.609	15.21
231.99	12.48
232.371	15.59
232.752	18.47
233.133	16.07
233.514	16.48
233.895	20.56
234.276	19.61
234.657	18.34
235.037	16.12
235.418	15.44
235.799	19.3
236.179	18.84
236.56	18.14
236.941	15.82
237.321	15.52
237.702	13.27
238.082	11
238.463	10.83
238.843	10.41
239.223	8.41
239.604	6.86
239.984	4.87
240.364	4.71
240.745	4.31
241.125	4.13
241.505	4.38
241.885	4.67
242.265	4.82
242.645	4.6
243.025	4.45
243.405	4.88
243.785	4.9
244.165	4.84
244.545	4.84
244.925	4.65
245.305	4.54
245.685	4.35
246.065	4.35
246.444	4.22
246.824	4.24
247.204	4.4
247.583	4.46
247.963	4.5
248.343	4.33
248.722	4.15
249.102	4.28
249.481	4.33
249.861	4.36
250.24	4.28
250.619	4.42
250.999	4.46
251.378	4.27
251.757	4.14
252.136	4.2
252.516	4.8
252.895	4.96
253.274	4.99
253.653	5.22
254.032	5.45
254.411	5.7
254.79	5.77
255.169	5.8
255.548	5.73
255.927	5.71
256.306	5.55
256.685	5.13
257.063	4.8
257.442	4.47
257.821	4.2
258.199	3.86
258.578	3.7
258.957	3.73
259.335	3.79
259.714	3.74
260.092	3.76
260.471	3.73
260.849	3.78
261.228	3.77
261.606	3.95
261.984	4.1
262.363	4.42
262.741	4.71
263.119	4.89
263.497	4.76
263.876	4.68
264.254	4.64
264.632	4.56
265.01	4.42
265.388	4.42
265.766	4.12
266.144	3.84
266.522	3.83
266.9	3.81
267.278	3.73
267.655	3.74
268.033	3.76
268.411	3.65
268.789	3.68
269.166	3.63
269.544	3.65
269.922	3.62
270.299	3.64
270.677	3.58
271.054	3.5
271.432	3.36
271.809	3.38
272.186	3.39
272.564	3.43
272.941	3.43
273.318	3.38
273.696	3.48
274.073	3.52
274.45	3.52
274.827	3.49
275.204	3.56
275.582	3.68
275.959	3.7
276.336	3.82
276.713	3.74
277.09	3.75
277.466	3.74
277.843	3.64
278.22	3.67
278.597	3.79
278.974	3.82
279.35	3.74
279.727	3.72
280.104	3.65
280.48	3.63
280.857	3.65
281.234	3.67
281.61	3.77
281.987	3.77
282.363	3.74
282.74	3.69
283.116	3.7
283.492	3.81
283.869	3.81
284.245	3.79
284.621	3.76
284.997	3.75
285.373	3.79
285.75	3.76
286.126	3.79
286.502	3.82
286.878	3.91
287.254	3.88
287.63	3.85
288.006	3.97
288.382	4.14
288.757	4.1
289.133	4.2
289.509	4.18
289.885	4.15
290.26	4.16
290.636	4.18
291.012	4.18
291.387	4.24
291.763	4.23
292.139	4.1
292.514	4.02
292.889	4.08
293.265	4.03
293.64	4.06
294.016	4.16
294.391	4.14
294.766	4.08
295.142	4.01
295.517	4.01
295.892	4.08
296.267	4.19
296.642	4.23
297.017	4.34
297.392	4.41
297.767	4.51
298.142	4.52
298.517	4.59
298.892	4.72
299.267	4.88
299.642	4.96
300.017	5.06
300.391	5.08
300.766	5.17
301.141	5.13
301.515	5.14
301.89	5.1
302.265	5.17
302.639	5.21
303.014	5.21
303.388	5.21
303.762	5.23
304.137	5.28
304.511	5.3
304.886	5.25
305.26	5.17
305.634	5.21
306.008	5.28
306.382	5.37
306.757	5.45
307.131	5.5
307.505	5.51
307.879	5.61
308.253	5.56
308.627	5.62
309.001	5.69
309.375	5.7
309.748	5.73
310.122	5.74
310.496	5.66
310.87	5.69
311.243	5.75
311.617	5.81
311.991	5.85
312.364	5.94
312.738	5.91
313.111	5.94
313.485	6.09
313.858	6.18
314.232	6.23
314.605	6.33
314.979	6.34
315.352	6.4
315.725	6.56
316.098	6.57
316.472	6.56
316.845	6.66
317.218	6.74
317.591	6.79
317.964	6.82
318.337	6.91
318.71	7.02
319.083	7.08
319.456	7.07
319.829	6.98
320.202	7.03
320.574	7.11
320.947	7.13
321.32	7.21
321.693	7.2
322.065	7.13
322.438	7.11
322.81	7.11
323.183	7.08
323.555	7.11
323.928	7.1
324.3	7.05
324.673	7.11
325.045	7.11
325.417	7.07
325.79	7.09
326.162	7.12
326.534	7.16
326.906	7.19
327.278	7.21
327.651	7.26
328.023	7.35
328.395	7.55
328.767	7.67
329.139	7.8
329.511	7.9
329.882	8
330.254	8.14
330.626	8.08
330.998	8.06
331.37	8.1
331.741	8.14
332.113	8.18
332.485	8.1
332.856	8.06
333.228	8.07
333.599	8.08
333.971	8.06
334.342	8.01
334.714	8.15
335.085	8.24
335.456	8.36
335.828	8.34
336.199	8.32
336.57	8.38
336.941	8.3
337.312	8.33
337.683	8.4
338.054	8.46
338.426	8.56
338.797	8.53
339.167	8.57
339.538	8.56
339.909	8.62
340.28	8.75
340.651	8.77
341.022	8.85
341.392	8.9
341.763	8.91
342.134	8.97
342.504	9.04
342.875	9.1
343.246	9.1
343.616	9.13
343.987	9.1
344.357	9.12
344.727	9.17
345.098	9.23
345.468	9.29
345.838	9.35
346.209	9.37
346.579	9.35
346.949	9.41
347.319	9.5
347.689	9.57
348.059	9.65
348.429	9.65
348.799	9.69
349.169	9.72
349.539	9.72
349.909	9.72
350.279	9.81
350.649	9.91
351.018	9.96
351.388	9.99
351.758	10.05
352.128	10.07
352.497	10.14
352.867	10.15
353.236	10.22
353.606	10.28
353.975	10.31
354.345	10.29
354.714	10.31
355.083	10.32
355.453	10.33
355.822	10.27
356.191	10.32
356.56	10.33
356.93	10.41
357.299	10.47
357.668	10.48
358.037	10.51
358.406	10.57
358.775	10.56
359.144	10.54
359.513	10.52
359.882	10.54
360.25	10.54
360.619	10.56
360.988	10.55
361.357	10.54
361.725	10.57
362.094	10.62
362.463	10.64
362.831	10.7
363.2	10.77
363.568	10.92
363.937	11.02
364.305	11.17
364.673	11.26
365.042	11.35
365.41	11.41
365.778	11.45
366.146	11.5
366.515	11.54
366.883	11.62
367.251	11.7
367.619	11.69
367.987	11.75
368.355	11.75
368.723	11.76
369.091	11.78
369.459	11.91
369.826	11.97
370.194	11.97
370.562	12.02
370.93	12
371.297	12
371.665	12.09
372.033	12.13
372.4	12.14
372.768	12.2
373.135	12.26
373.503	12.3
373.87	12.34
374.237	12.44
374.605	12.5
374.972	12.51
375.339	12.5
375.707	12.47
376.074	12.46
376.441	12.49
376.808	12.52
377.175	12.54
377.542	12.54
377.909	12.55
378.276	12.56
378.643	12.58
379.01	12.63
379.377	12.7
379.744	12.79
380.11	12.88
380.477	12.96
380.844	13
381.21	13.04
381.577	13.05
381.944	13.1
382.31	13.12
382.677	13.18
383.043	13.26
383.409	13.34
383.776	13.39
384.142	13.41
384.508	13.43
384.875	13.49
385.241	13.5
385.607	13.54
385.973	13.57
386.339	13.64
386.705	13.7
387.071	13.76
387.437	13.78
387.803	13.81
388.169	13.87
388.535	13.93
388.901	13.97
389.267	14.04
389.633	14.05
389.998	14.05
390.364	14.08
390.73	14.12
391.095	14.16
391.461	14.24
391.826	14.25
392.192	14.27
392.557	14.31
392.923	14.34
393.288	14.4
393.653	14.49
394.019	14.56
394.384	14.61
394.749	14.65
395.114	14.68
395.479	14.69
395.844	14.75
396.21	14.81
396.575	14.89
396.94	14.93
397.304	14.99
397.669	15.02
398.034	15.08
398.399	15.15
398.764	15.18
399.129	15.21
399.493	15.28
399.858	15.37
400.223	15.43
400.587	15.46
400.952	15.54
401.316	15.59
401.681	15.63
402.045	15.65
402.409	15.69
402.774	15.72
403.138	15.76
403.502	15.77
403.867	15.78
404.231	15.81
404.595	15.83
404.959	15.86
405.323	15.87
405.687	15.93
406.051	16.01
406.415	16.04
406.779	16.13
407.143	16.22
407.507	16.28
407.871	16.34
408.234	16.4
408.598	16.45
408.962	16.48
409.325	16.55
409.689	16.6
410.053	16.66
410.416	16.73
410.78	16.74
411.143	16.8
411.506	16.88
411.87	16.94
412.233	17.01
412.596	17.11
412.96	17.21
413.323	17.25
413.686	17.3
414.049	17.32
414.412	17.34
414.775	17.39
415.138	17.43
415.501	17.44
415.864	17.45
416.227	17.43
416.59	17.42
416.953	17.4
417.315	17.42
417.678	17.44
418.041	17.47
418.404	17.46
418.766	17.44
419.129	17.41
419.491	17.39
419.854	17.4
420.216	17.45
420.579	17.49
420.941	17.54
421.303	17.59
421.666	17.62
422.028	17.62
422.39	17.66
422.752	17.71
423.114	17.77
423.476	17.84
423.839	17.89
424.201	17.93
424.563	17.96
424.924	18
425.286	18.04
425.648	18.12
426.01	18.22
426.372	18.33
426.733	18.45
427.095	18.58
427.457	18.68
427.818	18.82
428.18	18.9
428.542	19.01
428.903	19.08
429.264	19.18
429.626	19.23
429.987	19.29
430.349	19.32
430.71	19.35
431.071	19.35
431.432	19.37
431.794	19.36
432.155	19.38
432.516	19.41
432.877	19.47
433.238	19.5
433.599	19.54
433.96	19.58
434.321	19.64
434.681	19.7
435.042	19.8
435.403	19.91
435.764	20.03
436.124	20.13
436.485	20.2
436.846	20.25
437.206	20.26
437.567	20.29
437.927	20.29
438.288	20.27
438.648	20.26
439.008	20.24
439.369	20.22
439.729	20.22
440.089	20.23
440.449	20.26
440.81	20.3
441.17	20.36
441.53	20.42
441.89	20.51
442.25	20.6
442.61	20.71
442.97	20.84
443.33	20.9
443.689	20.97
444.049	20.99
444.409	20.98
444.769	20.95
445.128	20.94
445.488	20.93
445.848	20.94
446.207	20.95
446.567	20.97
446.926	21
447.285	21.07
447.645	21.13
448.004	21.22
448.363	21.34
448.723	21.48
449.082	21.63
449.441	21.78
449.8	21.9
450.159	22
450.518	22.06
450.877	22.11
451.236	22.16
451.595	22.22
451.954	22.28
452.313	22.31
452.672	22.36
453.031	22.38
453.389	22.41
453.748	22.47
454.107	22.54
454.465	22.66
454.824	22.77
455.182	22.87
455.541	22.94
455.899	23.02
456.258	23.11
456.616	23.18
456.974	23.23
457.333	23.22
457.691	23.16
458.049	23.11
458.407	23.06
458.765	23.05
459.123	23.06
459.481	23.08
459.839	23.1
460.197	23.12
460.555	23.14
460.913	23.2
461.271	23.32
461.629	23.48
461.987	23.66
462.344	23.85
462.702	23.97
463.06	24.09
463.417	24.22
463.775	24.31
464.132	24.41
464.49	24.5
464.847	24.55
465.204	24.58
465.562	24.61
465.919	24.66
466.276	24.71
466.633	24.77
466.991	24.84
467.348	24.89
467.705	24.92
468.062	24.94
468.419	24.96
468.776	25.01
469.133	25.1
469.49	25.17
469.846	25.23
470.203	25.3
470.56	25.36
470.917	25.41
471.273	25.47
471.63	25.53
471.986	25.62
472.343	25.7
472.699	25.77
473.056	25.83
473.412	25.91
473.769	25.96
474.125	26.01
474.481	26.06
474.838	26.1
475.194	26.12
475.55	26.19
475.906	26.19
476.262	26.23
476.618	26.25
476.974	26.27
477.33	26.28
477.686	26.33
478.042	26.4
478.398	26.47
478.753	26.53
479.109	26.59
479.465	26.62
479.821	26.68
480.176	26.75
480.532	26.87
480.887	27.04
481.243	27.17
481.598	27.2
481.954	27.62
482.309	27.92
482.664	27.86
483.02	27.47
483.375	27.35
483.73	27.37
484.085	27.39
484.44	27.39
484.795	27.36
485.15	27.34
485.505	27.33
485.86	27.04
486.215	26.76
486.57	26.76
486.925	27.12
487.28	27.27
487.634	27.29
487.989	27.33
488.344	27.38
488.698	27.47
489.053	27.54
489.407	27.61
489.762	27.67
490.116	27.72
490.471	27.78
490.825	27.85
491.179	27.91
491.534	27.96
491.888	27.99
492.242	28.01
492.596	28.01
492.95	28.06
493.304	28.17
493.658	28.33
494.012	28.53
494.366	28.71
494.72	28.8
495.074	28.87
495.428	28.91
495.782	28.93
496.135	28.95
496.489	28.96
496.843	28.96
497.196	28.96
497.55	28.99
497.903	29.01
498.257	29.06
498.61	29.15
498.963	29.25
499.317	29.35
499.67	29.45
500.023	29.54
500.376	29.65
500.73	29.77
501.083	29.87
501.436	29.94
501.789	30.01
502.142	30.05
502.495	30.09
502.848	30.1
503.201	30.13
503.553	30.13
503.906	30.17
504.259	30.18
504.612	30.2
504.964	30.24
505.317	30.28
505.669	30.34
506.022	30.38
506.374	30.44
506.727	30.48
507.079	30.5
507.432	30.54
507.784	30.58
508.136	30.6
508.488	30.62
508.841	30.65
509.193	30.68
509.545	30.71
509.897	30.77
510.249	30.81
510.601	30.89
510.953	30.96
511.305	31.03
511.656	31.11
512.008	31.19
512.36	31.26
512.712	31.34
513.063	31.41
513.415	31.48
513.766	31.55
514.118	31.62
514.469	31.69
514.821	31.78
515.172	31.85
515.524	31.89
515.875	31.92
516.226	31.92
516.577	31.89
516.929	31.84
517.28	31.81
517.631	31.82
517.982	31.84
518.333	31.83
518.684	31.86
519.035	31.88
519.386	31.93
519.737	31.98
520.087	32.06
520.438	32.18
520.789	32.34
521.139	32.45
521.49	32.54
521.841	32.64
522.191	32.74
522.542	32.79
522.892	32.86
523.243	32.87
523.593	32.84
523.943	32.81
524.293	32.8
524.644	32.81
524.994	32.85
525.344	32.92
525.694	33.04
526.044	33.15
526.394	33.24
526.744	33.28
527.094	33.31
527.444	33.36
527.794	33.41
528.144	33.46
528.493	33.48
528.843	33.48
529.193	33.46
529.542	33.42
529.892	33.39
530.241	33.39
530.591	33.45
530.94	33.49
531.29	33.51
531.639	33.52
531.988	33.5
532.338	33.53
532.687	33.6
533.036	33.66
533.385	33.71
533.734	33.75
534.083	33.78
534.432	33.76
534.781	33.79
535.13	33.81
535.479	33.89
535.828	34
536.177	34.08
536.525	34.13
536.874	34.18
537.223	34.24
537.571	34.31
537.92	34.38
538.268	34.49
538.617	34.65
538.965	34.79
539.314	34.83
539.662	34.82
540.01	34.77
540.359	34.78
540.707	34.81
541.055	34.81
541.403	34.8
541.751	34.78
542.099	34.76
542.447	34.75
542.795	34.8
543.143	34.87
543.491	34.97
543.839	35.08
544.187	35.17
544.534	35.21
544.882	35.26
545.23	35.31
545.577	35.38
545.925	35.46
546.272	35.52
546.62	35.56
546.967	35.63
547.314	35.69
547.662	35.78
548.009	35.87
548.356	35.98
548.704	36.12
549.051	36.26
549.398	36.42
549.745	36.57
550.092	36.66
550.439	36.72
550.786	36.74
551.133	36.76
551.479	36.76
551.826	36.77
552.173	36.78
552.52	36.81
552.866	36.86
553.213	36.94
553.56	37
553.906	37.07
554.253	37.15
554.599	37.26
554.945	37.35
555.292	37.47
555.638	37.58
555.984	37.66
556.331	37.76
556.677	37.8
557.023	37.82
557.369	37.87
557.715	37.95
558.061	37.99
558.407	38.05
558.753	38.13
559.099	38.17
559.444	38.17
559.79	38.19
560.136	38.18
560.482	38.24
560.827	38.27
561.173	38.31
561.518	38.3
561.864	38.32
562.209	38.34
562.555	38.34
562.9	38.38
563.245	38.45
563.591	38.46
563.936	38.48
564.281	38.47
564.626	38.42
564.971	38.38
565.316	38.39
565.661	38.39
566.006	38.41
566.351	38.44
566.696	38.48
567.041	38.49
567.386	38.55
567.73	38.59
568.075	38.65
568.42	38.75
568.764	38.84
569.109	38.89
569.453	38.92
569.798	38.91
570.142	38.85
570.487	38.8
570.831	38.8
571.175	38.81
571.519	38.82
571.864	38.84
572.208	38.85
572.552	38.84
572.896	38.84
573.24	38.86
573.584	38.89
573.928	38.98
574.272	39.06
574.616	39.12
574.959	39.15
575.303	39.23
575.647	39.29
575.99	39.35
576.334	39.45
576.678	39.54
577.021	39.66
577.364	39.78
577.708	39.9
578.051	40.01
578.395	40.12
578.738	40.23
579.081	40.28
579.424	40.37
579.767	40.47
580.111	40.53
580.454	40.6
580.797	40.64
581.14	40.7
581.482	40.75
581.825	40.79
582.168	40.8
582.511	40.88
582.854	40.96
583.196	41.01
583.539	41.05
583.882	41.12
584.224	41.17
584.567	41.2
584.909	41.21
585.252	41.25
585.594	41.28
585.936	41.33
586.279	41.35
586.621	41.37
586.963	41.38
587.305	41.38
587.647	41.39
587.989	41.41
588.331	41.4
588.673	41.42
589.015	41.42
589.357	41.44
589.699	41.45
590.041	41.48
590.382	41.52
590.724	41.55
591.066	41.59
591.407	41.63
591.749	41.66
592.09	41.71
592.432	41.74
592.773	41.73
593.114	41.76
593.456	41.8
593.797	41.81
594.138	41.82
594.479	41.81
594.821	41.74
595.162	41.66
595.503	41.58
595.844	41.56
596.185	41.57
596.525	41.61
596.866	41.62
597.207	41.64
597.548	41.66
597.889	41.68
598.229	41.7
598.57	41.8
598.91	41.92
599.251	42.07
599.592	42.19
599.932	42.28
600.272	42.34
600.613	42.4
600.953	42.37
601.293	42.32
601.633	42.26
601.974	42.26
602.314	42.23
602.654	42.14
602.994	42.04
603.334	41.96
603.674	41.9
604.014	41.9
604.353	41.89
604.693	41.95
605.033	42.01
605.373	42.09
605.712	42.13
606.052	42.19
606.391	42.32
606.731	42.46
607.07	42.57
607.41	42.61
607.749	42.57
608.088	42.55
608.428	42.55
608.767	42.54
609.106	42.55
609.445	42.6
609.784	42.62
610.123	42.65
610.462	42.66
610.801	42.71
611.14	42.82
611.479	42.95
611.818	43.1
612.157	43.18
612.495	43.3
612.834	43.36
613.173	43.42
613.511	43.47
613.85	43.53
614.188	43.6
614.527	43.69
614.865	43.74
615.203	43.81
615.542	43.83
615.88	43.9
616.218	43.92
616.556	43.97
616.894	43.99
617.233	44.04
617.571	44.06
617.908	44.14
618.246	44.16
618.584	44.19
618.922	44.2
619.26	44.27
619.598	44.3
619.935	44.36
620.273	44.37
620.611	44.4
620.948	44.44
621.286	44.48
621.623	44.48
621.96	44.53
622.298	44.56
622.635	44.62
622.972	44.61
623.31	44.59
623.647	44.62
623.984	44.66
624.321	44.66
624.658	44.62
624.995	44.56
625.332	44.51
625.669	44.46
626.006	44.43
626.342	44.38
626.679	44.34
627.016	44.37
627.352	44.34
627.689	44.36
628.026	44.37
628.362	44.42
628.699	44.5
629.035	44.55
629.371	44.63
629.708	44.73
630.044	44.85
630.38	44.94
630.716	44.98
631.052	45.08
631.388	45.12
631.725	45.1
632.06	45.11
632.396	45.09
632.732	45.07
633.068	45.05
633.404	45
633.74	44.94
634.075	44.93
634.411	44.95
634.747	44.92
635.082	44.92
635.418	44.98
635.753	45.01
636.089	45.09
636.424	45.19
636.759	45.22
637.095	45.26
637.43	45.32
637.765	45.36
638.1	45.39
638.435	45.42
638.77	45.44
639.105	45.47
639.44	45.49
639.775	45.51
640.11	45.48
640.445	45.54
640.779	45.55
641.114	45.6
641.449	45.66
641.783	45.68
642.118	45.71
642.452	45.76
642.787	45.82
643.121	45.82
643.456	45.78
643.79	45.86
644.124	45.84
644.458	45.9
644.793	45.86
645.127	45.89
645.461	45.97
645.795	46
646.129	46.02
646.463	46.05
646.797	46.11
647.13	46.2
647.464	46.22
647.798	46.26
648.132	46.28
648.465	46.27
648.799	46.2
649.132	46.17
649.466	46.17
649.799	46.09
650.133	46.06
650.466	46.04
650.799	46.01
651.133	45.99
651.466	45.97
651.799	46.01
652.132	46.04
652.465	46.12
652.798	46.1
653.131	46.12
653.464	46.22
653.797	46.22
654.13	46.24
654.463	46.26
654.795	46.3
655.128	46.34
655.461	46.36
655.793	46.38
656.126	46.34
656.458	46.36
656.791	46.33
657.123	46.28
657.455	46.23
657.788	46.15
658.12	46.12
658.452	46.04
658.784	46.01
659.116	45.99
659.448	46.01
659.78	46.01
660.112	46.04
660.444	46.07
660.776	46.11
661.108	46.21
661.44	46.3
661.771	46.4
662.103	46.53
662.435	46.6
662.766	46.61
663.098	46.68
663.429	46.75
663.761	46.73
664.092	46.76
664.423	46.84
664.755	46.84
665.086	46.89
665.417	46.93
665.748	46.88
666.079	46.93
666.41	47.01
666.741	47.01
667.072	47.03
667.403	47.06
667.734	47.04
668.065	46.95
668.395	46.93
668.726	46.92
669.057	46.88
669.387	46.91
669.718	46.87
670.048	46.84
670.379	46.84
670.709	46.85
671.039	46.86
671.37	46.92
671.7	47
672.03	47.05
672.36	47.11
672.69	47.12
673.02	47.14
673.35	47.16
673.68	47.14
674.01	47.14
674.34	47.18
674.67	47.21
675	47.15
675.329	47.16
675.659	47.15
675.989	47.16
676.318	47.18
676.648	47.12
676.977	47.07
677.307	47.06
677.636	47.02
677.965	46.99
678.295	46.96
678.624	46.96
678.953	46.91
679.282	46.9
679.611	46.86
679.94	46.89
680.269	46.98
680.598	47.06
680.927	47.1
681.256	47.19
681.584	47.2
681.913	47.25
682.242	47.35
682.57	47.42
682.899	47.43
683.228	47.52
683.556	47.52
683.884	47.51
684.213	47.58
684.541	47.6
684.869	47.62
685.198	47.69
685.526	47.71
685.854	47.77
686.182	47.88
686.51	47.94
686.838	47.97
687.166	48.01
687.494	48.03
687.822	48
688.149	48.01
688.477	47.99
688.805	47.96
689.133	47.97
689.46	47.9
689.788	47.81
690.115	47.76
690.443	47.75
690.77	47.76
691.097	47.73
691.425	47.73
691.752	47.78
692.079	47.79
692.406	47.87
692.733	47.86
693.06	47.84
693.387	47.93
693.714	47.97
694.041	47.92
694.368	47.9
694.695	48
695.021	47.95
695.348	47.95
695.675	47.95
696.001	47.85
696.328	47.79
696.654	47.8
696.981	47.66
697.307	47.58
697.634	47.52
697.96	47.43
698.286	47.36
698.612	47.38
698.938	47.35
699.264	47.35
699.591	47.35
699.917	47.37
700.242	47.39
700.568	47.46
700.894	47.51
701.22	47.63
701.546	47.77
701.871	47.84
702.197	47.87
702.523	47.92
702.848	47.9
703.174	47.98
703.499	47.99
703.824	48.01
704.15	48.02
704.475	48.06
704.8	48.07
705.125	48.09
705.451	48.12
705.776	48.15
706.101	48.17
706.426	48.24
706.751	48.25
707.076	48.27
707.4	48.28
707.725	48.24
708.05	48.29
708.375	48.29
708.699	48.33
709.024	48.43
709.348	48.48
709.673	48.6
709.997	48.63
710.322	48.68
710.646	48.73
710.97	48.79
711.294	48.83
711.619	48.82
711.943	48.85
712.267	48.81
712.591	48.69
712.915	48.67
713.239	48.52
713.563	48.44
713.886	48.38
714.21	48.32
714.534	48.17
714.858	48.18
715.181	48.16
715.505	48.14
715.828	48.12
716.152	48.15
716.475	48.14
716.799	48.16
717.122	48.2
717.445	48.19
717.768	48.2
718.092	48.36
718.415	48.37
718.738	48.41
719.061	48.48
719.384	48.42
719.707	48.5
720.03	48.49
720.352	48.56
720.675	48.55
720.998	48.6
721.32	48.73
721.643	48.72
721.966	48.69
722.288	48.62
722.611	48.51
722.933	48.52
723.255	48.36
723.578	48.35
723.9	48.31
724.222	48.35
724.544	48.28
724.866	48.23
725.188	48.13
725.51	48.18
725.832	48.13
726.154	48.18
726.476	48.25
726.798	48.39
727.12	48.45
727.441	48.38
727.763	48.36
728.085	48.36
728.406	48.26
728.728	48.28
729.049	48.24
729.37	48.3
729.692	48.31
730.013	48.25
730.334	48.21
730.655	48.13
730.977	48.17
731.298	48.11
731.619	48.16
731.94	48.22
732.261	48.19
732.581	48.19
732.902	48.15
733.223	48.16
733.544	48.17
733.864	48.1
734.185	48.18
734.506	48.21
734.826	48.31
735.146	48.26
735.467	48.27
735.787	48.33
736.108	48.42
736.428	48.45
736.748	48.53
737.068	48.56
737.388	48.74
737.708	48.82
738.028	48.9
738.348	48.89
738.668	48.96
738.988	49.04
739.308	49.05
739.628	49.07
739.947	49.12
740.267	49
740.586	48.97
740.906	48.91
741.225	48.82
741.545	48.75
741.864	48.7
742.184	48.82
742.503	48.72
742.822	48.73
743.141	48.64
743.46	48.63
743.779	48.7
744.098	48.78
744.417	48.78
744.736	48.73
745.055	48.71
745.374	48.67
745.693	48.61
746.011	48.57
746.33	48.54
746.649	48.47
746.967	48.47
747.286	48.41
747.604	48.29
747.923	48.23
748.241	48.24
748.559	48.26
748.877	48.31
749.196	48.32
749.514	48.39
749.832	48.4
750.15	48.42
750.468	48.47
750.786	48.28
751.104	48.36
751.422	48.5
751.739	48.45
752.057	48.41
752.375	48.26
752.692	48.32
753.01	48.34
753.327	48.42
753.645	48.57
753.962	48.44
754.28	48.58
754.597	48.6
754.914	48.48
755.231	48.51
755.548	48.45
755.866	48.64
756.183	48.49
756.5	48.51
756.816	48.38
757.133	48.3
757.45	48.31
757.767	48.37
758.084	48.31
758.4	48.36
758.717	48.46
759.034	48.5
759.35	48.51
759.667	48.54
759.983	48.43
760.299	48.4
760.616	48.45
760.932	48.39
761.248	48.36
761.564	48.51
761.88	48.53
762.196	48.57
762.512	48.63
762.828	48.64
763.144	48.62
763.46	48.61
763.776	48.56
764.092	48.47
764.407	48.5
764.723	48.53
765.038	48.38
765.354	48.24
765.669	48.07
765.985	48.01
766.3	47.9
766.616	47.84
766.931	47.68
767.246	47.68
767.561	47.62
767.876	47.51
768.191	47.36
768.506	47.32
768.821	47.46
769.136	47.45
769.451	47.34
769.766	47.35
770.08	47.29
770.395	47.47
770.71	47.47
771.024	47.55
771.339	47.56
771.653	47.6
771.968	47.61
772.282	47.48
772.596	47.56
772.911	47.51
773.225	47.5
773.539	47.43
773.853	47.5
774.167	47.4
774.481	47.41
774.795	47.44
775.109	47.37
775.423	47.35
775.737	47.29
776.05	47.31
776.364	47.23
776.678	47.1
776.991	47.29
777.305	47.19
777.618	47.31
777.931	47.34
778.245	47.37
778.558	47.5
778.871	47.53
779.185	47.52
779.498	47.48
779.811	47.65
780.124	47.73
780.437	47.75
780.75	47.66
781.063	47.76
781.375	47.62
781.688	47.54
782.001	47.54
782.314	47.6
782.626	47.6
782.939	47.47
783.251	47.48
783.564	47.47
783.876	47.35
784.188	47.63
784.501	47.52
784.813	47.67
785.125	47.69
785.437	47.7
785.749	47.73
786.061	47.8
786.373	47.88
786.685	47.93
786.997	47.89
787.309	47.85
787.621	47.76
787.932	47.81
788.244	47.7
788.556	47.99
788.867	47.88
789.179	47.81
789.49	47.73
789.801	47.75
790.113	47.8
790.424	47.89
790.735	48.01
791.046	47.87
791.358	47.82
791.669	47.76
791.98	47.54
792.291	47.7
792.601	47.61
792.912	47.68
793.223	47.68
793.534	47.68
793.845	47.65
794.155	47.64
794.466	47.8
794.776	47.81
795.087	47.96
795.397	47.91
795.707	47.86
796.018	48.01
796.328	47.86
796.638	47.79
796.948	47.54
797.258	47.68
797.569	47.41
797.879	47.31
798.188	47.09
798.498	47.19
798.808	47.1
799.118	47.13
799.428	47.11
799.737	47.33
800.047	47.29
800.356	47.45
800.666	47.25
800.975	47.41
801.285	47.4
801.594	47.65
801.903	47.52
802.213	47.55
802.522	47.43
802.831	47.34
803.14	47.15
803.449	46.96
803.758	47.01
804.067	47.03
804.376	46.92
804.684	46.77
804.993	46.68
805.302	46.58
805.611	46.66
805.919	46.93
806.228	47.06
806.536	47.12
806.845	47.4
807.153	47.18
807.461	47.19
807.769	47.29
808.078	47.31
808.386	47.3
808.694	47.32
809.002	47.15
809.31	46.8
809.618	46.63
809.926	46.73
810.233	46.69
810.541	46.97
810.849	47.1
811.157	47.22
811.464	47.34
811.772	47.34
812.079	47.33
812.387	47.46
812.694	47.48
813.001	47.5
813.309	47.28
813.616	47.44
813.923	46.98
814.23	46.91
814.537	46.97
814.844	47.05
815.151	47.3
815.458	47.34
815.765	47.41
816.072	47.42
816.378	47.37
816.685	47.46
816.992	47.2
817.298	47.4
817.605	47.3
817.911	47.03
818.218	46.86
818.524	46.85
818.83	47.04
819.136	47.17
819.443	47.39
819.749	47.57
820.055	47.74
820.361	48.45
820.667	49.23
820.973	49.65
821.279	49.99
821.584	50
821.89	49.79
822.196	49.51
822.501	49.22
822.807	48.97
823.113	48.82
823.418	48.65
823.723	48.48
824.029	48.26
824.334	48.03
824.639	47.74
824.944	47.53
825.25	47.48
825.555	47.56
825.86	47.76
826.165	47.98
826.47	48.1
826.774	48.15
827.079	47.99
827.384	47.91
827.689	47.83
827.993	47.74
828.298	47.61
828.602	47.4
828.907	47.22
829.211	46.99
829.516	46.78
829.82	46.69
830.124	46.81
830.429	46.92
830.733	46.86
831.037	47
831.341	47.08
831.645	47.28
831.949	47.55
832.253	47.6
832.556	47.72
832.86	47.86
833.164	47.68
833.467	47.57
833.771	47.52
834.075	47.39
834.378	47.31
834.682	47.32
834.985	47.14
835.288	46.84
835.591	46.73
835.895	46.65
836.198	46.53
836.501	46.6
836.804	46.58
837.107	46.62
837.41	46.96
837.713	46.96
838.016	47.05
838.318	47.31
838.621	47.83
838.924	48.14
839.226	48.24
839.529	48.32
839.831	48.36
840.134	48.23
840.436	48.2
840.738	47.83
841.041	47.94
841.343	47.81
841.645	47.54
841.947	47.32
842.249	47.17
842.551	47.16
842.853	47.16
843.155	46.98
843.457	47.2
843.758	47.2
844.06	46.96
844.362	46.72
844.663	46.26
844.965	46.62
845.266	46.7
845.568	46.17
845.869	45.86
846.17	45.83
846.472	45.91
846.773	44.9
847.074	44.9
847.375	44.98
847.676	45.47
847.977	46.03
848.278	45.91
848.579	45.64
848.88	45.79
849.181	45.71
849.481	45.84
849.782	46.18
850.082	46.87
850.383	47.08
850.683	47.82
850.984	47.27
851.284	47.42
851.585	47.27
851.885	47.31
852.185	47.58
852.485	47.54
852.785	46.79
853.085	46.83
853.385	46.94
853.685	46.86
853.985	46.02
854.285	46.33
854.584	46.38
854.884	46.26
855.184	46.07
855.483	45.84
855.783	46.27
856.082	46.95
856.382	46.38
856.681	45.86
856.98	45.84
857.28	46.12
857.579	45.4
857.878	44.97
858.177	45.48
858.476	45.25
858.775	45.42
859.074	45.07
859.373	44.8
859.671	44.58
859.97	44.97
860.269	44.7
860.567	45.11
860.866	46.18
861.165	46.74
861.463	47.18
861.761	47.32
862.06	47.48
862.358	47.58
862.656	47.13
862.954	47.03
863.252	46.97
863.551	47.25
863.849	46.81
864.146	46.5
864.444	45.9
864.742	45.27
865.04	45.43
865.338	45.96
865.635	46.07
865.933	46.62
866.23	47.07
866.528	47.37
866.825	47.99
867.123	48.18
867.42	47.89
867.717	48.52
868.014	48.9
868.312	49.16
868.609	49.11
868.906	49.15
869.203	49.56
869.5	48.87
869.796	48.96
870.093	48.5
870.39	48.54
870.687	48.5
870.983	48.06
871.28	47.52
871.576	47.03
871.873	47.08
872.169	47.43
872.466	46.37
872.762	47.11
873.058	47.18
873.354	47.67
873.65	47.71
873.947	48.14
874.243	48.23
874.538	49.18
874.834	49.38
875.13	48.47
875.426	48.35
875.722	48.79
876.017	48.84
876.313	48.54
876.608	47.95
876.904	48.47
877.199	48.46
877.495	48.62
877.79	47.55
878.085	47.33
878.381	47.64
878.676	47.91
878.971	48.16
879.266	48.09
879.561	48.05
879.856	48.52
880.151	48.32
880.445	48.88
880.74	49.65
881.035	49.94
881.329	50.33
881.624	50.57
881.919	50.52
882.213	50.66
