177.169	330.61
177.554	313.09
177.94	322.56
178.326	1116.67
178.711	-1931.25
179.097	-96.32
179.482	311.87
179.868	-493.6
180.253	-2354.35
180.639	-1806.52
181.024	150
181.409	225.45
181.795	313.09
182.18	216.56
182.565	271.57
182.95	535.71
183.336	-258.55
183.721	213.04
184.106	103.92
184.491	179.17
184.876	97.74
185.261	63.85
185.646	31.27
186.031	30.42
186.416	10.54
186.801	9.99
187.186	15.62
187.57	15.96
187.955	19.12
188.34	19.22
188.725	23.81
189.11	27.51
189.494	36.06
189.879	45.69
190.263	43.73
190.648	47
191.033	43.36
191.417	47.91
191.802	45.66
192.186	36.14
192.57	29.29
192.955	22.81
193.339	19.53
193.723	17.11
194.108	14.46
194.492	21.02
194.876	21.55
195.26	22.01
195.645	19.54
196.029	21.1
196.413	19.37
196.797	28.02
197.181	26.5
197.565	27.87
197.949	27.53
198.333	26.48
198.717	17.01
199.101	24.15
199.484	27.74
199.868	31.19
200.252	32.08
200.636	36.04
201.019	32.46
201.403	38.49
201.787	41.86
202.17	30.26
202.554	25.76
202.937	30.23
203.321	28.4
203.704	23.76
204.088	21.22
204.471	17.61
204.855	19.37
205.238	25.35
205.621	16.91
206.005	13.81
206.388	23.38
206.771	27.37
207.154	26.04
207.537	22.69
207.921	24.12
208.304	24.75
208.687	25.46
209.07	22.21
209.453	12.37
209.836	14.31
210.219	12.69
210.601	4.76
210.984	-0.2
211.367	-2.32
211.75	-5.42
212.133	-6.8
212.515	-6.84
212.898	-4.7
213.281	0.88
213.663	7.66
214.046	10.42
214.428	11.27
214.811	27.16
215.193	27.54
215.576	29.41
215.958	37.7
216.341	34.35
216.723	33.17
217.105	31.85
217.488	27.52
217.87	28.55
218.252	23.17
218.634	25.74
219.017	18.35
219.399	18.36
219.781	19.85
220.163	16.1
220.545	18.23
220.927	22.71
221.309	22.31
221.691	22.06
222.073	21.63
222.455	26.75
222.836	28.18
223.218	24.78
223.6	22.37
223.982	13.83
224.363	11.99
224.745	19.37
225.127	16.77
225.508	17.92
225.89	17.04
226.271	13.99
226.653	13.03
227.034	8.67
227.416	10.59
227.797	11.53
228.178	14.22
228.56	12.99
228.941	7.88
229.322	1.71
229.704	-3.37
230.085	0.61
230.466	1.12
230.847	-0.76
231.228	0.85
231.609	-1.73
231.99	-5.51
232.371	-3.82
232.752	-1.39
233.133	-3.06
233.514	-0.11
233.895	5.18
234.276	1.78
234.657	3.55
235.037	6.35
235.418	7.65
235.799	10.51
236.179	12.48
236.56	13.5
236.941	12.22
237.321	13.2
237.702	12.72
238.082	10.26
238.463	9.64
238.843	9.69
239.223	6.94
239.604	4.46
239.984	2.35
240.364	2.71
240.745	2.6
241.125	2.56
241.505	3.04
241.885	3.4
242.265	3.78
242.645	3.73
243.025	3.47
243.405	3.84
243.785	3.83
244.165	3.73
244.545	3.34
244.925	2.71
245.305	2.42
245.685	1.98
246.065	1.74
246.444	1.5
246.824	1.52
247.204	1.65
247.583	1.64
247.963	1.65
248.343	1.66
248.722	1.47
249.102	1.59
249.481	1.72
249.861	1.66
250.24	1.76
250.619	1.84
250.999	1.78
251.378	1.61
251.757	1.61
252.136	1.52
252.516	1.64
252.895	1.83
253.274	1.77
253.653	1.69
254.032	1.9
254.411	1.83
254.79	1.64
255.169	1.69
255.548	1.62
255.927	1.34
256.306	1.42
256.685	1.55
257.063	1.41
257.442	1.39
257.821	1.31
258.199	1.08
258.578	1.09
258.957	1.12
259.335	1.18
259.714	1.13
260.092	1.23
260.471	1.28
260.849	1.26
261.228	1.28
261.606	1.27
261.984	1.36
262.363	1.63
262.741	1.83
263.119	2.04
263.497	2
263.876	1.9
264.254	1.83
264.632	1.66
265.01	1.57
265.388	1.51
265.766	1.38
266.144	1.26
266.522	1.28
266.9	1.11
267.278	0.99
267.655	0.97
268.033	1.02
268.411	0.98
268.789	1.04
269.166	1.02
269.544	1.02
269.922	1
270.299	0.99
270.677	0.84
271.054	0.77
271.432	0.76
271.809	0.78
272.186	0.72
272.564	0.72
272.941	0.72
273.318	0.68
273.696	0.68
274.073	0.71
274.45	0.66
274.827	0.85
275.204	0.99
275.582	0.91
275.959	0.91
276.336	1.02
276.713	0.9
277.09	0.9
277.466	0.86
277.843	0.86
278.22	0.96
278.597	1.06
278.974	0.87
279.35	0.82
279.727	0.86
280.104	0.85
280.48	0.86
280.857	0.96
281.234	0.98
281.61	1.05
281.987	1.08
282.363	1.03
282.74	1
283.116	1.05
283.492	1.01
283.869	1.02
284.245	1.02
284.621	1.05
284.997	1.01
285.373	0.95
285.75	0.91
286.126	0.89
286.502	0.86
286.878	0.9
287.254	0.85
287.63	0.88
288.006	0.94
288.382	0.94
288.757	0.89
289.133	0.97
289.509	1
289.885	0.99
290.26	1.01
290.636	1.05
291.012	1.02
291.387	1.01
291.763	0.97
292.139	0.89
292.514	0.81
292.889	0.84
293.265	0.81
293.64	0.86
294.016	0.89
294.391	0.96
294.766	0.97
295.142	1
295.517	1.02
295.892	1.07
296.267	1.1
296.642	1.22
297.017	1.24
297.392	1.24
297.767	1.26
298.142	1.23
298.517	1.24
298.892	1.24
299.267	1.31
299.642	1.34
300.017	1.38
300.391	1.37
300.766	1.35
301.141	1.37
301.515	1.38
301.89	1.33
302.265	1.41
302.639	1.41
303.014	1.45
303.388	1.46
303.762	1.53
304.137	1.59
304.511	1.69
304.886	1.68
305.26	1.63
305.634	1.69
306.008	1.78
306.382	1.87
306.757	1.9
307.131	1.83
307.505	1.74
307.879	1.75
308.253	1.68
308.627	1.62
309.001	1.6
309.375	1.58
309.748	1.51
310.122	1.47
310.496	1.37
310.87	1.32
311.243	1.38
311.617	1.36
311.991	1.37
312.364	1.42
312.738	1.4
313.111	1.38
313.485	1.42
313.858	1.53
314.232	1.53
314.605	1.53
314.979	1.57
315.352	1.52
315.725	1.58
316.098	1.56
316.472	1.55
316.845	1.58
317.218	1.62
317.591	1.65
317.964	1.6
318.337	1.61
318.71	1.7
319.083	1.73
319.456	1.78
319.829	1.81
320.202	1.72
320.574	1.68
320.947	1.7
321.32	1.74
321.693	1.78
322.065	1.66
322.438	1.74
322.81	1.69
323.183	1.62
323.555	1.57
323.928	1.49
324.3	1.57
324.673	1.53
325.045	1.48
325.417	1.39
325.79	1.38
326.162	1.38
326.534	1.37
326.906	1.38
327.278	1.4
327.651	1.42
328.023	1.5
328.395	1.51
328.767	1.59
329.139	1.59
329.511	1.61
329.882	1.63
330.254	1.74
330.626	1.69
330.998	1.68
331.37	1.65
331.741	1.66
332.113	1.62
332.485	1.51
332.856	1.48
333.228	1.48
333.599	1.46
333.971	1.39
334.342	1.37
334.714	1.37
335.085	1.39
335.456	1.4
335.828	1.4
336.199	1.4
336.57	1.45
336.941	1.39
337.312	1.42
337.683	1.5
338.054	1.53
338.426	1.49
338.797	1.42
339.167	1.38
339.538	1.37
339.909	1.34
340.28	1.41
340.651	1.36
341.022	1.43
341.392	1.45
341.763	1.43
342.134	1.43
342.504	1.5
342.875	1.58
343.246	1.57
343.616	1.58
343.987	1.6
344.357	1.61
344.727	1.65
345.098	1.65
345.468	1.63
345.838	1.65
346.209	1.65
346.579	1.63
346.949	1.64
347.319	1.66
347.689	1.66
348.059	1.62
348.429	1.54
348.799	1.51
349.169	1.52
349.539	1.53
349.909	1.48
350.279	1.47
350.649	1.45
351.018	1.4
351.388	1.41
351.758	1.46
352.128	1.54
352.497	1.58
352.867	1.56
353.236	1.52
353.606	1.55
353.975	1.6
354.345	1.63
354.714	1.62
355.083	1.65
355.453	1.64
355.822	1.56
356.191	1.51
356.56	1.49
356.93	1.53
357.299	1.57
357.668	1.54
358.037	1.53
358.406	1.52
358.775	1.54
359.144	1.53
359.513	1.51
359.882	1.53
360.25	1.53
360.619	1.56
360.988	1.56
361.357	1.56
361.725	1.59
362.094	1.61
362.463	1.6
362.831	1.58
363.2	1.57
363.568	1.62
363.937	1.65
364.305	1.67
364.673	1.66
365.042	1.68
365.41	1.67
365.778	1.64
366.146	1.63
366.515	1.58
366.883	1.63
367.251	1.65
367.619	1.6
367.987	1.58
368.355	1.58
368.723	1.58
369.091	1.52
369.459	1.56
369.826	1.57
370.194	1.53
370.562	1.57
370.93	1.51
371.297	1.51
371.665	1.55
372.033	1.55
372.4	1.53
372.768	1.51
373.135	1.53
373.503	1.5
373.87	1.48
374.237	1.54
374.605	1.55
374.972	1.56
375.339	1.58
375.707	1.57
376.074	1.54
376.441	1.53
376.808	1.58
377.175	1.58
377.542	1.59
377.909	1.63
378.276	1.57
378.643	1.55
379.01	1.56
379.377	1.56
379.744	1.58
380.11	1.64
380.477	1.66
380.844	1.65
381.21	1.62
381.577	1.61
381.944	1.59
382.31	1.59
382.677	1.59
383.043	1.58
383.409	1.58
383.776	1.56
384.142	1.53
384.508	1.51
384.875	1.5
385.241	1.52
385.607	1.51
385.973	1.51
386.339	1.53
386.705	1.55
387.071	1.58
387.437	1.59
387.803	1.59
388.169	1.6
388.535	1.62
388.901	1.61
389.267	1.6
389.633	1.59
389.998	1.58
390.364	1.59
390.73	1.6
391.095	1.59
391.461	1.57
391.826	1.56
392.192	1.57
392.557	1.57
392.923	1.57
393.288	1.59
393.653	1.6
394.019	1.6
394.384	1.57
394.749	1.56
395.114	1.55
395.479	1.56
395.844	1.57
396.21	1.54
396.575	1.55
396.94	1.56
397.304	1.57
397.669	1.57
398.034	1.57
398.399	1.6
398.764	1.62
399.129	1.62
399.493	1.62
399.858	1.61
400.223	1.61
400.587	1.61
400.952	1.61
401.316	1.61
401.681	1.62
402.045	1.62
402.409	1.59
402.774	1.59
403.138	1.57
403.502	1.57
403.867	1.56
404.231	1.55
404.595	1.54
404.959	1.51
405.323	1.52
405.687	1.51
406.051	1.51
406.415	1.51
406.779	1.52
407.143	1.52
407.507	1.52
407.871	1.54
408.234	1.56
408.598	1.56
408.962	1.57
409.325	1.57
409.689	1.55
410.053	1.57
410.416	1.57
410.78	1.55
411.143	1.56
411.506	1.56
411.87	1.55
412.233	1.55
412.596	1.55
412.96	1.57
413.323	1.57
413.686	1.6
414.049	1.6
414.412	1.59
414.775	1.61
415.138	1.6
415.501	1.6
415.864	1.59
416.227	1.58
416.59	1.58
416.953	1.56
417.315	1.55
417.678	1.53
418.041	1.53
418.404	1.53
418.766	1.52
419.129	1.52
419.491	1.52
419.854	1.52
420.216	1.53
420.579	1.54
420.941	1.55
421.303	1.55
421.666	1.56
422.028	1.54
422.39	1.54
422.752	1.54
423.114	1.53
423.476	1.53
423.839	1.52
424.201	1.52
424.563	1.5
424.924	1.5
425.286	1.49
425.648	1.49
426.01	1.5
426.372	1.51
426.733	1.52
427.095	1.53
427.457	1.54
427.818	1.55
428.18	1.56
428.542	1.57
428.903	1.58
429.264	1.6
429.626	1.61
429.987	1.62
430.349	1.62
430.71	1.61
431.071	1.6
431.432	1.6
431.794	1.6
432.155	1.6
432.516	1.61
432.877	1.61
433.238	1.61
433.599	1.59
433.96	1.57
434.321	1.58
434.681	1.58
435.042	1.59
435.403	1.59
435.764	1.59
436.124	1.58
436.485	1.56
436.846	1.56
437.206	1.56
437.567	1.56
437.927	1.57
438.288	1.57
438.648	1.56
439.008	1.55
439.369	1.54
439.729	1.55
440.089	1.54
440.449	1.55
440.81	1.55
441.17	1.56
441.53	1.57
441.89	1.57
442.25	1.56
442.61	1.57
442.97	1.57
443.33	1.58
443.689	1.57
444.049	1.58
444.409	1.57
444.769	1.57
445.128	1.55
445.488	1.55
445.848	1.55
446.207	1.54
446.567	1.54
446.926	1.55
447.285	1.56
447.645	1.56
448.004	1.56
448.363	1.58
448.723	1.59
449.082	1.6
449.441	1.6
449.8	1.61
450.159	1.63
450.518	1.64
450.877	1.64
451.236	1.64
451.595	1.63
451.954	1.64
452.313	1.63
452.672	1.62
453.031	1.61
453.389	1.61
453.748	1.61
454.107	1.61
454.465	1.6
454.824	1.6
455.182	1.61
455.541	1.62
455.899	1.61
456.258	1.61
456.616	1.62
456.974	1.63
457.333	1.63
457.691	1.61
458.049	1.59
458.407	1.59
458.765	1.59
459.123	1.57
459.481	1.57
459.839	1.57
460.197	1.57
460.555	1.57
460.913	1.57
461.271	1.57
461.629	1.57
461.987	1.59
462.344	1.6
462.702	1.6
463.06	1.62
463.417	1.62
463.775	1.62
464.132	1.63
464.49	1.65
464.847	1.64
465.204	1.63
465.562	1.64
465.919	1.63
466.276	1.63
466.633	1.62
466.991	1.63
467.348	1.63
467.705	1.63
468.062	1.62
468.419	1.6
468.776	1.61
469.133	1.61
469.49	1.61
469.846	1.61
470.203	1.62
470.56	1.62
470.917	1.61
471.273	1.62
471.63	1.63
471.986	1.64
472.343	1.64
472.699	1.65
473.056	1.66
473.412	1.67
473.769	1.68
474.125	1.67
474.481	1.68
474.838	1.69
475.194	1.68
475.55	1.67
475.906	1.65
476.262	1.65
476.618	1.63
476.974	1.64
477.33	1.62
477.686	1.62
478.042	1.63
478.398	1.62
478.753	1.61
479.109	1.62
479.465	1.63
479.821	1.64
480.176	1.65
480.532	1.65
480.887	1.66
481.243	1.66
481.598	1.64
481.954	1.65
482.309	1.66
482.664	1.66
483.02	1.64
483.375	1.63
483.73	1.63
484.085	1.63
484.44	1.63
484.795	1.62
485.15	1.62
485.505	1.62
485.86	1.61
486.215	1.59
486.57	1.58
486.925	1.6
487.28	1.6
487.634	1.6
487.989	1.6
488.344	1.61
488.698	1.61
489.053	1.61
489.407	1.62
489.762	1.61
490.116	1.62
490.471	1.62
490.825	1.62
491.179	1.62
491.534	1.62
491.888	1.62
492.242	1.61
492.596	1.61
492.95	1.61
493.304	1.63
493.658	1.65
494.012	1.67
494.366	1.68
494.72	1.68
495.074	1.71
495.428	1.7
495.782	1.7
496.135	1.7
496.489	1.71
496.843	1.69
497.196	1.69
497.55	1.68
497.903	1.67
498.257	1.68
498.61	1.69
498.963	1.67
499.317	1.68
499.67	1.69
500.023	1.69
500.376	1.68
500.73	1.7
501.083	1.69
501.436	1.7
501.789	1.7
502.142	1.7
502.495	1.69
502.848	1.69
503.201	1.68
503.553	1.68
503.906	1.7
504.259	1.7
504.612	1.69
504.964	1.7
505.317	1.7
505.669	1.69
506.022	1.7
506.374	1.7
506.727	1.7
507.079	1.7
507.432	1.69
507.784	1.68
508.136	1.69
508.488	1.68
508.841	1.68
509.193	1.67
509.545	1.68
509.897	1.68
510.249	1.68
510.601	1.69
510.953	1.7
511.305	1.7
511.656	1.7
512.008	1.71
512.36	1.71
512.712	1.71
513.063	1.72
513.415	1.71
513.766	1.71
514.118	1.7
514.469	1.71
514.821	1.71
515.172	1.71
515.524	1.71
515.875	1.71
516.226	1.73
516.577	1.72
516.929	1.71
517.28	1.7
517.631	1.71
517.982	1.72
518.333	1.71
518.684	1.71
519.035	1.71
519.386	1.71
519.737	1.71
520.087	1.71
520.438	1.72
520.789	1.73
521.139	1.73
521.49	1.73
521.841	1.73
522.191	1.73
522.542	1.71
522.892	1.71
523.243	1.71
523.593	1.69
523.943	1.69
524.293	1.67
524.644	1.67
524.994	1.67
525.344	1.67
525.694	1.68
526.044	1.67
526.394	1.68
526.744	1.67
527.094	1.66
527.444	1.66
527.794	1.66
528.144	1.67
528.493	1.67
528.843	1.67
529.193	1.67
529.542	1.67
529.892	1.68
530.241	1.68
530.591	1.69
530.94	1.7
531.29	1.71
531.639	1.7
531.988	1.7
532.338	1.7
532.687	1.7
533.036	1.7
533.385	1.7
533.734	1.7
534.083	1.7
534.432	1.69
534.781	1.69
535.13	1.69
535.479	1.7
535.828	1.7
536.177	1.7
536.525	1.7
536.874	1.71
537.223	1.71
537.571	1.71
537.92	1.71
538.268	1.72
538.617	1.72
538.965	1.72
539.314	1.71
539.662	1.7
540.01	1.7
540.359	1.7
540.707	1.68
541.055	1.68
541.403	1.68
541.751	1.68
542.099	1.68
542.447	1.68
542.795	1.69
543.143	1.69
543.491	1.7
543.839	1.71
544.187	1.72
544.534	1.73
544.882	1.74
545.23	1.73
545.577	1.74
545.925	1.75
546.272	1.75
546.62	1.75
546.967	1.77
547.314	1.77
547.662	1.77
548.009	1.77
548.356	1.77
548.704	1.77
549.051	1.78
549.398	1.79
549.745	1.8
550.092	1.79
550.439	1.8
550.786	1.8
551.133	1.79
551.479	1.79
551.826	1.8
552.173	1.79
552.52	1.8
552.866	1.8
553.213	1.8
553.56	1.79
553.906	1.8
554.253	1.79
554.599	1.8
554.945	1.8
555.292	1.8
555.638	1.82
555.984	1.83
556.331	1.84
556.677	1.84
557.023	1.85
557.369	1.86
557.715	1.86
558.061	1.88
558.407	1.88
558.753	1.9
559.099	1.89
559.444	1.87
559.79	1.86
560.136	1.86
560.482	1.87
560.827	1.86
561.173	1.86
561.518	1.85
561.864	1.84
562.209	1.84
562.555	1.85
562.9	1.85
563.245	1.85
563.591	1.86
563.936	1.85
564.281	1.85
564.626	1.85
564.971	1.84
565.316	1.84
565.661	1.84
566.006	1.84
566.351	1.83
566.696	1.85
567.041	1.84
567.386	1.83
567.73	1.84
568.075	1.83
568.42	1.82
568.764	1.83
569.109	1.83
569.453	1.83
569.798	1.82
570.142	1.82
570.487	1.81
570.831	1.81
571.175	1.82
571.519	1.82
571.864	1.83
572.208	1.83
572.552	1.84
572.896	1.83
573.24	1.84
573.584	1.84
573.928	1.84
574.272	1.84
574.616	1.84
574.959	1.84
575.303	1.85
575.647	1.84
575.99	1.86
576.334	1.85
576.678	1.85
577.021	1.85
577.364	1.86
577.708	1.87
578.051	1.88
578.395	1.89
578.738	1.91
579.081	1.89
579.424	1.88
579.767	1.88
580.111	1.87
580.454	1.9
580.797	1.9
581.14	1.9
581.482	1.91
581.825	1.91
582.168	1.89
582.511	1.88
582.854	1.89
583.196	1.91
583.539	1.91
583.882	1.93
584.224	1.91
584.567	1.93
584.909	1.92
585.252	1.92
585.594	1.92
585.936	1.93
586.279	1.92
586.621	1.92
586.963	1.92
587.305	1.9
587.647	1.89
587.989	1.9
588.331	1.89
588.673	1.89
589.015	1.89
589.357	1.88
589.699	1.87
590.041	1.87
590.382	1.88
590.724	1.86
591.066	1.87
591.407	1.86
591.749	1.86
592.09	1.85
592.432	1.85
592.773	1.85
593.114	1.87
593.456	1.87
593.797	1.86
594.138	1.87
594.479	1.89
594.821	1.89
595.162	1.89
595.503	1.88
595.844	1.89
596.185	1.89
596.525	1.9
596.866	1.9
597.207	1.92
597.548	1.92
597.889	1.91
598.229	1.91
598.57	1.91
598.91	1.94
599.251	1.96
599.592	1.95
599.932	1.96
600.272	1.94
600.613	1.94
600.953	1.92
601.293	1.91
601.633	1.9
601.974	1.89
602.314	1.88
602.654	1.86
602.994	1.84
603.334	1.83
603.674	1.83
604.014	1.84
604.353	1.84
604.693	1.84
605.033	1.85
605.373	1.86
605.712	1.86
606.052	1.88
606.391	1.9
606.731	1.93
607.07	1.94
607.41	1.93
607.749	1.94
608.088	1.94
608.428	1.95
608.767	1.95
609.106	1.96
609.445	1.98
609.784	1.98
610.123	1.97
610.462	1.97
610.801	1.99
611.14	2
611.479	2.04
611.818	2.04
612.157	2.04
612.495	2.02
612.834	2.01
613.173	2.02
613.511	2
613.85	1.98
614.188	1.99
614.527	1.98
614.865	1.98
615.203	1.95
615.542	1.94
615.88	1.95
616.218	2
616.556	2.01
616.894	1.99
617.233	2
617.571	2.02
617.908	2.03
618.246	2.04
618.584	2.02
618.922	2.02
619.26	2.04
619.598	2.02
619.935	1.99
620.273	1.99
620.611	1.99
620.948	2.02
621.286	2.02
621.623	2.01
621.96	2.02
622.298	2.03
622.635	2.04
622.972	2.05
623.31	2.06
623.647	2.06
623.984	2.09
624.321	2.1
624.658	2.07
624.995	2.06
625.332	2.07
625.669	2.06
626.006	2.05
626.342	2.05
626.679	2.02
627.016	2.01
627.352	2
627.689	1.99
628.026	1.98
628.362	1.96
628.699	1.96
629.035	1.95
629.371	1.96
629.708	1.97
630.044	1.96
630.38	1.97
630.716	2
631.052	2.01
631.388	2.02
631.725	2.02
632.06	2.02
632.396	2.02
632.732	2.01
633.068	1.97
633.404	1.96
633.74	1.96
634.075	1.97
634.411	1.97
634.747	1.97
635.082	1.98
635.418	1.99
635.753	2
636.089	2
636.424	2.04
636.759	2.06
637.095	2.06
637.43	2.07
637.765	2.08
638.1	2.11
638.435	2.1
638.77	2.1
639.105	2.12
639.44	2.12
639.775	2.12
640.11	2.09
640.445	2.1
640.779	2.11
641.114	2.1
641.449	2.05
641.783	2.04
642.118	2.06
642.452	2.05
642.787	2.06
643.121	2.04
643.456	2.04
643.79	2.05
644.124	2.05
644.458	2.03
644.793	2.04
645.127	2.1
645.461	2.09
645.795	2.09
646.129	2.09
646.463	2.09
646.797	2.13
647.13	2.12
647.464	2.1
647.798	2.09
648.132	2.11
648.465	2.1
648.799	2.07
649.132	2.11
649.466	2.13
649.799	2.11
650.133	2.08
650.466	2.09
650.799	2.13
651.133	2.13
651.466	2.17
651.799	2.19
652.132	2.2
652.465	2.24
652.798	2.21
653.131	2.19
653.464	2.24
653.797	2.24
654.13	2.21
654.463	2.19
654.795	2.2
655.128	2.22
655.461	2.19
655.793	2.17
656.126	2.14
656.458	2.15
656.791	2.13
657.123	2.08
657.455	2.08
657.788	2.09
658.12	2.07
658.452	2.06
658.784	2.03
659.116	2.04
659.448	2.09
659.78	2.1
660.112	2.13
660.444	2.16
660.776	2.2
661.108	2.23
661.44	2.24
661.771	2.26
662.103	2.31
662.435	2.32
662.766	2.3
663.098	2.27
663.429	2.26
663.761	2.24
664.092	2.22
664.423	2.19
664.755	2.18
665.086	2.2
665.417	2.22
665.748	2.19
666.079	2.24
666.41	2.31
666.741	2.31
667.072	2.33
667.403	2.32
667.734	2.34
668.065	2.33
668.395	2.32
668.726	2.33
669.057	2.34
669.387	2.34
669.718	2.32
670.048	2.3
670.379	2.3
670.709	2.27
671.039	2.31
671.37	2.3
671.7	2.33
672.03	2.3
672.36	2.27
672.69	2.31
673.02	2.31
673.35	2.28
673.68	2.28
674.01	2.29
674.34	2.29
674.67	2.25
675	2.24
675.329	2.24
675.659	2.28
675.989	2.26
676.318	2.18
676.648	2.17
676.977	2.21
677.307	2.16
677.636	2.13
677.965	2.14
678.295	2.17
678.624	2.18
678.953	2.23
679.282	2.2
679.611	2.18
679.94	2.22
680.269	2.24
680.598	2.25
680.927	2.3
681.256	2.35
681.584	2.35
681.913	2.34
682.242	2.35
682.57	2.33
682.899	2.36
683.228	2.42
683.556	2.42
683.884	2.4
684.213	2.41
684.541	2.37
684.869	2.32
685.198	2.35
685.526	2.38
685.854	2.39
686.182	2.42
686.51	2.45
686.838	2.47
687.166	2.47
687.494	2.49
687.822	2.46
688.149	2.48
688.477	2.49
688.805	2.49
689.133	2.45
689.46	2.41
689.788	2.38
690.115	2.38
690.443	2.36
690.77	2.39
691.097	2.39
691.425	2.4
691.752	2.43
692.079	2.47
692.406	2.52
692.733	2.55
693.06	2.61
693.387	2.66
693.714	2.67
694.041	2.68
694.368	2.69
694.695	2.71
695.021	2.7
695.348	2.64
695.675	2.67
696.001	2.58
696.328	2.56
696.654	2.55
696.981	2.48
697.307	2.47
697.634	2.42
697.96	2.41
698.286	2.38
698.612	2.42
698.938	2.43
699.264	2.44
699.591	2.49
699.917	2.51
700.242	2.49
700.568	2.51
700.894	2.51
701.22	2.55
701.546	2.6
701.871	2.65
702.197	2.64
702.523	2.64
702.848	2.6
703.174	2.58
703.499	2.57
703.824	2.57
704.15	2.57
704.475	2.56
704.8	2.57
705.125	2.53
705.451	2.5
705.776	2.51
706.101	2.52
706.426	2.49
706.751	2.52
707.076	2.54
707.4	2.6
707.725	2.64
708.05	2.68
708.375	2.61
708.699	2.61
709.024	2.69
709.348	2.72
709.673	2.77
709.997	2.8
710.322	2.74
710.646	2.71
710.97	2.67
711.294	2.67
711.619	2.71
711.943	2.77
712.267	2.73
712.591	2.63
712.915	2.61
713.239	2.59
713.563	2.56
713.886	2.6
714.21	2.61
714.534	2.56
714.858	2.51
715.181	2.46
715.505	2.46
715.828	2.49
716.152	2.53
716.475	2.5
716.799	2.47
717.122	2.5
717.445	2.52
717.768	2.52
718.092	2.6
718.415	2.61
718.738	2.6
719.061	2.62
719.384	2.62
719.707	2.63
720.03	2.58
720.352	2.69
720.675	2.66
720.998	2.61
721.32	2.65
721.643	2.59
721.966	2.65
722.288	2.7
722.611	2.69
722.933	2.73
723.255	2.75
723.578	2.85
723.9	2.75
724.222	2.77
724.544	2.82
724.866	2.75
725.188	2.8
725.51	2.77
725.832	2.76
726.154	2.76
726.476	2.75
726.798	2.79
727.12	2.75
727.441	2.76
727.763	2.76
728.085	2.76
728.406	2.79
728.728	2.74
729.049	2.78
729.37	2.78
729.692	2.73
730.013	2.74
730.334	2.68
730.655	2.71
730.977	2.74
731.298	2.78
731.619	2.77
731.94	2.75
732.261	2.73
732.581	2.71
732.902	2.76
733.223	2.86
733.544	2.82
733.864	2.79
734.185	2.79
734.506	2.82
734.826	2.79
735.146	2.74
735.467	2.76
735.787	2.79
736.108	2.81
736.428	2.84
736.748	2.87
737.068	2.9
737.388	2.92
737.708	2.93
738.028	2.97
738.348	3.02
738.668	3.04
738.988	3.11
739.308	3.14
739.628	3.21
739.947	3.13
740.267	3.06
740.586	3.11
740.906	3.18
741.225	3.23
741.545	3.18
741.864	3.17
742.184	3.32
742.503	3.27
742.822	3.36
743.141	3.27
743.46	3.25
743.779	3.27
744.098	3.25
744.417	3.19
744.736	3.07
745.055	3.02
745.374	2.99
745.693	2.9
746.011	2.86
746.33	2.78
746.649	2.85
746.967	2.83
747.286	2.74
747.604	2.67
747.923	2.74
748.241	2.81
748.559	2.87
748.877	2.94
749.196	3.01
749.514	3.16
749.832	3.1
750.15	3.07
750.468	3.12
750.786	3.08
751.104	3.3
751.422	3.33
751.739	3.35
752.057	3.37
752.375	3.29
752.692	3.18
753.01	3.12
753.327	3.32
753.645	3.3
753.962	3.28
754.28	3.36
754.597	3.35
754.914	3.32
755.231	3.32
755.548	3.2
755.866	3.24
756.183	3.14
756.5	3.13
756.816	2.92
757.133	2.81
757.45	2.76
757.767	2.69
758.084	2.49
758.4	2.39
758.717	2.44
759.034	2.61
759.35	2.63
759.667	2.78
759.983	2.78
760.299	2.87
760.616	2.95
760.932	3.02
761.248	3.11
761.564	3.14
761.88	3.17
762.196	3.12
762.512	3.07
762.828	3.01
763.144	2.97
763.46	2.97
763.776	2.94
764.092	2.96
764.407	2.96
764.723	2.9
765.038	2.93
765.354	2.97
765.669	2.89
765.985	2.87
766.3	2.9
766.616	2.95
766.931	2.95
767.246	3.01
767.561	2.97
767.876	2.92
768.191	3.06
768.506	3
768.821	3.06
769.136	3.26
769.451	3.36
769.766	3.49
770.08	3.52
770.395	3.5
770.71	3.46
771.024	3.58
771.339	3.62
771.653	3.53
771.968	3.63
772.282	3.58
772.596	3.45
772.911	3.36
773.225	3.18
773.539	3.05
773.853	3.07
774.167	3.03
774.481	2.96
774.795	3.09
775.109	3.32
775.423	3.22
775.737	3.09
776.05	3.1
776.364	3.09
776.678	3.09
776.991	3.24
777.305	3.32
777.618	3.47
777.931	3.62
778.245	3.47
778.558	3.36
778.871	3.47
779.185	3.64
779.498	3.65
779.811	3.73
780.124	3.79
780.437	3.72
780.75	3.73
781.063	3.54
781.375	3.28
781.688	3.28
782.001	3.15
782.314	3.1
782.626	3.05
782.939	3.04
783.251	3.09
783.564	3.23
783.876	3.29
784.188	3.36
784.501	3.68
784.813	3.85
785.125	3.97
785.437	4.22
785.749	4.4
786.061	4.55
786.373	4.6
786.685	4.48
786.997	4.28
787.309	4.31
787.621	4.26
787.932	4.15
788.244	4.23
788.556	4.26
788.867	4.09
789.179	3.78
789.49	3.73
789.801	3.73
790.113	3.89
790.424	4.01
790.735	3.95
791.046	3.9
791.358	3.83
791.669	3.73
791.98	3.73
792.291	3.74
792.601	3.94
792.912	3.93
793.223	3.95
793.534	3.95
793.845	3.86
794.155	3.98
794.466	3.99
794.776	4.12
795.087	4.1
795.397	4
795.707	4.04
796.018	4.01
796.328	3.91
796.638	3.85
796.948	3.56
797.258	3.66
797.569	3.5
797.879	3.48
798.188	3.31
798.498	3.32
798.808	3.45
799.118	3.43
799.428	3.49
799.737	3.65
800.047	3.64
800.356	3.8
800.666	3.75
800.975	3.87
801.285	3.89
801.594	4.13
801.903	4.29
802.213	4.17
802.522	4.15
802.831	4.07
803.14	3.73
803.449	3.64
803.758	3.43
804.067	3.35
804.376	3.37
804.684	3.11
804.993	3.03
805.302	2.83
805.611	2.99
805.919	2.84
806.228	2.67
806.536	2.83
806.845	2.88
807.153	3.05
807.461	3.29
807.769	3.34
808.078	3.67
808.386	3.68
808.694	3.74
809.002	3.69
809.31	3.79
809.618	4.05
809.926	4.2
810.233	4.03
810.541	4.26
810.849	4.09
811.157	3.99
811.464	3.84
811.772	3.79
812.079	3.78
812.387	3.7
812.694	3.89
813.001	3.88
813.309	3.96
813.616	4.25
813.923	4.14
814.23	4.34
814.537	4.36
814.844	4.46
815.151	4.54
815.458	4.53
815.765	4.59
816.072	4.42
816.378	4.11
816.685	4.05
816.992	4.21
817.298	4.29
817.605	4.3
817.911	4.2
818.218	4.2
818.524	4.19
818.83	4.2
819.136	4.22
819.443	4.53
819.749	4.79
820.055	4.81
820.361	4.79
820.667	4.71
820.973	4.61
821.279	4.53
821.584	4.36
821.89	4.24
822.196	4.21
822.501	4.18
822.807	4.12
823.113	4.14
823.418	4.14
823.723	4.17
824.029	4.13
824.334	4.11
824.639	4.13
824.944	4.21
825.25	4.23
825.555	4.29
825.86	4.35
826.165	4.37
826.47	4.34
826.774	4.31
827.079	4.21
827.384	4.31
827.689	4.25
827.993	4.25
828.298	4.23
828.602	4.36
828.907	4.42
829.211	4.41
829.516	4.39
829.82	4.42
830.124	4.49
830.429	4.49
830.733	4.43
831.037	4.56
831.341	4.55
831.645	4.58
831.949	4.42
832.253	4.27
832.556	4.29
832.86	4.38
833.164	4.38
833.467	4.29
833.771	4.42
834.075	4.38
834.378	4.43
834.682	4.43
834.985	4.46
835.288	4.51
835.591	4.52
835.895	4.48
836.198	4.47
836.501	4.53
836.804	4.7
837.107	4.73
837.41	4.85
837.713	4.93
838.016	5.03
838.318	5.12
838.621	5.17
838.924	5.54
839.226	5.68
839.529	5.59
839.831	5.58
840.134	5.23
840.436	5.04
840.738	4.86
841.041	4.95
841.343	4.94
841.645	4.79
841.947	4.86
842.249	4.54
842.551	4.59
842.853	4.96
843.155	5.08
843.457	5.17
843.758	5.09
844.06	4.9
844.362	4.78
844.663	4.47
844.965	4.77
845.266	4.75
845.568	4.71
845.869	4.25
846.17	4.22
846.472	3.94
846.773	4.08
847.074	4.38
847.375	5.05
847.676	4.89
847.977	4.84
848.278	4.55
848.579	4.7
848.88	4.66
849.181	5.11
849.481	5
849.782	5.48
850.082	5.92
850.383	5.95
850.683	5.66
850.984	5.28
851.284	5.34
851.585	5.25
851.885	5.05
852.185	4.87
852.485	4.69
852.785	4.29
853.085	3.87
853.385	3.21
853.685	3.57
853.985	3.71
854.285	3.95
854.584	3.93
854.884	3.27
855.184	3.01
855.483	3.03
855.783	3.06
856.082	3.47
856.382	3.48
856.681	3.79
856.98	3.8
857.28	3.54
857.579	3.41
857.878	3.92
858.177	4.8
858.476	5.05
858.775	5.09
859.074	5.12
859.373	4.68
859.671	4.32
859.97	4.9
860.269	4.9
860.567	5.55
860.866	5.56
861.165	6.04
861.463	6.48
861.761	6.15
862.06	6.42
862.358	6.53
862.656	6.45
862.954	6.56
863.252	6.07
863.551	5.45
863.849	5.5
864.146	5.86
864.444	5.73
864.742	5.82
865.04	5.65
865.338	6.49
865.635	6.52
865.933	7.64
866.23	8.32
866.528	9.33
866.825	9.71
867.123	9.4
867.42	9.46
867.717	9.7
868.014	8.47
868.312	8.8
868.609	8.08
868.906	7.94
869.203	7.07
869.5	6.43
869.796	5.57
870.093	5.59
870.39	5.5
870.687	5.25
870.983	5.17
871.28	5.88
871.576	6.51
871.873	6.65
872.169	6.89
872.466	6.9
872.762	7.08
873.058	7.17
873.354	6.81
873.65	6.08
873.947	6.02
874.243	5.84
874.538	6.19
874.834	5.71
875.13	5.44
875.426	5.54
875.722	5.83
876.017	6.02
876.313	6.01
876.608	6.6
876.904	7.69
877.199	7.15
877.495	6.67
877.79	5.86
878.085	5.08
878.381	5.03
878.676	5.04
878.971	4.71
879.266	4.66
879.561	4.25
879.856	3.67
880.151	3.47
880.445	4.27
880.74	4.7
881.035	4.9
881.329	5.23
881.624	5.28
881.919	5.1
882.213	5.18
