177.169	79.25
177.554	116.88
177.94	994.74
178.326	355.56
178.711	145.95
179.097	161.3
179.482	-36.85
179.868	18.03
180.253	28.83
180.639	47.98
181.024	88.5
181.409	81.29
181.795	116.88
182.18	-454.74
182.565	235.51
182.95	144.56
183.336	204.48
183.721	97.65
184.106	86.82
184.491	176.26
184.876	87.36
185.261	98.61
185.646	53.34
186.031	22.62
186.416	18.12
186.801	11.64
187.186	6.91
187.57	9.79
187.955	12.35
188.34	18.04
188.725	2.45
189.11	1.68
189.494	6.13
189.879	9.44
190.263	11.55
190.648	11.61
191.033	16.16
191.417	15.65
191.802	13.11
192.186	12.77
192.57	14.8
192.955	22.1
193.339	21.28
193.723	17.36
194.108	16.35
194.492	11.07
194.876	5.59
195.26	-3.76
195.645	2.8
196.029	8.43
196.413	8.27
196.797	5.54
197.181	7.77
197.565	3.59
197.949	5.58
198.333	7.13
198.717	13.54
199.101	20.58
199.484	23.7
199.868	22.26
200.252	19.66
200.636	19.41
201.019	20.88
201.403	20.38
201.787	19
202.17	10.21
202.554	8.34
202.937	10.16
203.321	7.38
203.704	11.35
204.088	14.07
204.471	13.94
204.855	12.67
205.238	17.74
205.621	9.22
206.005	15.69
206.388	20.52
206.771	24.34
207.154	23.93
207.537	23.86
207.921	24.09
208.304	14.75
208.687	12.6
209.07	12.59
209.453	8.59
209.836	16.7
210.219	11.04
210.601	14.52
210.984	11.04
211.367	9.05
211.75	14.37
212.133	17.81
212.515	17.4
212.898	17.74
213.281	18.49
213.663	18.37
214.046	11.45
214.428	17.64
214.811	14.7
215.193	11.77
215.576	5.12
215.958	-0.2
216.341	2.15
216.723	10.46
217.105	11.62
217.488	14
217.87	10.28
218.252	13.02
218.634	13.4
219.017	11.36
219.399	11.79
219.781	16.94
220.163	20.65
220.545	9.52
220.927	4.81
221.309	8.97
221.691	12.33
222.073	17.84
222.455	14.64
222.836	12.18
223.218	10.57
223.6	14.49
223.982	14.7
224.363	13.82
224.745	16.59
225.127	14.63
225.508	13.28
225.89	8.46
226.271	7.75
226.653	7.8
227.034	2.75
227.416	4.84
227.797	3.1
228.178	0.38
228.56	-4.17
228.941	-1.12
229.322	0.82
229.704	-0.81
230.085	-2.49
230.466	-4.49
230.847	-2.29
231.228	3.38
231.609	6.2
231.99	3.86
232.371	6.19
232.752	7.66
233.133	4.78
233.514	3.73
233.895	1.57
234.276	0.68
234.657	2.86
235.037	3.52
235.418	3.64
235.799	0.26
236.179	1.31
236.56	0.86
236.941	-0.47
237.321	-0.66
237.702	-0.32
238.082	2.43
238.463	3.79
238.843	3.66
239.223	3.58
239.604	3.12
239.984	3.91
240.364	3.25
240.745	2.92
241.125	3.38
241.505	3.78
241.885	3.72
242.265	3.2
242.645	3.5
243.025	3.53
243.405	3.63
243.785	3.78
244.165	3.62
244.545	3.46
244.925	3.53
245.305	3.5
245.685	3.44
246.065	3.68
246.444	3.78
246.824	3.76
247.204	3.67
247.583	3.59
247.963	3.63
248.343	3.71
248.722	3.88
249.102	3.88
249.481	4.2
249.861	4.49
250.24	4.51
250.619	4.34
250.999	4.27
251.378	4.52
251.757	4.43
252.136	4.36
252.516	4.3
252.895	4.52
253.274	4.65
253.653	4.26
254.032	3.98
254.411	3.85
254.79	4.34
255.169	4.39
255.548	4.09
255.927	4.44
256.306	4.31
256.685	4.1
257.063	3.84
257.442	3.82
257.821	3.89
258.199	3.89
258.578	3.89
258.957	3.83
259.335	3.79
259.714	3.73
260.092	3.64
260.471	3.7
260.849	3.71
261.228	3.78
261.606	3.79
261.984	3.78
262.363	3.76
262.741	3.77
263.119	3.74
263.497	3.87
263.876	4.02
264.254	4.18
264.632	4.09
265.01	4.09
265.388	4
265.766	3.95
266.144	3.95
266.522	3.99
266.9	3.95
267.278	3.97
267.655	3.95
268.033	3.86
268.411	3.71
268.789	3.66
269.166	3.59
269.544	3.58
269.922	3.62
270.299	3.55
270.677	3.5
271.054	3.51
271.432	3.5
271.809	3.51
272.186	3.47
272.564	3.52
272.941	3.55
273.318	3.65
273.696	3.64
274.073	3.65
274.45	3.72
274.827	3.69
275.204	3.6
275.582	3.54
275.959	3.5
276.336	3.64
276.713	3.69
277.09	3.74
277.466	3.67
277.843	3.67
278.22	3.62
278.597	3.54
278.974	3.54
279.35	3.58
279.727	3.57
280.104	3.53
280.48	3.54
280.857	3.49
281.234	3.51
281.61	3.47
281.987	3.49
282.363	3.44
282.74	3.44
283.116	3.44
283.492	3.44
283.869	3.48
284.245	3.55
284.621	3.5
284.997	3.5
285.373	3.49
285.75	3.52
286.126	3.57
286.502	3.64
286.878	3.67
287.254	3.86
287.63	3.95
288.006	4.06
288.382	4.12
288.757	4.19
289.133	4.27
289.509	4.3
289.885	4.4
290.26	4.36
290.636	4.41
291.012	4.48
291.387	4.42
291.763	4.44
292.139	4.47
292.514	4.41
292.889	4.49
293.265	4.54
293.64	4.65
294.016	4.72
294.391	4.77
294.766	4.75
295.142	4.79
295.517	4.85
295.892	4.97
296.267	4.98
296.642	5.09
297.017	5.13
297.392	5.18
297.767	5.15
298.142	5.16
298.517	5.24
298.892	5.31
299.267	5.37
299.642	5.48
300.017	5.46
300.391	5.51
300.766	5.57
301.141	5.64
301.515	5.66
301.89	5.8
302.265	5.87
302.639	5.92
303.014	6.05
303.388	6.17
303.762	6.18
304.137	6.24
304.511	6.32
304.886	6.33
305.26	6.29
305.634	6.3
306.008	6.31
306.382	6.36
306.757	6.42
307.131	6.39
307.505	6.37
307.879	6.33
308.253	6.35
308.627	6.37
309.001	6.48
309.375	6.57
309.748	6.64
310.122	6.71
310.496	6.75
310.87	6.8
311.243	6.83
311.617	6.88
311.991	7.02
312.364	7.11
312.738	7.16
313.111	7.13
313.485	7.13
313.858	7.18
314.232	7.14
314.605	7.14
314.979	7.12
315.352	7.19
315.725	7.21
316.098	7.19
316.472	7.15
316.845	7.18
317.218	7.29
317.591	7.36
317.964	7.34
318.337	7.42
318.71	7.48
319.083	7.58
319.456	7.55
319.829	7.62
320.202	7.73
320.574	7.82
320.947	7.82
321.32	7.86
321.693	7.96
322.065	8.01
322.438	8.12
322.81	8.17
323.183	8.19
323.555	8.26
323.928	8.28
324.3	8.22
324.673	8.24
325.045	8.33
325.417	8.31
325.79	8.33
326.162	8.4
326.534	8.44
326.906	8.47
327.278	8.53
327.651	8.58
328.023	8.58
328.395	8.63
328.767	8.66
329.139	8.66
329.511	8.73
329.882	8.7
330.254	8.65
330.626	8.61
330.998	8.63
331.37	8.61
331.741	8.61
332.113	8.66
332.485	8.75
332.856	8.81
333.228	8.82
333.599	8.79
333.971	8.83
334.342	8.87
334.714	8.93
335.085	8.87
335.456	8.89
335.828	8.97
336.199	8.99
336.57	8.95
336.941	8.95
337.312	8.99
337.683	9.1
338.054	9.11
338.426	9.06
338.797	9.05
339.167	9.09
339.538	9.08
339.909	9
340.28	8.95
340.651	8.98
341.022	9.05
341.392	9.08
341.763	9.08
342.134	9.09
342.504	9.17
342.875	9.2
343.246	9.19
343.616	9.25
343.987	9.3
344.357	9.34
344.727	9.33
345.098	9.25
345.468	9.21
345.838	9.2
346.209	9.23
346.579	9.15
346.949	9.15
347.319	9.24
347.689	9.26
348.059	9.24
348.429	9.29
348.799	9.32
349.169	9.34
349.539	9.41
349.909	9.43
350.279	9.4
350.649	9.47
351.018	9.46
351.388	9.41
351.758	9.43
352.128	9.46
352.497	9.47
352.867	9.47
353.236	9.49
353.606	9.5
353.975	9.5
354.345	9.55
354.714	9.55
355.083	9.58
355.453	9.6
355.822	9.55
356.191	9.59
356.56	9.6
356.93	9.61
357.299	9.59
357.668	9.57
358.037	9.57
358.406	9.58
358.775	9.62
359.144	9.59
359.513	9.58
359.882	9.63
360.25	9.62
360.619	9.58
360.988	9.59
361.357	9.6
361.725	9.58
362.094	9.59
362.463	9.58
362.831	9.56
363.2	9.55
363.568	9.58
363.937	9.54
364.305	9.51
364.673	9.55
365.042	9.56
365.41	9.54
365.778	9.58
366.146	9.57
366.515	9.56
366.883	9.54
367.251	9.56
367.619	9.56
367.987	9.61
368.355	9.64
368.723	9.67
369.091	9.68
369.459	9.71
369.826	9.72
370.194	9.73
370.562	9.76
370.93	9.76
371.297	9.77
371.665	9.77
372.033	9.76
372.4	9.77
372.768	9.74
373.135	9.76
373.503	9.74
373.87	9.72
374.237	9.74
374.605	9.73
374.972	9.75
375.339	9.76
375.707	9.78
376.074	9.76
376.441	9.74
376.808	9.75
377.175	9.74
377.542	9.76
377.909	9.77
378.276	9.79
378.643	9.79
379.01	9.79
379.377	9.79
379.744	9.78
380.11	9.81
380.477	9.84
380.844	9.84
381.21	9.84
381.577	9.81
381.944	9.82
382.31	9.79
382.677	9.79
383.043	9.83
383.409	9.84
383.776	9.84
384.142	9.82
384.508	9.81
384.875	9.81
385.241	9.81
385.607	9.81
385.973	9.79
386.339	9.8
386.705	9.83
387.071	9.82
387.437	9.81
387.803	9.82
388.169	9.85
388.535	9.85
388.901	9.85
389.267	9.9
389.633	9.93
389.998	9.95
390.364	9.96
390.73	9.95
391.095	9.94
391.461	9.96
391.826	9.97
392.192	9.97
392.557	9.97
392.923	9.98
393.288	9.94
393.653	9.93
394.019	9.94
394.384	9.93
394.749	9.93
395.114	9.96
395.479	9.97
395.844	9.95
396.21	9.93
396.575	9.92
396.94	9.95
397.304	9.95
397.669	9.98
398.034	9.99
398.399	9.99
398.764	9.98
399.129	9.96
399.493	9.97
399.858	9.98
400.223	9.99
400.587	10.02
400.952	9.99
401.316	9.99
401.681	9.97
402.045	9.95
402.409	9.97
402.774	9.99
403.138	10
403.502	10.01
403.867	10.03
404.231	10.04
404.595	10.03
404.959	10.03
405.323	10.05
405.687	10.09
406.051	10.12
406.415	10.1
406.779	10.1
407.143	10.1
407.507	10.09
407.871	10.06
408.234	10.08
408.598	10.09
408.962	10.11
409.325	10.11
409.689	10.09
410.053	10.07
410.416	10.08
410.78	10.06
411.143	10.09
411.506	10.08
411.87	10.09
412.233	10.1
412.596	10.1
412.96	10.09
413.323	10.08
413.686	10.08
414.049	10.06
414.412	10.07
414.775	10.06
415.138	10.04
415.501	10.03
415.864	10
416.227	9.99
416.59	9.99
416.953	9.97
417.315	9.97
417.678	9.95
418.041	9.94
418.404	9.93
418.766	9.91
419.129	9.9
419.491	9.92
419.854	9.93
420.216	9.93
420.579	9.93
420.941	9.94
421.303	9.93
421.666	9.92
422.028	9.93
422.39	9.92
422.752	9.94
423.114	9.95
423.476	9.94
423.839	9.95
424.201	9.96
424.563	9.95
424.924	9.97
425.286	9.98
425.648	10.01
426.01	10.03
426.372	10.05
426.733	10.06
427.095	10.07
427.457	10.08
427.818	10.08
428.18	10.07
428.542	10.08
428.903	10.06
429.264	10.04
429.626	10.03
429.987	10
430.349	9.98
430.71	9.97
431.071	9.97
431.432	9.96
431.794	9.96
432.155	9.95
432.516	9.95
432.877	9.95
433.238	9.95
433.599	9.95
433.96	9.98
434.321	9.99
434.681	10.02
435.042	10.02
435.403	10.02
435.764	10.03
436.124	10.04
436.485	10.03
436.846	10.03
437.206	10.01
437.567	10.01
437.927	10
438.288	9.98
438.648	9.97
439.008	9.98
439.369	9.99
439.729	9.99
440.089	9.99
440.449	9.99
440.81	10
441.17	10.02
441.53	10.02
441.89	10.02
442.25	10.02
442.61	10.02
442.97	10.01
443.33	9.99
443.689	9.97
444.049	9.96
444.409	9.94
444.769	9.93
445.128	9.93
445.488	9.93
445.848	9.95
446.207	9.95
446.567	9.96
446.926	9.97
447.285	9.97
447.645	9.98
448.004	10
448.363	10.02
448.723	10.04
449.082	10.06
449.441	10.07
449.8	10.06
450.159	10.06
450.518	10.05
450.877	10.04
451.236	10.07
451.595	10.06
451.954	10.06
452.313	10.06
452.672	10.06
453.031	10.04
453.389	10.05
453.748	10.04
454.107	10.04
454.465	10.05
454.824	10.06
455.182	10.03
455.541	10.04
455.899	10.03
456.258	10.02
456.616	10.01
456.974	9.99
457.333	9.97
457.691	9.96
458.049	9.97
458.407	9.98
458.765	9.99
459.123	10
459.481	10.02
459.839	10.02
460.197	10.02
460.555	10.03
460.913	10.05
461.271	10.08
461.629	10.11
461.987	10.11
462.344	10.12
462.702	10.12
463.06	10.12
463.417	10.11
463.775	10.11
464.132	10.12
464.49	10.09
464.847	10.08
465.204	10.07
465.562	10.06
465.919	10.06
466.276	10.05
466.633	10.05
466.991	10.05
467.348	10.04
467.705	10.04
468.062	10.05
468.419	10.07
468.776	10.08
469.133	10.08
469.49	10.08
469.846	10.09
470.203	10.09
470.56	10.07
470.917	10.07
471.273	10.07
471.63	10.08
471.986	10.07
472.343	10.08
472.699	10.07
473.056	10.07
473.412	10.07
473.769	10.05
474.125	10.05
474.481	10.06
474.838	10.07
475.194	10.07
475.55	10.07
475.906	10.06
476.262	10.05
476.618	10.04
476.974	10.02
477.33	10.02
477.686	10.03
478.042	10.03
478.398	10.02
478.753	10.01
479.109	10
479.465	9.99
479.821	9.98
480.176	9.97
480.532	9.96
480.887	9.94
481.243	9.93
481.598	10.04
481.954	10.31
482.309	10.54
482.664	10.58
483.02	10.49
483.375	10.33
483.73	10.34
484.085	10.34
484.44	10.33
484.795	10.34
485.15	10.34
485.505	10.29
485.86	10.11
486.215	9.91
486.57	9.84
486.925	9.9
487.28	10.05
487.634	10.05
487.989	10.05
488.344	10.05
488.698	10.05
489.053	10.05
489.407	10.03
489.762	10.02
490.116	10.01
490.471	10.01
490.825	10.01
491.179	10.01
491.534	10
491.888	10.01
492.242	10.02
492.596	10.03
492.95	10.04
493.304	10.07
493.658	10.08
494.012	10.08
494.366	10.06
494.72	10.03
495.074	10.02
495.428	10.01
495.782	10
496.135	10
496.489	9.99
496.843	9.99
497.196	10
497.55	10
497.903	10.01
498.257	10.02
498.61	10.03
498.963	10.04
499.317	10.04
499.67	10.04
500.023	10.04
500.376	10.04
500.73	10.04
501.083	10.04
501.436	10.05
501.789	10.05
502.142	10.04
502.495	10.04
502.848	10.04
503.201	10.04
503.553	10.05
503.906	10.05
504.259	10.06
504.612	10.07
504.964	10.06
505.317	10.05
505.669	10.06
506.022	10.05
506.374	10.04
506.727	10.04
507.079	10.03
507.432	10.03
507.784	10.03
508.136	10.02
508.488	10.01
508.841	10.02
509.193	10.03
509.545	10.03
509.897	10.04
510.249	10.04
510.601	10.03
510.953	10.04
511.305	10.06
511.656	10.07
512.008	10.08
512.36	10.07
512.712	10.08
513.063	10.08
513.415	10.07
513.766	10.07
514.118	10.08
514.469	10.09
514.821	10.07
515.172	10.06
515.524	10.04
515.875	10.03
516.226	10.02
516.577	10.01
516.929	9.99
517.28	10
517.631	10.01
517.982	10.01
518.333	10.02
518.684	10.03
519.035	10.04
519.386	10.05
519.737	10.06
520.087	10.06
520.438	10.06
520.789	10.08
521.139	10.07
521.49	10.06
521.841	10.05
522.191	10.04
522.542	10.02
522.892	10
523.243	9.99
523.593	9.96
523.943	9.96
524.293	9.96
524.644	9.97
524.994	9.97
525.344	9.98
525.694	9.99
526.044	9.98
526.394	9.98
526.744	10.05
527.094	10.12
527.444	10.12
527.794	10.15
528.144	10.17
528.493	10.18
528.843	10.19
529.193	10.2
529.542	10.2
529.892	10.21
530.241	10.23
530.591	10.19
530.94	10.11
531.29	10.11
531.639	10.07
531.988	10.04
532.338	10.05
532.687	10.05
533.036	10.05
533.385	10.05
533.734	10.05
534.083	10.05
534.432	10.06
534.781	10.06
535.13	10.07
535.479	10.08
535.828	10.09
536.177	10.08
536.525	10.07
536.874	10.07
537.223	10.07
537.571	10.07
537.92	10.07
538.268	10.05
538.617	10.05
538.965	10.03
539.314	10.02
539.662	10.02
540.01	10.04
540.359	10.05
540.707	10.05
541.055	10.07
541.403	10.08
541.751	10.08
542.099	10.1
542.447	10.11
542.795	10.14
543.143	10.15
543.491	10.15
543.839	10.14
544.187	10.12
544.534	10.11
544.882	10.09
545.23	10.08
545.577	10.09
545.925	10.08
546.272	10.08
546.62	10.09
546.967	10.09
547.314	10.09
547.662	10.11
548.009	10.13
548.356	10.14
548.704	10.14
549.051	10.16
549.398	10.15
549.745	10.14
550.092	10.13
550.439	10.1
550.786	10.09
551.133	10.08
551.479	10.06
551.826	10.07
552.173	10.06
552.52	10.08
552.866	10.07
553.213	10.07
553.56	10.08
553.906	10.08
554.253	10.1
554.599	10.1
554.945	10.11
555.292	10.13
555.638	10.11
555.984	10.11
556.331	10.11
556.677	10.13
557.023	10.14
557.369	10.13
557.715	10.14
558.061	10.14
558.407	10.15
558.753	10.15
559.099	10.14
559.444	10.16
559.79	10.14
560.136	10.13
560.482	10.1
560.827	10.11
561.173	10.11
561.518	10.11
561.864	10.1
562.209	10.1
562.555	10.09
562.9	10.1
563.245	10.08
563.591	10.09
563.936	10.1
564.281	10.1
564.626	10.09
564.971	10.1
565.316	10.1
565.661	10.11
566.006	10.12
566.351	10.11
566.696	10.12
567.041	10.12
567.386	10.13
567.73	10.13
568.075	10.15
568.42	10.16
568.764	10.15
569.109	10.15
569.453	10.14
569.798	10.13
570.142	10.14
570.487	10.12
570.831	10.13
571.175	10.13
571.519	10.13
571.864	10.12
572.208	10.12
572.552	10.14
572.896	10.15
573.24	10.16
573.584	10.17
573.928	10.17
574.272	10.19
574.616	10.2
574.959	10.2
575.303	10.2
575.647	10.2
575.99	10.2
576.334	10.19
576.678	10.19
577.021	10.2
577.364	10.2
577.708	10.21
578.051	10.19
578.395	10.18
578.738	10.17
579.081	10.16
579.424	10.15
579.767	10.14
580.111	10.14
580.454	10.15
580.797	10.14
581.14	10.15
581.482	10.14
581.825	10.14
582.168	10.15
582.511	10.16
582.854	10.17
583.196	10.18
583.539	10.18
583.882	10.17
584.224	10.17
584.567	10.18
584.909	10.18
585.252	10.19
585.594	10.19
585.936	10.19
586.279	10.17
586.621	10.17
586.963	10.18
587.305	10.22
587.647	10.21
587.989	10.22
588.331	10.22
588.673	10.21
589.015	10.19
589.357	10.2
589.699	10.21
590.041	10.21
590.382	10.23
590.724	10.22
591.066	10.18
591.407	10.19
591.749	10.18
592.09	10.17
592.432	10.17
592.773	10.2
593.114	10.18
593.456	10.17
593.797	10.18
594.138	10.15
594.479	10.15
594.821	10.16
595.162	10.15
595.503	10.13
595.844	10.13
596.185	10.14
596.525	10.13
596.866	10.14
597.207	10.14
597.548	10.14
597.889	10.15
598.229	10.14
598.57	10.15
598.91	10.17
599.251	10.19
599.592	10.21
599.932	10.22
600.272	10.23
600.613	10.23
600.953	10.25
601.293	10.25
601.633	10.26
601.974	10.29
602.314	10.28
602.654	10.28
602.994	10.27
603.334	10.27
603.674	10.26
604.014	10.28
604.353	10.3
604.693	10.31
605.033	10.32
605.373	10.34
605.712	10.34
606.052	10.34
606.391	10.35
606.731	10.36
607.07	10.36
607.41	10.34
607.749	10.33
608.088	10.32
608.428	10.32
608.767	10.32
609.106	10.32
609.445	10.32
609.784	10.34
610.123	10.34
610.462	10.36
610.801	10.38
611.14	10.39
611.479	10.4
611.818	10.38
612.157	10.38
612.495	10.36
612.834	10.35
613.173	10.34
613.511	10.31
613.85	10.3
614.188	10.31
614.527	10.32
614.865	10.33
615.203	10.31
615.542	10.33
615.88	10.35
616.218	10.37
616.556	10.38
616.894	10.4
617.233	10.4
617.571	10.4
617.908	10.37
618.246	10.35
618.584	10.37
618.922	10.4
619.26	10.39
619.598	10.38
619.935	10.36
620.273	10.36
620.611	10.37
620.948	10.36
621.286	10.38
621.623	10.42
621.96	10.42
622.298	10.43
622.635	10.45
622.972	10.47
623.31	10.45
623.647	10.48
623.984	10.48
624.321	10.47
624.658	10.48
624.995	10.47
625.332	10.45
625.669	10.47
626.006	10.47
626.342	10.46
626.679	10.44
627.016	10.48
627.352	10.49
627.689	10.49
628.026	10.51
628.362	10.51
628.699	10.51
629.035	10.49
629.371	10.46
629.708	10.44
630.044	10.43
630.38	10.47
630.716	10.44
631.052	10.41
631.388	10.43
631.725	10.42
632.06	10.41
632.396	10.43
632.732	10.46
633.068	10.48
633.404	10.48
633.74	10.48
634.075	10.44
634.411	10.42
634.747	10.45
635.082	10.44
635.418	10.46
635.753	10.51
636.089	10.53
636.424	10.55
636.759	10.55
637.095	10.56
637.43	10.57
637.765	10.61
638.1	10.62
638.435	10.59
638.77	10.59
639.105	10.57
639.44	10.54
639.775	10.53
640.11	10.53
640.445	10.54
640.779	10.53
641.114	10.51
641.449	10.51
641.783	10.5
642.118	10.53
642.452	10.54
642.787	10.53
643.121	10.52
643.456	10.5
643.79	10.47
644.124	10.47
644.458	10.5
644.793	10.52
645.127	10.54
645.461	10.57
645.795	10.59
646.129	10.61
646.463	10.61
646.797	10.58
647.13	10.58
647.464	10.58
647.798	10.57
648.132	10.55
648.465	10.56
648.799	10.56
649.132	10.55
649.466	10.51
649.799	10.51
650.133	10.53
650.466	10.58
650.799	10.62
651.133	10.63
651.466	10.63
651.799	10.63
652.132	10.63
652.465	10.65
652.798	10.68
653.131	10.72
653.464	10.72
653.797	10.71
654.13	10.72
654.463	10.72
654.795	10.7
655.128	10.73
655.461	10.74
655.793	10.74
656.126	10.74
656.458	10.73
656.791	10.72
657.123	10.69
657.455	10.71
657.788	10.72
658.12	10.7
658.452	10.72
658.784	10.73
659.116	10.75
659.448	10.75
659.78	10.74
660.112	10.76
660.444	10.79
660.776	10.85
661.108	10.84
661.44	10.85
661.771	10.86
662.103	10.89
662.435	10.88
662.766	10.88
663.098	10.94
663.429	10.92
663.761	10.85
664.092	10.82
664.423	10.8
664.755	10.82
665.086	10.8
665.417	10.84
665.748	10.8
666.079	10.83
666.41	10.82
666.741	10.79
667.072	10.81
667.403	10.84
667.734	10.85
668.065	10.85
668.395	10.85
668.726	10.85
669.057	10.84
669.387	10.89
669.718	10.87
670.048	10.9
670.379	10.89
670.709	10.93
671.039	10.94
671.37	10.96
671.7	10.98
672.03	10.97
672.36	10.98
672.69	10.96
673.02	10.94
673.35	10.96
673.68	10.95
674.01	10.95
674.34	10.95
674.67	10.94
675	10.94
675.329	10.92
675.659	10.95
675.989	10.95
676.318	10.98
676.648	10.97
676.977	10.95
677.307	10.93
677.636	10.93
677.965	10.89
678.295	10.9
678.624	10.91
678.953	10.95
679.282	10.98
679.611	11
679.94	10.98
680.269	10.99
680.598	11.03
680.927	11.05
681.256	11.09
681.584	11.1
681.913	11.08
682.242	11.07
682.57	11.04
682.899	11.02
683.228	11.05
683.556	11.06
683.884	11.1
684.213	11.06
684.541	11.07
684.869	11.05
685.198	11.08
685.526	11.07
685.854	11.09
686.182	11.11
686.51	11.1
686.838	11.09
687.166	11.1
687.494	11.09
687.822	11.08
688.149	11.1
688.477	11.09
688.805	11.09
689.133	11.14
689.46	11.1
689.788	11.07
690.115	11.07
690.443	11.08
690.77	11.13
691.097	11.14
691.425	11.15
691.752	11.09
692.079	11.08
692.406	11.09
692.733	11.09
693.06	11.14
693.387	11.14
693.714	11.1
694.041	11.11
694.368	11.06
694.695	11.08
695.021	11.06
695.348	11.1
695.675	11.13
696.001	11.08
696.328	11.06
696.654	11.04
696.981	11.05
697.307	11.07
697.634	11.06
697.96	11.08
698.286	11.09
698.612	11.13
698.938	11.13
699.264	11.15
699.591	11.19
699.917	11.24
700.242	11.27
700.568	11.32
700.894	11.37
701.22	11.38
701.546	11.42
701.871	11.44
702.197	11.44
702.523	11.43
702.848	11.39
703.174	11.39
703.499	11.3
703.824	11.3
704.15	11.25
704.475	11.23
704.8	11.22
705.125	11.18
705.451	11.13
705.776	11.14
706.101	11.2
706.426	11.22
706.751	11.23
707.076	11.22
707.4	11.29
707.725	11.32
708.05	11.3
708.375	11.31
708.699	11.38
709.024	11.42
709.348	11.43
709.673	11.43
709.997	11.47
710.322	11.48
710.646	11.57
710.97	11.51
711.294	11.54
711.619	11.6
711.943	11.63
712.267	11.6
712.591	11.6
712.915	11.58
713.239	11.6
713.563	11.63
713.886	11.64
714.21	11.62
714.534	11.61
714.858	11.58
715.181	11.54
715.505	11.53
715.828	11.55
716.152	11.51
716.475	11.57
716.799	11.6
717.122	11.6
717.445	11.64
717.768	11.72
718.092	11.7
718.415	11.72
718.738	11.75
719.061	11.73
719.384	11.71
719.707	11.76
720.03	11.71
720.352	11.68
720.675	11.66
720.998	11.6
721.32	11.53
721.643	11.62
721.966	11.65
722.288	11.7
722.611	11.65
722.933	11.62
723.255	11.55
723.578	11.56
723.9	11.52
724.222	11.56
724.544	11.64
724.866	11.69
725.188	11.69
725.51	11.67
725.832	11.64
726.154	11.76
726.476	11.8
726.798	11.87
727.12	11.88
727.441	11.93
727.763	11.92
728.085	11.9
728.406	11.86
728.728	11.89
729.049	11.91
729.37	11.94
729.692	11.91
730.013	11.89
730.334	11.9
730.655	11.89
730.977	11.9
731.298	11.89
731.619	11.91
731.94	11.95
732.261	11.89
732.581	11.88
732.902	11.87
733.223	11.93
733.544	12.03
733.864	12.06
734.185	12.05
734.506	12.05
734.826	12.07
735.146	12.07
735.467	12.02
735.787	12.09
736.108	12.1
736.428	12.07
736.748	12.07
737.068	12
737.388	12.01
737.708	12.02
738.028	12.01
738.348	12.04
738.668	12.03
738.988	12.04
739.308	12.03
739.628	12.05
739.947	12.05
740.267	12.03
740.586	12.02
740.906	12.05
741.225	12.1
741.545	12.13
741.864	12.15
742.184	12.14
742.503	12.09
742.822	12.08
743.141	12.15
743.46	12.17
743.779	12.17
744.098	12.13
744.417	12.11
744.736	12.12
745.055	12.11
745.374	12.06
745.693	11.96
746.011	12.03
746.33	12.09
746.649	12.03
746.967	12.03
747.286	12.03
747.604	12.03
747.923	12
748.241	11.93
748.559	11.97
748.877	11.94
749.196	12.07
749.514	12
749.832	11.95
750.15	11.98
750.468	11.98
750.786	11.98
751.104	12.03
751.422	12.07
751.739	12.12
752.057	12.13
752.375	12.14
752.692	12.11
753.01	12.17
753.327	12.21
753.645	12.12
753.962	12.28
754.28	12.24
754.597	12.26
754.914	12.27
755.231	12.24
755.548	12.23
755.866	12.24
756.183	12.14
756.5	12.21
756.816	12.14
757.133	12.11
757.45	11.94
757.767	11.9
758.084	11.93
758.4	11.91
758.717	11.81
759.034	11.9
759.35	12.01
759.667	12.18
759.983	12.15
760.299	12.21
760.616	12.34
760.932	12.43
761.248	12.46
761.564	12.52
761.88	12.52
762.196	12.55
762.512	12.45
762.828	12.32
763.144	12.28
763.46	12.32
763.776	12.35
764.092	12.35
764.407	12.32
764.723	12.31
765.038	12.31
765.354	12.38
765.669	12.45
765.985	12.48
766.3	12.54
766.616	12.55
766.931	12.51
767.246	12.51
767.561	12.53
767.876	12.56
768.191	12.69
768.506	12.56
768.821	12.4
769.136	12.41
769.451	12.48
769.766	12.52
770.08	12.5
770.395	12.58
770.71	12.51
771.024	12.58
771.339	12.62
771.653	12.54
771.968	12.75
772.282	12.96
772.596	13.03
772.911	12.97
773.225	13.06
773.539	13.08
773.853	13.11
774.167	13.21
774.481	13.17
774.795	13.09
775.109	13.16
775.423	13.15
775.737	13.25
776.05	13.18
776.364	13.31
776.678	13.19
776.991	13.27
777.305	13.15
777.618	13.14
777.931	13.18
778.245	13.16
778.558	13.18
778.871	13.16
779.185	12.99
779.498	12.99
779.811	13.02
780.124	13.17
780.437	13.07
780.75	13.03
781.063	13.06
781.375	13.11
781.688	13.2
782.001	13.22
782.314	13.14
782.626	13.21
782.939	13.34
783.251	13.23
783.564	13.15
783.876	13.22
784.188	13.33
784.501	13.41
784.813	13.42
785.125	13.39
785.437	13.32
785.749	13.2
786.061	13.07
786.373	12.93
786.685	12.94
786.997	12.99
787.309	13.14
787.621	13.14
787.932	13.05
788.244	13.04
788.556	13.04
788.867	13.01
789.179	13.1
789.49	13.1
789.801	13.15
790.113	13.12
790.424	13.12
790.735	12.87
791.046	12.85
791.358	12.85
791.669	12.79
791.98	12.85
792.291	12.93
792.601	12.92
792.912	12.9
793.223	12.9
793.534	13.09
793.845	13.04
794.155	13.24
794.466	13.44
794.776	13.43
795.087	13.37
795.397	13.31
795.707	13.38
796.018	13.62
796.328	13.78
796.638	13.72
796.948	13.64
797.258	13.79
797.569	13.81
797.879	13.7
798.188	13.68
798.498	13.74
798.808	13.88
799.118	13.85
799.428	13.86
799.737	13.78
800.047	13.98
800.356	13.79
800.666	13.76
800.975	13.65
801.285	13.6
801.594	13.63
801.903	13.81
802.213	13.84
802.522	13.69
802.831	13.65
803.14	13.65
803.449	13.53
803.758	13.7
804.067	13.64
804.376	13.74
804.684	13.75
804.993	13.81
805.302	13.64
805.611	13.48
805.919	13.58
806.228	13.66
806.536	13.61
806.845	13.52
807.153	13.62
807.461	13.53
807.769	13.68
808.078	13.74
808.386	13.65
808.694	13.7
809.002	13.81
809.31	13.85
809.618	13.64
809.926	13.77
810.233	14.01
810.541	13.81
810.849	13.96
811.157	13.84
811.464	13.72
811.772	13.65
812.079	13.66
812.387	13.55
812.694	13.34
813.001	13.42
813.309	13.41
813.616	13.27
813.923	13.59
814.23	13.67
814.537	13.69
814.844	13.8
815.151	13.7
815.458	13.54
815.765	13.83
816.072	14
816.378	13.96
816.685	14.03
816.992	14.18
817.298	13.93
817.605	13.92
817.911	14.12
818.218	13.93
818.524	14.14
818.83	14.22
819.136	14.09
819.443	13.91
819.749	13.85
820.055	13.74
820.361	13.53
820.667	13.51
820.973	13.25
821.279	13.1
821.584	13.16
821.89	13.14
822.196	13.14
822.501	13.13
822.807	13.23
823.113	13.26
823.418	13.27
823.723	13.31
824.029	13.33
824.334	13.41
824.639	13.43
824.944	13.5
825.25	13.57
825.555	13.63
825.86	13.69
826.165	13.69
826.47	13.67
826.774	13.69
827.079	13.73
827.384	13.77
827.689	13.8
827.993	13.94
828.298	13.99
828.602	14
828.907	14
829.211	14.08
829.516	14.21
829.82	14.43
830.124	14.47
830.429	14.58
830.733	14.67
831.037	14.9
831.341	14.83
831.645	15.01
831.949	14.91
832.253	14.88
832.556	14.69
832.86	14.56
833.164	14.38
833.467	14.36
833.771	14.34
834.075	14.27
834.378	14.09
834.682	14.1
834.985	13.95
835.288	14.09
835.591	14.13
835.895	14.21
836.198	14.19
836.501	14.44
836.804	14.46
837.107	14.49
837.41	14.5
837.713	14.63
838.016	14.75
838.318	14.96
838.621	15.18
838.924	15.42
839.226	15.36
839.529	15.54
839.831	15.17
840.134	15.49
840.436	15.47
840.738	15.57
841.041	15.56
841.343	15.33
841.645	15.27
841.947	15.18
842.249	15.1
842.551	15.36
842.853	15.22
843.155	15.23
843.457	15.27
843.758	15.11
844.06	15.26
844.362	15.39
844.663	15.58
844.965	15.37
845.266	15.49
845.568	15.24
845.869	15.19
846.17	15.3
846.472	15.35
846.773	15.13
847.074	14.85
847.375	14.78
847.676	14.63
847.977	14.65
848.278	14.42
848.579	14.29
848.88	14.78
849.181	14.69
849.481	15.31
849.782	15.3
850.082	15.8
850.383	16.14
850.683	16.37
850.984	16.36
851.284	16.23
851.585	16.52
851.885	15.85
852.185	15.06
852.485	15.21
852.785	14.29
853.085	14.66
853.385	14.8
853.685	15.26
853.985	14.91
854.285	14.38
854.584	14.48
854.884	14.27
855.184	15.2
855.483	15.5
855.783	14.9
856.082	14.09
856.382	13.75
856.681	13.37
856.98	12.77
857.28	12.76
857.579	12.96
857.878	12.59
858.177	13.07
858.476	12.99
858.775	13.04
859.074	13.02
859.373	13.58
859.671	13.25
859.97	12.37
860.269	12.43
860.567	12.7
860.866	12.22
861.165	12.51
861.463	12.49
861.761	11.77
862.06	12.15
862.358	12.56
862.656	12.33
862.954	12.77
863.252	13.1
863.551	13.34
863.849	12.85
864.146	13.19
864.444	13.09
864.742	12.89
865.04	13.6
865.338	13.41
865.635	13.6
865.933	14.38
866.23	14.56
866.528	15.18
866.825	15.09
867.123	14.79
867.42	15.21
867.717	15.38
868.014	15.42
868.312	15.33
868.609	14.81
868.906	15.14
869.203	14.78
869.5	14.61
869.796	14.14
870.093	14.25
870.39	15.31
870.687	14.98
870.983	15
871.28	15.16
871.576	14.35
871.873	14.06
872.169	14.38
872.466	14.43
872.762	14.44
873.058	15
873.354	14.67
873.65	14.04
873.947	14.43
874.243	14.98
874.538	15.07
874.834	15.6
875.13	16.08
875.426	15.28
875.722	15.49
876.017	15.87
876.313	15.95
876.608	16.45
876.904	16.68
877.199	17.03
877.495	16.62
877.79	16.72
878.085	16.95
878.381	17.56
878.676	17.75
878.971	17.85
879.266	17.51
879.561	17.18
879.856	16.83
880.151	16.79
880.445	16.18
880.74	16.11
881.035	16.03
881.329	15.92
881.624	15.72
881.919	15.66
882.213	15.52
