177.169	65
177.554	34.84
177.94	59.47
178.326	141.67
178.711	2450
179.097	-610
179.482	-242.74
179.868	149.71
180.253	-77.6
180.639	-186.22
181.024	243.01
181.409	40.41
181.795	34.84
182.18	51.71
182.565	53.54
182.95	123.3
183.336	85.65
183.721	82.7
184.106	-3.52
184.491	-70.86
184.876	382.43
185.261	-17.88
185.646	6.55
186.031	6
186.416	6.89
186.801	3.03
187.186	15.98
187.57	27.05
187.955	20.47
188.34	9.63
188.725	8.18
189.11	11.59
189.494	6.92
189.879	10.32
190.263	11.26
190.648	18.68
191.033	14.76
191.417	8.94
191.802	6.14
192.186	8.27
192.57	2.97
192.955	-0.99
193.339	2.93
193.723	8.82
194.108	7.08
194.492	7.63
194.876	4.56
195.26	-1.81
195.645	-9.16
196.029	-12.69
196.413	-8.94
196.797	-0.75
197.181	5.19
197.565	0.78
197.949	-11.6
198.333	-9.73
198.717	-12.48
199.101	-17.87
199.484	-15.83
199.868	-11.1
200.252	-11.46
200.636	-24.01
201.019	-17.79
201.403	-18.43
201.787	-18.75
202.17	-11.94
202.554	-19.86
202.937	-17.37
203.321	-15.72
203.704	-17.47
204.088	-7.63
204.471	-1.32
204.855	5.4
205.238	3.94
205.621	-0.43
206.005	1.94
206.388	1.04
206.771	6.4
207.154	9.03
207.537	14.6
207.921	18.51
208.304	10.17
208.687	0.82
209.07	-3.35
209.453	-6.41
209.836	-8.85
210.219	-13.1
210.601	-9.7
210.984	-8.01
211.367	-5.76
211.75	-11.34
212.133	-13.85
212.515	-6.39
212.898	-5.01
213.281	-2.22
213.663	-1.54
214.046	1.23
214.428	5.86
214.811	4.29
215.193	0.97
215.576	-10.6
215.958	1.27
216.341	9.03
216.723	2.71
217.105	-0.68
217.488	4.24
217.87	5.72
218.252	6.85
218.634	2.21
219.017	-0.34
219.399	-1.07
219.781	5.92
220.163	0.81
220.545	-0.74
220.927	-1.85
221.309	-3.12
221.691	-7.15
222.073	-7.79
222.455	-7.65
222.836	-9.08
223.218	-5.89
223.6	-1.39
223.982	-3.07
224.363	-3.82
224.745	-4.09
225.127	-1.52
225.508	9.04
225.89	9.15
226.271	3.44
226.653	0.1
227.034	1.62
227.416	3.52
227.797	-0.17
228.178	1.47
228.56	0.45
228.941	-5.39
229.322	-3.51
229.704	-4.79
230.085	-3.99
230.466	-2.21
230.847	-0.69
231.228	-1.6
231.609	-3.34
231.99	0.18
232.371	-0.33
232.752	-1.03
233.133	0.93
233.514	-3.74
233.895	-6.21
234.276	-6.01
234.657	-4.97
235.037	-6.42
235.418	-3.1
235.799	-3.44
236.179	-4.66
236.56	-5.27
236.941	-3.06
237.321	-1.67
237.702	1.94
238.082	4.63
238.463	4.02
238.843	4.83
239.223	5.42
239.604	4.06
239.984	3.15
240.364	3.09
240.745	3.44
241.125	3.74
241.505	3.9
241.885	3.73
242.265	3.79
242.645	3.64
243.025	3.17
243.405	2.77
243.785	2.95
244.165	3.46
244.545	3.4
244.925	3.16
245.305	2.81
245.685	2.57
246.065	2.44
246.444	2.12
246.824	2.2
247.204	2.38
247.583	2.61
247.963	2.56
248.343	2.74
248.722	2.77
249.102	2.87
249.481	2.76
249.861	2.96
250.24	3
250.619	3.2
250.999	3.4
251.378	3.4
251.757	3.48
252.136	3.57
252.516	3.11
252.895	3.3
253.274	3.26
253.653	3.41
254.032	3.52
254.411	3.51
254.79	3.91
255.169	3.69
255.548	3.59
255.927	3.31
256.306	3.15
256.685	3.14
257.063	2.88
257.442	2.62
257.821	2.52
258.199	2.32
258.578	2.34
258.957	2.27
259.335	2.27
259.714	2.26
260.092	2.26
260.471	2.26
260.849	2.27
261.228	2.23
261.606	2.3
261.984	2.37
262.363	2.53
262.741	2.64
263.119	2.47
263.497	2.33
263.876	2.39
264.254	2.38
264.632	2.58
265.01	2.55
265.388	2.63
265.766	2.52
266.144	2.4
266.522	2.46
266.9	2.32
267.278	2.29
267.655	2.32
268.033	2.12
268.411	2.12
268.789	1.97
269.166	1.95
269.544	1.93
269.922	1.9
270.299	1.94
270.677	1.92
271.054	2.01
271.432	2.06
271.809	2.12
272.186	2.27
272.564	2.32
272.941	2.29
273.318	2.21
273.696	2.2
274.073	2.36
274.45	2.24
274.827	2.18
275.204	2.05
275.582	2.16
275.959	2.05
276.336	1.91
276.713	1.88
277.09	1.94
277.466	2
277.843	1.92
278.22	1.95
278.597	2.06
278.974	2.01
279.35	2.07
279.727	1.94
280.104	2.05
280.48	2.13
280.857	2.06
281.234	2.04
281.61	1.98
281.987	1.94
282.363	1.93
282.74	1.88
283.116	1.78
283.492	1.73
283.869	1.72
284.245	1.66
284.621	1.63
284.997	1.66
285.373	1.63
285.75	1.68
286.126	1.75
286.502	1.7
286.878	1.79
287.254	1.92
287.63	2
288.006	2.08
288.382	2.09
288.757	2.12
289.133	2.06
289.509	2.06
289.885	2.03
290.26	2.05
290.636	2.06
291.012	2.05
291.387	1.99
291.763	2
292.139	1.97
292.514	1.99
292.889	1.94
293.265	2.03
293.64	2.03
294.016	2.09
294.391	2.06
294.766	2.05
295.142	2.06
295.517	2.06
295.892	2.01
296.267	1.96
296.642	1.96
297.017	1.99
297.392	1.99
297.767	2.01
298.142	1.98
298.517	1.95
298.892	1.97
299.267	1.92
299.642	1.97
300.017	2.02
300.391	2.07
300.766	2.09
301.141	2.11
301.515	2.14
301.89	2.12
302.265	2.17
302.639	2.13
303.014	2.17
303.388	2.3
303.762	2.3
304.137	2.33
304.511	2.31
304.886	2.3
305.26	2.33
305.634	2.38
306.008	2.44
306.382	2.43
306.757	2.52
307.131	2.51
307.505	2.33
307.879	2.33
308.253	2.3
308.627	2.34
309.001	2.37
309.375	2.33
309.748	2.25
310.122	2.25
310.496	2.28
310.87	2.32
311.243	2.24
311.617	2.29
311.991	2.29
312.364	2.29
312.738	2.33
313.111	2.33
313.485	2.35
313.858	2.37
314.232	2.31
314.605	2.27
314.979	2.23
315.352	2.25
315.725	2.24
316.098	2.2
316.472	2.2
316.845	2.12
317.218	2.03
317.591	2.02
317.964	2.04
318.337	2.13
318.71	2.1
319.083	2.09
319.456	2.12
319.829	2.1
320.202	2.14
320.574	2.06
320.947	2.08
321.32	2.11
321.693	2.15
322.065	2.12
322.438	2.06
322.81	2.15
323.183	2.2
323.555	2.23
323.928	2.27
324.3	2.31
324.673	2.32
325.045	2.37
325.417	2.42
325.79	2.51
326.162	2.46
326.534	2.53
326.906	2.46
327.278	2.39
327.651	2.37
328.023	2.36
328.395	2.36
328.767	2.44
329.139	2.44
329.511	2.37
329.882	2.21
330.254	2.23
330.626	2.2
330.998	2.23
331.37	2.23
331.741	2.17
332.113	2.19
332.485	2.08
332.856	2.09
333.228	2.09
333.599	2.19
333.971	2.29
334.342	2.31
334.714	2.3
335.085	2.33
335.456	2.37
335.828	2.38
336.199	2.38
336.57	2.49
336.941	2.46
337.312	2.39
337.683	2.34
338.054	2.27
338.426	2.28
338.797	2.27
339.167	2.31
339.538	2.28
339.909	2.31
340.28	2.3
340.651	2.28
341.022	2.33
341.392	2.43
341.763	2.45
342.134	2.41
342.504	2.41
342.875	2.45
343.246	2.4
343.616	2.42
343.987	2.35
344.357	2.29
344.727	2.25
345.098	2.2
345.468	2.11
345.838	2.11
346.209	2.12
346.579	2.08
346.949	2.04
347.319	2.04
347.689	1.98
348.059	2.03
348.429	2.06
348.799	2.17
349.169	2.21
349.539	2.24
349.909	2.21
350.279	2.24
350.649	2.3
351.018	2.31
351.388	2.3
351.758	2.3
352.128	2.31
352.497	2.35
352.867	2.24
353.236	2.2
353.606	2.23
353.975	2.2
354.345	2.21
354.714	2.21
355.083	2.24
355.453	2.25
355.822	2.28
356.191	2.28
356.56	2.29
356.93	2.29
357.299	2.33
357.668	2.31
358.037	2.32
358.406	2.33
358.775	2.31
359.144	2.32
359.513	2.31
359.882	2.3
360.25	2.32
360.619	2.31
360.988	2.31
361.357	2.31
361.725	2.31
362.094	2.31
362.463	2.27
362.831	2.23
363.2	2.23
363.568	2.22
363.937	2.26
364.305	2.27
364.673	2.25
365.042	2.27
365.41	2.25
365.778	2.25
366.146	2.26
366.515	2.31
366.883	2.35
367.251	2.31
367.619	2.33
367.987	2.3
368.355	2.26
368.723	2.27
369.091	2.24
369.459	2.27
369.826	2.31
370.194	2.32
370.562	2.32
370.93	2.35
371.297	2.36
371.665	2.36
372.033	2.35
372.4	2.35
372.768	2.34
373.135	2.37
373.503	2.32
373.87	2.3
374.237	2.31
374.605	2.34
374.972	2.31
375.339	2.31
375.707	2.26
376.074	2.25
376.441	2.28
376.808	2.3
377.175	2.31
377.542	2.32
377.909	2.35
378.276	2.32
378.643	2.28
379.01	2.33
379.377	2.32
379.744	2.37
380.11	2.4
380.477	2.43
380.844	2.41
381.21	2.38
381.577	2.36
381.944	2.32
382.31	2.31
382.677	2.35
383.043	2.3
383.409	2.29
383.776	2.3
384.142	2.29
384.508	2.26
384.875	2.28
385.241	2.32
385.607	2.34
385.973	2.37
386.339	2.4
386.705	2.37
387.071	2.36
387.437	2.39
387.803	2.36
388.169	2.34
388.535	2.35
388.901	2.32
389.267	2.29
389.633	2.31
389.998	2.31
390.364	2.3
390.73	2.3
391.095	2.31
391.461	2.3
391.826	2.32
392.192	2.32
392.557	2.32
392.923	2.35
393.288	2.37
393.653	2.37
394.019	2.35
394.384	2.35
394.749	2.38
395.114	2.36
395.479	2.38
395.844	2.38
396.21	2.4
396.575	2.38
396.94	2.36
397.304	2.35
397.669	2.32
398.034	2.3
398.399	2.29
398.764	2.27
399.129	2.28
399.493	2.25
399.858	2.23
400.223	2.24
400.587	2.24
400.952	2.24
401.316	2.21
401.681	2.23
402.045	2.25
402.409	2.24
402.774	2.24
403.138	2.25
403.502	2.26
403.867	2.26
404.231	2.24
404.595	2.24
404.959	2.26
405.323	2.28
405.687	2.29
406.051	2.31
406.415	2.33
406.779	2.34
407.143	2.34
407.507	2.35
407.871	2.34
408.234	2.36
408.598	2.38
408.962	2.38
409.325	2.37
409.689	2.38
410.053	2.37
410.416	2.37
410.78	2.38
411.143	2.39
411.506	2.4
411.87	2.42
412.233	2.41
412.596	2.4
412.96	2.41
413.323	2.41
413.686	2.39
414.049	2.39
414.412	2.37
414.775	2.36
415.138	2.33
415.501	2.32
415.864	2.31
416.227	2.31
416.59	2.3
416.953	2.3
417.315	2.29
417.678	2.29
418.041	2.28
418.404	2.27
418.766	2.26
419.129	2.25
419.491	2.24
419.854	2.26
420.216	2.25
420.579	2.25
420.941	2.25
421.303	2.25
421.666	2.25
422.028	2.24
422.39	2.25
422.752	2.26
423.114	2.27
423.476	2.29
423.839	2.27
424.201	2.28
424.563	2.28
424.924	2.29
425.286	2.3
425.648	2.3
426.01	2.32
426.372	2.32
426.733	2.33
427.095	2.34
427.457	2.34
427.818	2.35
428.18	2.35
428.542	2.35
428.903	2.34
429.264	2.35
429.626	2.35
429.987	2.33
430.349	2.32
430.71	2.3
431.071	2.29
431.432	2.28
431.794	2.27
432.155	2.26
432.516	2.26
432.877	2.26
433.238	2.27
433.599	2.27
433.96	2.29
434.321	2.31
434.681	2.31
435.042	2.33
435.403	2.33
435.764	2.35
436.124	2.34
436.485	2.33
436.846	2.31
437.206	2.29
437.567	2.29
437.927	2.28
438.288	2.26
438.648	2.26
439.008	2.25
439.369	2.26
439.729	2.26
440.089	2.27
440.449	2.28
440.81	2.29
441.17	2.31
441.53	2.29
441.89	2.29
442.25	2.3
442.61	2.31
442.97	2.3
443.33	2.29
443.689	2.28
444.049	2.27
444.409	2.26
444.769	2.25
445.128	2.25
445.488	2.26
445.848	2.27
446.207	2.27
446.567	2.27
446.926	2.27
447.285	2.28
447.645	2.29
448.004	2.29
448.363	2.3
448.723	2.3
449.082	2.3
449.441	2.3
449.8	2.3
450.159	2.31
450.518	2.32
450.877	2.31
451.236	2.31
451.595	2.31
451.954	2.31
452.313	2.31
452.672	2.31
453.031	2.31
453.389	2.31
453.748	2.31
454.107	2.28
454.465	2.28
454.824	2.29
455.182	2.3
455.541	2.29
455.899	2.29
456.258	2.3
456.616	2.29
456.974	2.29
457.333	2.28
457.691	2.28
458.049	2.28
458.407	2.27
458.765	2.28
459.123	2.27
459.481	2.28
459.839	2.28
460.197	2.29
460.555	2.29
460.913	2.29
461.271	2.3
461.629	2.31
461.987	2.33
462.344	2.36
462.702	2.36
463.06	2.37
463.417	2.38
463.775	2.37
464.132	2.37
464.49	2.38
464.847	2.39
465.204	2.39
465.562	2.4
465.919	2.39
466.276	2.39
466.633	2.39
466.991	2.4
467.348	2.4
467.705	2.4
468.062	2.39
468.419	2.38
468.776	2.38
469.133	2.39
469.49	2.37
469.846	2.37
470.203	2.37
470.56	2.37
470.917	2.36
471.273	2.35
471.63	2.35
471.986	2.36
472.343	2.37
472.699	2.37
473.056	2.36
473.412	2.38
473.769	2.38
474.125	2.39
474.481	2.39
474.838	2.39
475.194	2.39
475.55	2.4
475.906	2.4
476.262	2.4
476.618	2.38
476.974	2.37
477.33	2.36
477.686	2.37
478.042	2.36
478.398	2.37
478.753	2.36
479.109	2.36
479.465	2.35
479.821	2.35
480.176	2.36
480.532	2.36
480.887	2.35
481.243	2.35
481.598	2.33
481.954	2.35
482.309	2.36
482.664	2.35
483.02	2.34
483.375	2.33
483.73	2.33
484.085	2.33
484.44	2.33
484.795	2.33
485.15	2.33
485.505	2.32
485.86	2.3
486.215	2.28
486.57	2.29
486.925	2.3
487.28	2.3
487.634	2.3
487.989	2.3
488.344	2.3
488.698	2.31
489.053	2.31
489.407	2.32
489.762	2.32
490.116	2.32
490.471	2.32
490.825	2.33
491.179	2.34
491.534	2.34
491.888	2.35
492.242	2.35
492.596	2.35
492.95	2.36
493.304	2.37
493.658	2.39
494.012	2.4
494.366	2.41
494.72	2.42
495.074	2.41
495.428	2.39
495.782	2.4
496.135	2.39
496.489	2.38
496.843	2.37
497.196	2.37
497.55	2.36
497.903	2.36
498.257	2.36
498.61	2.37
498.963	2.37
499.317	2.38
499.67	2.37
500.023	2.37
500.376	2.38
500.73	2.38
501.083	2.39
501.436	2.39
501.789	2.41
502.142	2.4
502.495	2.4
502.848	2.39
503.201	2.39
503.553	2.4
503.906	2.4
504.259	2.39
504.612	2.39
504.964	2.39
505.317	2.39
505.669	2.38
506.022	2.38
506.374	2.39
506.727	2.41
507.079	2.41
507.432	2.42
507.784	2.42
508.136	2.42
508.488	2.42
508.841	2.42
509.193	2.42
509.545	2.41
509.897	2.41
510.249	2.4
510.601	2.39
510.953	2.39
511.305	2.39
511.656	2.39
512.008	2.39
512.36	2.41
512.712	2.41
513.063	2.42
513.415	2.42
513.766	2.43
514.118	2.43
514.469	2.44
514.821	2.45
515.172	2.45
515.524	2.45
515.875	2.45
516.226	2.44
516.577	2.43
516.929	2.41
517.28	2.41
517.631	2.41
517.982	2.41
518.333	2.41
518.684	2.41
519.035	2.42
519.386	2.41
519.737	2.42
520.087	2.42
520.438	2.44
520.789	2.45
521.139	2.46
521.49	2.47
521.841	2.47
522.191	2.47
522.542	2.46
522.892	2.45
523.243	2.44
523.593	2.44
523.943	2.42
524.293	2.41
524.644	2.4
524.994	2.41
525.344	2.4
525.694	2.4
526.044	2.4
526.394	2.4
526.744	2.39
527.094	2.39
527.444	2.39
527.794	2.39
528.144	2.4
528.493	2.4
528.843	2.41
529.193	2.41
529.542	2.42
529.892	2.42
530.241	2.43
530.591	2.44
530.94	2.43
531.29	2.43
531.639	2.43
531.988	2.43
532.338	2.41
532.687	2.41
533.036	2.41
533.385	2.41
533.734	2.41
534.083	2.41
534.432	2.42
534.781	2.43
535.13	2.43
535.479	2.45
535.828	2.45
536.177	2.46
536.525	2.47
536.874	2.47
537.223	2.47
537.571	2.46
537.92	2.46
538.268	2.47
538.617	2.46
538.965	2.46
539.314	2.45
539.662	2.44
540.01	2.43
540.359	2.43
540.707	2.43
541.055	2.43
541.403	2.43
541.751	2.44
542.099	2.43
542.447	2.44
542.795	2.44
543.143	2.45
543.491	2.46
543.839	2.47
544.187	2.47
544.534	2.47
544.882	2.47
545.23	2.47
545.577	2.47
545.925	2.47
546.272	2.47
546.62	2.48
546.967	2.48
547.314	2.49
547.662	2.5
548.009	2.5
548.356	2.52
548.704	2.53
549.051	2.54
549.398	2.55
549.745	2.55
550.092	2.55
550.439	2.54
550.786	2.53
551.133	2.52
551.479	2.51
551.826	2.51
552.173	2.5
552.52	2.5
552.866	2.5
553.213	2.49
553.56	2.49
553.906	2.49
554.253	2.5
554.599	2.5
554.945	2.51
555.292	2.51
555.638	2.53
555.984	2.54
556.331	2.54
556.677	2.53
557.023	2.54
557.369	2.54
557.715	2.55
558.061	2.55
558.407	2.56
558.753	2.56
559.099	2.57
559.444	2.55
559.79	2.55
560.136	2.56
560.482	2.57
560.827	2.57
561.173	2.58
561.518	2.58
561.864	2.58
562.209	2.59
562.555	2.59
562.9	2.58
563.245	2.58
563.591	2.57
563.936	2.58
564.281	2.57
564.626	2.57
564.971	2.56
565.316	2.55
565.661	2.56
566.006	2.57
566.351	2.57
566.696	2.57
567.041	2.57
567.386	2.58
567.73	2.58
568.075	2.6
568.42	2.6
568.764	2.61
569.109	2.62
569.453	2.62
569.798	2.6
570.142	2.6
570.487	2.6
570.831	2.59
571.175	2.59
571.519	2.58
571.864	2.56
572.208	2.56
572.552	2.57
572.896	2.57
573.24	2.56
573.584	2.57
573.928	2.58
574.272	2.58
574.616	2.59
574.959	2.59
575.303	2.61
575.647	2.62
575.99	2.63
576.334	2.63
576.678	2.64
577.021	2.66
577.364	2.66
577.708	2.66
578.051	2.68
578.395	2.68
578.738	2.67
579.081	2.65
579.424	2.64
579.767	2.63
580.111	2.62
580.454	2.62
580.797	2.61
581.14	2.63
581.482	2.63
581.825	2.6
582.168	2.59
582.511	2.6
582.854	2.61
583.196	2.62
583.539	2.64
583.882	2.64
584.224	2.64
584.567	2.65
584.909	2.63
585.252	2.63
585.594	2.63
585.936	2.63
586.279	2.63
586.621	2.63
586.963	2.61
587.305	2.61
587.647	2.61
587.989	2.59
588.331	2.6
588.673	2.6
589.015	2.61
589.357	2.62
589.699	2.63
590.041	2.63
590.382	2.64
590.724	2.68
591.066	2.67
591.407	2.66
591.749	2.68
592.09	2.67
592.432	2.66
592.773	2.67
593.114	2.68
593.456	2.69
593.797	2.67
594.138	2.66
594.479	2.65
594.821	2.63
595.162	2.63
595.503	2.62
595.844	2.62
596.185	2.62
596.525	2.6
596.866	2.6
597.207	2.6
597.548	2.61
597.889	2.61
598.229	2.6
598.57	2.61
598.91	2.63
599.251	2.64
599.592	2.63
599.932	2.67
600.272	2.69
600.613	2.69
600.953	2.67
601.293	2.66
601.633	2.67
601.974	2.66
602.314	2.65
602.654	2.63
602.994	2.63
603.334	2.62
603.674	2.6
604.014	2.58
604.353	2.59
604.693	2.6
605.033	2.6
605.373	2.6
605.712	2.6
606.052	2.61
606.391	2.63
606.731	2.61
607.07	2.63
607.41	2.64
607.749	2.62
608.088	2.61
608.428	2.6
608.767	2.61
609.106	2.61
609.445	2.62
609.784	2.63
610.123	2.63
610.462	2.66
610.801	2.65
611.14	2.64
611.479	2.66
611.818	2.69
612.157	2.7
612.495	2.71
612.834	2.72
613.173	2.71
613.511	2.69
613.85	2.69
614.188	2.67
614.527	2.67
614.865	2.67
615.203	2.67
615.542	2.67
615.88	2.69
616.218	2.68
616.556	2.68
616.894	2.69
617.233	2.71
617.571	2.71
617.908	2.72
618.246	2.73
618.584	2.75
618.922	2.77
619.26	2.75
619.598	2.77
619.935	2.75
620.273	2.76
620.611	2.76
620.948	2.75
621.286	2.75
621.623	2.72
621.96	2.74
622.298	2.7
622.635	2.69
622.972	2.67
623.31	2.64
623.647	2.66
623.984	2.61
624.321	2.62
624.658	2.61
624.995	2.61
625.332	2.64
625.669	2.61
626.006	2.63
626.342	2.62
626.679	2.65
627.016	2.65
627.352	2.63
627.689	2.67
628.026	2.67
628.362	2.69
628.699	2.71
629.035	2.68
629.371	2.69
629.708	2.71
630.044	2.72
630.38	2.72
630.716	2.73
631.052	2.74
631.388	2.74
631.725	2.75
632.06	2.75
632.396	2.76
632.732	2.78
633.068	2.8
633.404	2.8
633.74	2.81
634.075	2.79
634.411	2.81
634.747	2.81
635.082	2.83
635.418	2.82
635.753	2.82
636.089	2.81
636.424	2.83
636.759	2.85
637.095	2.87
637.43	2.85
637.765	2.87
638.1	2.86
638.435	2.85
638.77	2.84
639.105	2.84
639.44	2.86
639.775	2.86
640.11	2.86
640.445	2.83
640.779	2.86
641.114	2.89
641.449	2.9
641.783	2.91
642.118	2.91
642.452	2.91
642.787	2.9
643.121	2.89
643.456	2.89
643.79	2.87
644.124	2.85
644.458	2.83
644.793	2.81
645.127	2.81
645.461	2.81
645.795	2.81
646.129	2.82
646.463	2.85
646.797	2.85
647.13	2.83
647.464	2.85
647.798	2.9
648.132	2.88
648.465	2.92
648.799	2.92
649.132	2.91
649.466	2.96
649.799	3
650.133	2.99
650.466	2.99
650.799	3.04
651.133	3.01
651.466	2.99
651.799	2.96
652.132	2.94
652.465	2.94
652.798	2.94
653.131	2.91
653.464	2.86
653.797	2.87
654.13	2.87
654.463	2.84
654.795	2.88
655.128	2.89
655.461	2.92
655.793	2.9
656.126	2.87
656.458	2.86
656.791	2.83
657.123	2.86
657.455	2.85
657.788	2.86
658.12	2.82
658.452	2.8
658.784	2.77
659.116	2.78
659.448	2.79
659.78	2.82
660.112	2.84
660.444	2.87
660.776	2.86
661.108	2.87
661.44	2.86
661.771	2.93
662.103	2.96
662.435	3.01
662.766	3
663.098	2.99
663.429	2.98
663.761	3.01
664.092	3
664.423	2.99
664.755	3.01
665.086	3
665.417	3
665.748	2.99
666.079	2.98
666.41	2.97
666.741	2.99
667.072	3
667.403	3
667.734	2.98
668.065	2.96
668.395	2.96
668.726	2.94
669.057	2.91
669.387	2.89
669.718	2.88
670.048	2.89
670.379	2.87
670.709	2.89
671.039	2.9
671.37	2.91
671.7	2.96
672.03	2.96
672.36	3.02
672.69	3.01
673.02	3.05
673.35	3.07
673.68	3.11
674.01	3.1
674.34	3.08
674.67	3.03
675	3.06
675.329	3.07
675.659	3.06
675.989	3.01
676.318	3.08
676.648	3.06
676.977	3.04
677.307	3.01
677.636	3.03
677.965	3.06
678.295	3.05
678.624	3.04
678.953	3.03
679.282	3.05
679.611	3.08
679.94	3.05
680.269	3.03
680.598	3.08
680.927	3.08
681.256	3.1
681.584	3.1
681.913	3.12
682.242	3.11
682.57	3.1
682.899	3.1
683.228	3.1
683.556	3.17
683.884	3.27
684.213	3.26
684.541	3.27
684.869	3.26
685.198	3.24
685.526	3.23
685.854	3.2
686.182	3.21
686.51	3.19
686.838	3.17
687.166	3.12
687.494	3.05
687.822	3.02
688.149	3.04
688.477	3.05
688.805	3.1
689.133	3.15
689.46	3.21
689.788	3.24
690.115	3.25
690.443	3.24
690.77	3.24
691.097	3.22
691.425	3.19
691.752	3.15
692.079	3.16
692.406	3.1
692.733	3.06
693.06	3.05
693.387	3.05
693.714	3.03
694.041	3.04
694.368	3.02
694.695	2.99
695.021	3
695.348	2.98
695.675	2.96
696.001	2.97
696.328	2.97
696.654	2.97
696.981	2.96
697.307	3.01
697.634	2.98
697.96	3.01
698.286	3.06
698.612	3.07
698.938	3.11
699.264	3.12
699.591	3.11
699.917	3.12
700.242	3.11
700.568	3.1
700.894	3.08
701.22	3.15
701.546	3.13
701.871	3.12
702.197	3.16
702.523	3.12
702.848	3.11
703.174	3.09
703.499	3.08
703.824	3.11
704.15	3.13
704.475	3.2
704.8	3.15
705.125	3.19
705.451	3.22
705.776	3.22
706.101	3.28
706.426	3.29
706.751	3.36
707.076	3.44
707.4	3.42
707.725	3.4
708.05	3.39
708.375	3.44
708.699	3.45
709.024	3.48
709.348	3.43
709.673	3.43
709.997	3.42
710.322	3.34
710.646	3.29
710.97	3.33
711.294	3.4
711.619	3.37
711.943	3.36
712.267	3.37
712.591	3.26
712.915	3.3
713.239	3.26
713.563	3.29
713.886	3.28
714.21	3.25
714.534	3.22
714.858	3.16
715.181	3.15
715.505	3.15
715.828	3.13
716.152	3.15
716.475	3.09
716.799	3.12
717.122	3.07
717.445	3.1
717.768	3.16
718.092	3.17
718.415	3.18
718.738	3.14
719.061	3.07
719.384	3.05
719.707	3.1
720.03	3.24
720.352	3.21
720.675	3.29
720.998	3.28
721.32	3.25
721.643	3.23
721.966	3.24
722.288	3.32
722.611	3.4
722.933	3.42
723.255	3.39
723.578	3.33
723.9	3.39
724.222	3.39
724.544	3.45
724.866	3.4
725.188	3.46
725.51	3.47
725.832	3.49
726.154	3.35
726.476	3.33
726.798	3.32
727.12	3.23
727.441	3.16
727.763	3.09
728.085	2.98
728.406	3.02
728.728	2.94
729.049	2.95
729.37	3
729.692	3.1
730.013	3.18
730.334	3.18
730.655	3.32
730.977	3.3
731.298	3.36
731.619	3.49
731.94	3.48
732.261	3.57
732.581	3.55
732.902	3.4
733.223	3.47
733.544	3.43
733.864	3.4
734.185	3.27
734.506	3.28
734.826	3.25
735.146	3.27
735.467	3.29
735.787	3.18
736.108	3.19
736.428	3.3
736.748	3.25
737.068	3.15
737.388	3.19
737.708	3.29
738.028	3.37
738.348	3.38
738.668	3.34
738.988	3.3
739.308	3.32
739.628	3.31
739.947	3.22
740.267	3.2
740.586	3.27
740.906	3.35
741.225	3.38
741.545	3.37
741.864	3.31
742.184	3.28
742.503	3.32
742.822	3.3
743.141	3.27
743.46	3.4
743.779	3.39
744.098	3.4
744.417	3.4
744.736	3.3
745.055	3.35
745.374	3.43
745.693	3.35
746.011	3.32
746.33	3.42
746.649	3.37
746.967	3.3
747.286	3.28
747.604	3.37
747.923	3.34
748.241	3.42
748.559	3.36
748.877	3.29
749.196	3.28
749.514	3.27
749.832	3.24
750.15	3.43
750.468	3.46
750.786	3.48
751.104	3.37
751.422	3.3
751.739	3.26
752.057	3.2
752.375	3.18
752.692	3.32
753.01	3.37
753.327	3.31
753.645	3.2
753.962	3.08
754.28	3.02
754.597	2.98
754.914	3.02
755.231	2.93
755.548	2.99
755.866	3.08
756.183	2.99
756.5	2.97
756.816	3.1
757.133	3.02
757.45	3.12
757.767	3.11
758.084	3.1
758.4	3.19
758.717	3.2
759.034	3.23
759.35	3.21
759.667	3.14
759.983	3.1
760.299	3.07
760.616	3.31
760.932	3.23
761.248	3.41
761.564	3.57
761.88	3.53
762.196	3.58
762.512	3.57
762.828	3.59
763.144	3.7
763.46	3.69
763.776	3.68
764.092	3.64
764.407	3.66
764.723	3.6
765.038	3.65
765.354	3.65
765.669	3.69
765.985	3.77
766.3	3.84
766.616	3.83
766.931	3.98
767.246	4.08
767.561	3.98
767.876	4.2
768.191	4.21
768.506	4.16
768.821	4.18
769.136	4.31
769.451	4.33
769.766	4.27
770.08	4.42
770.395	4.41
770.71	4.42
771.024	4.53
771.339	4.38
771.653	4.36
771.968	4.37
772.282	4.39
772.596	4.33
772.911	4.09
773.225	4.07
773.539	3.97
773.853	3.87
774.167	3.68
774.481	3.69
774.795	3.79
775.109	3.97
775.423	3.77
775.737	3.89
776.05	3.83
776.364	3.91
776.678	3.9
776.991	3.85
777.305	3.82
777.618	3.89
777.931	4
778.245	3.92
778.558	3.84
778.871	3.85
779.185	3.85
779.498	3.89
779.811	3.84
780.124	4.16
780.437	4.17
780.75	4.1
781.063	4.05
781.375	3.76
781.688	3.77
782.001	3.79
782.314	3.87
782.626	3.58
782.939	3.45
783.251	3.49
783.564	3.31
783.876	3.5
784.188	3.69
784.501	3.73
784.813	3.84
785.125	3.84
785.437	3.93
785.749	4.03
786.061	4.29
786.373	4.41
786.685	4.34
786.997	4.21
787.309	4.26
787.621	4.14
787.932	4.23
788.244	4.31
788.556	4.34
788.867	4.32
789.179	4.16
789.49	4.01
789.801	4.14
790.113	4.2
790.424	4.39
790.735	4.2
791.046	4.42
791.358	4.31
791.669	4.28
791.98	4.28
792.291	4
792.601	4.14
792.912	4.11
793.223	4
793.534	4.02
793.845	3.85
794.155	3.83
794.466	3.69
794.776	3.84
795.087	3.77
795.397	3.7
795.707	3.87
796.018	3.8
796.328	4
796.638	3.94
796.948	3.85
797.258	4.04
797.569	4.17
797.879	4.12
798.188	3.88
798.498	3.86
798.808	3.93
799.118	4.02
799.428	4.15
799.737	4.18
800.047	4.09
800.356	4.05
800.666	3.88
800.975	3.77
801.285	3.7
801.594	3.67
801.903	3.73
802.213	3.82
802.522	3.92
802.831	3.78
803.14	3.67
803.449	3.92
803.758	3.98
804.067	4.12
804.376	4.1
804.684	4.06
804.993	4.36
805.302	4.38
805.611	4.3
805.919	4.39
806.228	4.68
806.536	4.7
806.845	4.44
807.153	4.47
807.461	4.36
807.769	4.55
808.078	4.76
808.386	4.69
808.694	4.72
809.002	4.81
809.31	4.6
809.618	4.46
809.926	4.5
810.233	4.76
810.541	4.96
810.849	4.89
811.157	4.68
811.464	4.83
811.772	5.14
812.079	5.25
812.387	5.2
812.694	5.35
813.001	5.28
813.309	5.31
813.616	5.1
813.923	5.05
814.23	5.31
814.537	5.47
814.844	5.4
815.151	4.97
815.458	4.85
815.765	4.86
816.072	4.56
816.378	4.58
816.685	4.62
816.992	4.85
817.298	4.93
817.605	4.84
817.911	4.75
818.218	4.54
818.524	4.59
818.83	4.55
819.136	4.68
819.443	4.81
819.749	4.56
820.055	4.66
820.361	4.55
820.667	4.44
820.973	4.27
821.279	4.31
821.584	4.39
821.89	4.36
822.196	4.38
822.501	4.32
822.807	4.31
823.113	4.33
823.418	4.26
823.723	4.27
824.029	4.29
824.334	4.32
824.639	4.31
824.944	4.29
825.25	4.39
825.555	4.38
825.86	4.4
826.165	4.46
826.47	4.51
826.774	4.53
827.079	4.53
827.384	4.46
827.689	4.52
827.993	4.51
828.298	4.48
828.602	4.42
828.907	4.41
829.211	4.42
829.516	4.32
829.82	4.34
830.124	4.36
830.429	4.32
830.733	4.38
831.037	4.27
831.341	4.34
831.645	4.49
831.949	4.61
832.253	4.66
832.556	4.79
832.86	4.75
833.164	4.74
833.467	4.81
833.771	4.98
834.075	4.93
834.378	4.94
834.682	5.02
834.985	5.06
835.288	5.02
835.591	5.03
835.895	4.91
836.198	4.98
836.501	5.01
836.804	5
837.107	4.81
837.41	4.83
837.713	4.8
838.016	4.57
838.318	4.42
838.621	4.32
838.924	4.17
839.226	4.29
839.529	4.51
839.831	4.34
840.134	4.43
840.436	4.47
840.738	4.86
841.041	5.08
841.343	4.84
841.645	4.65
841.947	4.41
842.249	4.72
842.551	4.67
842.853	4.64
843.155	4.7
843.457	4.72
843.758	4.71
844.06	4.36
844.362	4.65
844.663	5.07
844.965	5.4
845.266	5.8
845.568	5.56
845.869	5.49
846.17	5.33
846.472	5.66
846.773	5.26
847.074	5.19
847.375	5.55
847.676	4.59
847.977	5.02
848.278	4.29
848.579	4.37
848.88	4.95
849.181	4.91
849.481	4.59
849.782	4.16
850.082	4.45
850.383	3.83
850.683	2.99
850.984	3.72
851.284	3.22
851.585	3.55
851.885	3.61
852.185	2.34
852.485	3.08
852.785	3.17
853.085	3.18
853.385	3.14
853.685	3.44
853.985	3.4
854.285	2.77
854.584	2.42
854.884	2.64
855.184	2.62
855.483	2.95
855.783	2.87
856.082	3.47
856.382	3.31
856.681	3.26
856.98	3.44
857.28	4.17
857.579	4.12
857.878	4.2
858.177	4.37
858.476	4.48
858.775	5.13
859.074	5.28
859.373	4.8
859.671	5.14
859.97	5.37
860.269	5.78
860.567	5.52
860.866	5.55
861.165	6.3
861.463	5.83
861.761	5.83
862.06	6.02
862.358	5.57
862.656	5.59
862.954	5.22
863.252	5.2
863.551	5.79
863.849	6.65
864.146	6.79
864.444	6.73
864.742	6.87
865.04	6.63
865.338	5.32
865.635	4.71
865.933	4.68
866.23	4.95
866.528	4.37
866.825	3.74
867.123	3.23
867.42	3.24
867.717	2.79
868.014	3.39
868.312	3.26
868.609	3.55
868.906	4.1
869.203	4.53
869.5	4.24
869.796	4.92
870.093	4.57
870.39	4.56
870.687	4.89
870.983	5.15
871.28	4.5
871.576	4.9
871.873	5.56
872.169	5.65
872.466	4.88
872.762	5.56
873.058	6.56
873.354	6.14
873.65	5.81
873.947	5.94
874.243	5.71
874.538	6.29
874.834	6.43
875.13	6.7
875.426	7.13
875.722	7.48
876.017	8.06
876.313	7.13
876.608	7.89
876.904	7.59
877.199	7.85
877.495	7.72
877.79	7.49
878.085	6.43
878.381	6.36
878.676	5.98
878.971	5.86
879.266	5.52
879.561	5.8
879.856	6.72
880.151	6.87
880.445	6.84
880.74	7.06
881.035	7.15
881.329	7.59
881.624	7.51
881.919	7.57
882.213	7.83
