177.169	-4800
177.554	-164.79
177.94	138.46
178.326	65.85
178.711	116.13
179.097	246.98
179.482	65.24
179.868	7.38
180.253	7.46
180.639	-3.13
181.024	-23.5
181.409	-509.79
181.795	-164.79
182.18	181.05
182.565	1143.24
182.95	-13.93
183.336	-6.75
183.721	18.49
184.106	-15.97
184.491	-33.08
184.876	-29.6
185.261	-51.27
185.646	-76.42
186.031	-72.53
186.416	-58.75
186.801	-41.79
187.186	-39.21
187.57	-52.33
187.955	-56.37
188.34	-43.05
188.725	-38.26
189.11	-41
189.494	-45.66
189.879	-19.97
190.263	-4.11
190.648	-13.24
191.033	-14.48
191.417	-11.12
191.802	1.29
192.186	9.79
192.57	7.61
192.955	9.73
193.339	13.71
193.723	19.57
194.108	10.24
194.492	-6.85
194.876	-3.33
195.26	-6.26
195.645	-5.7
196.029	-18.88
196.413	-34.48
196.797	-26.01
197.181	-27.32
197.565	-29.69
197.949	-23.32
198.333	-17.88
198.717	-10.57
199.101	-4.56
199.484	-5.05
199.868	-3.18
200.252	1.5
200.636	10.4
201.019	8.62
201.403	12.08
201.787	9.94
202.17	4.08
202.554	0.79
202.937	-2.67
203.321	-6.47
203.704	-1.64
204.088	-3.31
204.471	-2.71
204.855	-3.53
205.238	-11.31
205.621	-13.98
206.005	-13.84
206.388	-11.57
206.771	-9.56
207.154	-3.63
207.537	-2.55
207.921	-3.6
208.304	-1.32
208.687	-5.73
209.07	-3.57
209.453	4.8
209.836	1.82
210.219	-2.52
210.601	0.09
210.984	-2.56
211.367	1.11
211.75	5.13
212.133	7.19
212.515	5.26
212.898	8.63
213.281	6.53
213.663	7.93
214.046	12.58
214.428	12.24
214.811	10.6
215.193	15.86
215.576	9.85
215.958	4.62
216.341	1.87
216.723	2.03
217.105	1.16
217.488	-2.12
217.87	-7.38
218.252	-8.86
218.634	-5.35
219.017	-7.66
219.399	-8.46
219.781	-10.85
220.163	-4.59
220.545	-6.54
220.927	-2.7
221.309	-2.18
221.691	-7.34
222.073	-5.34
222.455	-2.71
222.836	-4.98
223.218	-4.94
223.6	-9.05
223.982	-5.66
224.363	-10.25
224.745	-10.66
225.127	-10.09
225.508	-8.2
225.89	-2.16
226.271	1.64
226.653	-1.86
227.034	3.93
227.416	5.31
227.797	4.68
228.178	2.92
228.56	3.22
228.941	3.78
229.322	8.03
229.704	7.98
230.085	7.68
230.466	7.07
230.847	2.92
231.228	-3.06
231.609	-2.39
231.99	0.17
232.371	-0.47
232.752	0.05
233.133	0.53
233.514	-5.13
233.895	-8.53
234.276	-4.41
234.657	-5.14
235.037	1.81
235.418	2.7
235.799	1.46
236.179	3.57
236.56	5.1
236.941	5.4
237.321	5.2
237.702	3.93
238.082	4.66
238.463	2.97
238.843	2
239.223	0.87
239.604	1.25
239.984	1.4
240.364	0.76
240.745	-0.23
241.125	-0.15
241.505	0.35
241.885	0.78
242.265	1.03
242.645	1.01
243.025	1.91
243.405	1.75
243.785	1.57
244.165	1.35
244.545	1.06
244.925	1.31
245.305	1.22
245.685	0.99
246.065	0.93
246.444	0.78
246.824	0.79
247.204	0.48
247.583	0.47
247.963	0.51
248.343	0.55
248.722	0.53
249.102	0.64
249.481	0.52
249.861	0.4
250.24	0.51
250.619	0.63
250.999	0.52
251.378	0.6
251.757	0.54
252.136	0.84
252.516	0.89
252.895	1.1
253.274	1.1
253.653	0.97
254.032	1.01
254.411	0.61
254.79	0.7
255.169	0.86
255.548	0.56
255.927	0.75
256.306	0.4
256.685	0.41
257.063	0.42
257.442	0.52
257.821	0.69
258.199	0.75
258.578	0.85
258.957	0.72
259.335	0.7
259.714	0.76
260.092	0.76
260.471	0.86
260.849	0.87
261.228	0.81
261.606	0.65
261.984	0.52
262.363	0.49
262.741	0.4
263.119	0.37
263.497	0.26
263.876	0.24
264.254	0.16
264.632	0
265.01	0
265.388	-0.07
265.766	0.15
266.144	0.31
266.522	0.36
266.9	0.55
267.278	0.64
267.655	0.64
268.033	0.57
268.411	0.76
268.789	0.7
269.166	0.83
269.544	0.91
269.922	0.94
270.299	1.02
270.677	0.92
271.054	0.84
271.432	0.85
271.809	0.93
272.186	1.04
272.564	0.91
272.941	1.02
273.318	0.97
273.696	0.92
274.073	0.86
274.45	0.81
274.827	0.83
275.204	0.69
275.582	0.66
275.959	0.65
276.336	0.58
276.713	0.63
277.09	0.47
277.466	0.35
277.843	0.39
278.22	0.38
278.597	0.43
278.974	0.39
279.35	0.42
279.727	0.44
280.104	0.37
280.48	0.41
280.857	0.38
281.234	0.48
281.61	0.55
281.987	0.57
282.363	0.63
282.74	0.56
283.116	0.61
283.492	0.62
283.869	0.67
284.245	0.82
284.621	0.81
284.997	0.81
285.373	0.75
285.75	0.78
286.126	0.84
286.502	0.78
286.878	0.84
287.254	0.85
287.63	0.94
288.006	0.9
288.382	0.75
288.757	0.73
289.133	0.7
289.509	0.76
289.885	0.67
290.26	0.6
290.636	0.68
291.012	0.58
291.387	0.53
291.763	0.45
292.139	0.44
292.514	0.45
292.889	0.44
293.265	0.52
293.64	0.55
294.016	0.62
294.391	0.61
294.766	0.64
295.142	0.75
295.517	0.8
295.892	0.85
296.267	0.87
296.642	0.92
297.017	0.93
297.392	0.91
297.767	0.91
298.142	0.96
298.517	1
298.892	0.96
299.267	0.87
299.642	0.87
300.017	0.81
300.391	0.83
300.766	0.83
301.141	0.84
301.515	0.79
301.89	0.76
302.265	0.76
302.639	0.72
303.014	0.67
303.388	0.75
303.762	0.8
304.137	0.81
304.511	0.75
304.886	0.76
305.26	0.83
305.634	0.87
306.008	0.88
306.382	0.9
306.757	0.97
307.131	1.07
307.505	1
307.879	0.93
308.253	0.92
308.627	0.91
309.001	0.97
309.375	0.91
309.748	0.93
310.122	0.93
310.496	0.9
310.87	0.81
311.243	0.78
311.617	0.75
311.991	0.74
312.364	0.76
312.738	0.75
313.111	0.66
313.485	0.63
313.858	0.62
314.232	0.59
314.605	0.52
314.979	0.5
315.352	0.54
315.725	0.61
316.098	0.64
316.472	0.72
316.845	0.84
317.218	0.86
317.591	0.91
317.964	0.93
318.337	1
318.71	1.14
319.083	1.22
319.456	1.14
319.829	1.13
320.202	1.1
320.574	1.07
320.947	1.03
321.32	1.11
321.693	1.1
322.065	1.11
322.438	1.11
322.81	1.05
323.183	1.05
323.555	1.1
323.928	1.15
324.3	1.23
324.673	1.16
325.045	1.14
325.417	1.12
325.79	1.09
326.162	1.1
326.534	1.06
326.906	1.11
327.278	1.13
327.651	1.19
328.023	1.22
328.395	1.23
328.767	1.28
329.139	1.32
329.511	1.26
329.882	1.22
330.254	1.22
330.626	1.23
330.998	1.12
331.37	1.13
331.741	1.08
332.113	1.01
332.485	0.98
332.856	1.03
333.228	1
333.599	1.04
333.971	1.05
334.342	1.05
334.714	1.09
335.085	1.23
335.456	1.19
335.828	1.19
336.199	1.2
336.57	1.27
336.941	1.25
337.312	1.18
337.683	1.14
338.054	1.2
338.426	1.2
338.797	1.22
339.167	1.14
339.538	1.12
339.909	1.08
340.28	1.1
340.651	0.95
341.022	0.92
341.392	0.97
341.763	1.02
342.134	1.04
342.504	1.07
342.875	1.03
343.246	1.06
343.616	1.03
343.987	1.06
344.357	1.06
344.727	1.18
345.098	1.21
345.468	1.24
345.838	1.22
346.209	1.22
346.579	1.18
346.949	1.2
347.319	1.2
347.689	1.27
348.059	1.28
348.429	1.25
348.799	1.17
349.169	1.17
349.539	1.15
349.909	1.14
350.279	1.14
350.649	1.16
351.018	1.13
351.388	1.09
351.758	1.1
352.128	1.1
352.497	1.09
352.867	1.1
353.236	1.11
353.606	1.08
353.975	1.01
354.345	0.96
354.714	0.94
355.083	0.99
355.453	1.02
355.822	1.01
356.191	1.03
356.56	1.05
356.93	1.09
357.299	1.11
357.668	1.14
358.037	1.18
358.406	1.2
358.775	1.19
359.144	1.16
359.513	1.1
359.882	1.11
360.25	1.08
360.619	1.08
360.988	1.07
361.357	1.01
361.725	1.03
362.094	1.06
362.463	1.02
362.831	1.01
363.2	1.01
363.568	1.03
363.937	1.01
364.305	1.01
364.673	1.01
365.042	1.01
365.41	1.06
365.778	1.03
366.146	1.04
366.515	1.07
366.883	1.07
367.251	1.08
367.619	1.1
367.987	1.13
368.355	1.13
368.723	1.1
369.091	1.12
369.459	1.08
369.826	1.07
370.194	1.05
370.562	1.08
370.93	1.1
371.297	1.11
371.665	1.1
372.033	1.07
372.4	1.08
372.768	1.1
373.135	1.08
373.503	1.12
373.87	1.13
374.237	1.14
374.605	1.11
374.972	1.11
375.339	1.1
375.707	1.11
376.074	1.14
376.441	1.14
376.808	1.12
377.175	1.13
377.542	1.11
377.909	1.1
378.276	1.08
378.643	1.09
379.01	1.1
379.377	1.06
379.744	1.07
380.11	1.08
380.477	1.09
380.844	1.12
381.21	1.15
381.577	1.14
381.944	1.17
382.31	1.19
382.677	1.17
383.043	1.18
383.409	1.21
383.776	1.22
384.142	1.21
384.508	1.2
384.875	1.18
385.241	1.15
385.607	1.14
385.973	1.13
386.339	1.16
386.705	1.15
387.071	1.14
387.437	1.15
387.803	1.15
388.169	1.15
388.535	1.15
388.901	1.17
389.267	1.18
389.633	1.19
389.998	1.2
390.364	1.2
390.73	1.21
391.095	1.2
391.461	1.19
391.826	1.17
392.192	1.17
392.557	1.17
392.923	1.18
393.288	1.17
393.653	1.18
394.019	1.16
394.384	1.16
394.749	1.18
395.114	1.22
395.479	1.21
395.844	1.22
396.21	1.22
396.575	1.24
396.94	1.25
397.304	1.26
397.669	1.28
398.034	1.3
398.399	1.29
398.764	1.3
399.129	1.26
399.493	1.25
399.858	1.27
400.223	1.28
400.587	1.27
400.952	1.26
401.316	1.27
401.681	1.26
402.045	1.27
402.409	1.27
402.774	1.24
403.138	1.23
403.502	1.24
403.867	1.21
404.231	1.21
404.595	1.18
404.959	1.19
405.323	1.16
405.687	1.14
406.051	1.12
406.415	1.13
406.779	1.14
407.143	1.16
407.507	1.17
407.871	1.17
408.234	1.17
408.598	1.18
408.962	1.18
409.325	1.19
409.689	1.22
410.053	1.22
410.416	1.23
410.78	1.24
411.143	1.23
411.506	1.23
411.87	1.24
412.233	1.25
412.596	1.25
412.96	1.23
413.323	1.22
413.686	1.19
414.049	1.19
414.412	1.18
414.775	1.17
415.138	1.17
415.501	1.17
415.864	1.18
416.227	1.18
416.59	1.17
416.953	1.18
417.315	1.19
417.678	1.2
418.041	1.2
418.404	1.19
418.766	1.18
419.129	1.19
419.491	1.19
419.854	1.19
420.216	1.19
420.579	1.19
420.941	1.18
421.303	1.19
421.666	1.18
422.028	1.19
422.39	1.19
422.752	1.19
423.114	1.2
423.476	1.2
423.839	1.2
424.201	1.21
424.563	1.21
424.924	1.22
425.286	1.21
425.648	1.22
426.01	1.23
426.372	1.23
426.733	1.23
427.095	1.23
427.457	1.23
427.818	1.22
428.18	1.22
428.542	1.22
428.903	1.22
429.264	1.22
429.626	1.22
429.987	1.21
430.349	1.2
430.71	1.22
431.071	1.22
431.432	1.22
431.794	1.22
432.155	1.22
432.516	1.22
432.877	1.24
433.238	1.25
433.599	1.25
433.96	1.26
434.321	1.27
434.681	1.27
435.042	1.27
435.403	1.27
435.764	1.28
436.124	1.29
436.485	1.29
436.846	1.27
437.206	1.28
437.567	1.28
437.927	1.28
438.288	1.28
438.648	1.28
439.008	1.28
439.369	1.29
439.729	1.29
440.089	1.29
440.449	1.29
440.81	1.3
441.17	1.29
441.53	1.3
441.89	1.31
442.25	1.29
442.61	1.3
442.97	1.31
443.33	1.31
443.689	1.31
444.049	1.31
444.409	1.32
444.769	1.33
445.128	1.33
445.488	1.32
445.848	1.32
446.207	1.34
446.567	1.34
446.926	1.34
447.285	1.35
447.645	1.35
448.004	1.35
448.363	1.36
448.723	1.34
449.082	1.34
449.441	1.37
449.8	1.35
450.159	1.35
450.518	1.34
450.877	1.34
451.236	1.35
451.595	1.35
451.954	1.36
452.313	1.37
452.672	1.38
453.031	1.38
453.389	1.37
453.748	1.39
454.107	1.38
454.465	1.39
454.824	1.39
455.182	1.38
455.541	1.38
455.899	1.38
456.258	1.36
456.616	1.37
456.974	1.35
457.333	1.36
457.691	1.34
458.049	1.34
458.407	1.34
458.765	1.35
459.123	1.35
459.481	1.34
459.839	1.34
460.197	1.35
460.555	1.34
460.913	1.35
461.271	1.35
461.629	1.36
461.987	1.37
462.344	1.38
462.702	1.37
463.06	1.36
463.417	1.37
463.775	1.37
464.132	1.37
464.49	1.37
464.847	1.37
465.204	1.37
465.562	1.38
465.919	1.38
466.276	1.38
466.633	1.39
466.991	1.4
467.348	1.4
467.705	1.4
468.062	1.39
468.419	1.39
468.776	1.41
469.133	1.4
469.49	1.39
469.846	1.39
470.203	1.39
470.56	1.38
470.917	1.38
471.273	1.39
471.63	1.39
471.986	1.39
472.343	1.39
472.699	1.39
473.056	1.39
473.412	1.4
473.769	1.4
474.125	1.39
474.481	1.4
474.838	1.4
475.194	1.38
475.55	1.38
475.906	1.38
476.262	1.37
476.618	1.36
476.974	1.37
477.33	1.38
477.686	1.38
478.042	1.38
478.398	1.39
478.753	1.41
479.109	1.42
479.465	1.43
479.821	1.43
480.176	1.44
480.532	1.44
480.887	1.44
481.243	1.42
481.598	1.42
481.954	1.45
482.309	1.47
482.664	1.46
483.02	1.44
483.375	1.44
483.73	1.44
484.085	1.44
484.44	1.44
484.795	1.45
485.15	1.45
485.505	1.45
485.86	1.44
486.215	1.42
486.57	1.42
486.925	1.44
487.28	1.45
487.634	1.45
487.989	1.44
488.344	1.45
488.698	1.45
489.053	1.45
489.407	1.45
489.762	1.44
490.116	1.44
490.471	1.44
490.825	1.44
491.179	1.44
491.534	1.45
491.888	1.45
492.242	1.44
492.596	1.45
492.95	1.45
493.304	1.46
493.658	1.47
494.012	1.48
494.366	1.48
494.72	1.48
495.074	1.51
495.428	1.51
495.782	1.51
496.135	1.52
496.489	1.52
496.843	1.52
497.196	1.51
497.55	1.51
497.903	1.52
498.257	1.53
498.61	1.54
498.963	1.52
499.317	1.53
499.67	1.53
500.023	1.54
500.376	1.53
500.73	1.53
501.083	1.54
501.436	1.53
501.789	1.53
502.142	1.52
502.495	1.52
502.848	1.51
503.201	1.5
503.553	1.5
503.906	1.5
504.259	1.51
504.612	1.51
504.964	1.52
505.317	1.52
505.669	1.53
506.022	1.54
506.374	1.53
506.727	1.53
507.079	1.53
507.432	1.52
507.784	1.51
508.136	1.51
508.488	1.5
508.841	1.51
509.193	1.51
509.545	1.51
509.897	1.5
510.249	1.51
510.601	1.51
510.953	1.52
511.305	1.52
511.656	1.53
512.008	1.54
512.36	1.54
512.712	1.54
513.063	1.54
513.415	1.54
513.766	1.55
514.118	1.55
514.469	1.55
514.821	1.55
515.172	1.55
515.524	1.55
515.875	1.55
516.226	1.55
516.577	1.54
516.929	1.54
517.28	1.53
517.631	1.53
517.982	1.53
518.333	1.52
518.684	1.52
519.035	1.52
519.386	1.53
519.737	1.53
520.087	1.55
520.438	1.56
520.789	1.56
521.139	1.58
521.49	1.58
521.841	1.58
522.191	1.6
522.542	1.6
522.892	1.6
523.243	1.59
523.593	1.58
523.943	1.57
524.293	1.58
524.644	1.58
524.994	1.57
525.344	1.56
525.694	1.56
526.044	1.55
526.394	1.55
526.744	1.55
527.094	1.56
527.444	1.56
527.794	1.57
528.144	1.56
528.493	1.57
528.843	1.57
529.193	1.57
529.542	1.58
529.892	1.58
530.241	1.59
530.591	1.59
530.94	1.59
531.29	1.58
531.639	1.57
531.988	1.57
532.338	1.57
532.687	1.57
533.036	1.57
533.385	1.57
533.734	1.57
534.083	1.57
534.432	1.57
534.781	1.58
535.13	1.58
535.479	1.58
535.828	1.58
536.177	1.58
536.525	1.59
536.874	1.59
537.223	1.6
537.571	1.6
537.92	1.59
538.268	1.6
538.617	1.6
538.965	1.61
539.314	1.61
539.662	1.6
540.01	1.6
540.359	1.6
540.707	1.6
541.055	1.6
541.403	1.6
541.751	1.6
542.099	1.61
542.447	1.61
542.795	1.62
543.143	1.62
543.491	1.63
543.839	1.65
544.187	1.65
544.534	1.66
544.882	1.65
545.23	1.66
545.577	1.66
545.925	1.66
546.272	1.66
546.62	1.66
546.967	1.68
547.314	1.66
547.662	1.66
548.009	1.65
548.356	1.65
548.704	1.66
549.051	1.66
549.398	1.66
549.745	1.67
550.092	1.67
550.439	1.67
550.786	1.65
551.133	1.67
551.479	1.68
551.826	1.68
552.173	1.69
552.52	1.69
552.866	1.68
553.213	1.68
553.56	1.67
553.906	1.68
554.253	1.67
554.599	1.68
554.945	1.68
555.292	1.68
555.638	1.68
555.984	1.69
556.331	1.68
556.677	1.69
557.023	1.68
557.369	1.68
557.715	1.68
558.061	1.69
558.407	1.69
558.753	1.69
559.099	1.69
559.444	1.69
559.79	1.67
560.136	1.67
560.482	1.68
560.827	1.67
561.173	1.66
561.518	1.67
561.864	1.66
562.209	1.67
562.555	1.68
562.9	1.7
563.245	1.7
563.591	1.69
563.936	1.69
564.281	1.69
564.626	1.7
564.971	1.71
565.316	1.7
565.661	1.71
566.006	1.72
566.351	1.72
566.696	1.72
567.041	1.73
567.386	1.75
567.73	1.76
568.075	1.77
568.42	1.77
568.764	1.79
569.109	1.79
569.453	1.77
569.798	1.75
570.142	1.74
570.487	1.75
570.831	1.73
571.175	1.73
571.519	1.73
571.864	1.72
572.208	1.74
572.552	1.73
572.896	1.74
573.24	1.75
573.584	1.76
573.928	1.77
574.272	1.76
574.616	1.77
574.959	1.78
575.303	1.78
575.647	1.79
575.99	1.77
576.334	1.78
576.678	1.78
577.021	1.8
577.364	1.8
577.708	1.81
578.051	1.83
578.395	1.83
578.738	1.83
579.081	1.83
579.424	1.83
579.767	1.84
580.111	1.86
580.454	1.88
580.797	1.85
581.14	1.83
581.482	1.81
581.825	1.81
582.168	1.81
582.511	1.8
582.854	1.8
583.196	1.79
583.539	1.8
583.882	1.77
584.224	1.77
584.567	1.79
584.909	1.81
585.252	1.8
585.594	1.81
585.936	1.81
586.279	1.83
586.621	1.82
586.963	1.84
587.305	1.83
587.647	1.83
587.989	1.83
588.331	1.82
588.673	1.82
589.015	1.82
589.357	1.82
589.699	1.82
590.041	1.8
590.382	1.8
590.724	1.81
591.066	1.79
591.407	1.81
591.749	1.82
592.09	1.82
592.432	1.81
592.773	1.81
593.114	1.82
593.456	1.82
593.797	1.84
594.138	1.85
594.479	1.83
594.821	1.82
595.162	1.8
595.503	1.79
595.844	1.79
596.185	1.8
596.525	1.81
596.866	1.81
597.207	1.82
597.548	1.82
597.889	1.83
598.229	1.83
598.57	1.84
598.91	1.86
599.251	1.86
599.592	1.87
599.932	1.88
600.272	1.88
600.613	1.89
600.953	1.89
601.293	1.88
601.633	1.89
601.974	1.88
602.314	1.89
602.654	1.9
602.994	1.9
603.334	1.91
603.674	1.9
604.014	1.88
604.353	1.87
604.693	1.88
605.033	1.88
605.373	1.88
605.712	1.89
606.052	1.87
606.391	1.87
606.731	1.87
607.07	1.86
607.41	1.87
607.749	1.87
608.088	1.87
608.428	1.87
608.767	1.87
609.106	1.87
609.445	1.88
609.784	1.9
610.123	1.91
610.462	1.91
610.801	1.92
611.14	1.93
611.479	1.95
611.818	1.96
612.157	1.97
612.495	1.97
612.834	1.98
613.173	1.98
613.511	2
613.85	1.99
614.188	1.99
614.527	1.99
614.865	1.99
615.203	1.97
615.542	1.98
615.88	1.98
616.218	1.99
616.556	1.98
616.894	1.99
617.233	1.98
617.571	1.98
617.908	2
618.246	2.01
618.584	2.02
618.922	2.04
619.26	2.01
619.598	2.03
619.935	2.02
620.273	2.02
620.611	2
620.948	2.01
621.286	2.03
621.623	2
621.96	1.98
622.298	1.96
622.635	1.96
622.972	1.98
623.31	1.98
623.647	2
623.984	1.99
624.321	1.97
624.658	1.96
624.995	1.94
625.332	1.97
625.669	1.98
626.006	2
626.342	1.99
626.679	1.98
627.016	1.98
627.352	1.97
627.689	2
628.026	2.03
628.362	2.02
628.699	2.02
629.035	2.03
629.371	2.02
629.708	2.01
630.044	2.02
630.38	2.04
630.716	2.02
631.052	2.04
631.388	2.03
631.725	2.03
632.06	2.04
632.396	2.07
632.732	2.07
633.068	2.07
633.404	2.07
633.74	2.08
634.075	2.09
634.411	2.1
634.747	2.1
635.082	2.1
635.418	2.1
635.753	2.12
636.089	2.11
636.424	2.12
636.759	2.18
637.095	2.19
637.43	2.2
637.765	2.22
638.1	2.21
638.435	2.18
638.77	2.19
639.105	2.16
639.44	2.17
639.775	2.17
640.11	2.14
640.445	2.1
640.779	2.11
641.114	2.1
641.449	2.08
641.783	2.12
642.118	2.13
642.452	2.13
642.787	2.17
643.121	2.19
643.456	2.2
643.79	2.21
644.124	2.21
644.458	2.18
644.793	2.18
645.127	2.17
645.461	2.15
645.795	2.16
646.129	2.16
646.463	2.13
646.797	2.09
647.13	2.08
647.464	2.11
647.798	2.12
648.132	2.16
648.465	2.18
648.799	2.15
649.132	2.17
649.466	2.21
649.799	2.21
650.133	2.23
650.466	2.22
650.799	2.21
651.133	2.17
651.466	2.16
651.799	2.13
652.132	2.14
652.465	2.16
652.798	2.15
653.131	2.11
653.464	2.14
653.797	2.17
654.13	2.18
654.463	2.18
654.795	2.22
655.128	2.23
655.461	2.26
655.793	2.23
656.126	2.24
656.458	2.25
656.791	2.26
657.123	2.23
657.455	2.21
657.788	2.21
658.12	2.18
658.452	2.2
658.784	2.24
659.116	2.23
659.448	2.26
659.78	2.27
660.112	2.24
660.444	2.24
660.776	2.24
661.108	2.25
661.44	2.21
661.771	2.27
662.103	2.25
662.435	2.21
662.766	2.18
663.098	2.17
663.429	2.15
663.761	2.19
664.092	2.23
664.423	2.24
664.755	2.24
665.086	2.28
665.417	2.27
665.748	2.27
666.079	2.28
666.41	2.27
666.741	2.25
667.072	2.27
667.403	2.26
667.734	2.2
668.065	2.19
668.395	2.18
668.726	2.16
669.057	2.12
669.387	2.1
669.718	2.12
670.048	2.12
670.379	2.12
670.709	2.1
671.039	2.09
671.37	2.15
671.7	2.18
672.03	2.21
672.36	2.25
672.69	2.25
673.02	2.27
673.35	2.26
673.68	2.31
674.01	2.33
674.34	2.36
674.67	2.37
675	2.32
675.329	2.29
675.659	2.32
675.989	2.32
676.318	2.32
676.648	2.33
676.977	2.3
677.307	2.29
677.636	2.3
677.965	2.33
678.295	2.34
678.624	2.34
678.953	2.37
679.282	2.34
679.611	2.33
679.94	2.4
680.269	2.43
680.598	2.45
680.927	2.47
681.256	2.44
681.584	2.41
681.913	2.42
682.242	2.43
682.57	2.42
682.899	2.43
683.228	2.47
683.556	2.41
683.884	2.38
684.213	2.37
684.541	2.33
684.869	2.37
685.198	2.39
685.526	2.37
685.854	2.36
686.182	2.4
686.51	2.35
686.838	2.3
687.166	2.35
687.494	2.36
687.822	2.34
688.149	2.35
688.477	2.34
688.805	2.34
689.133	2.34
689.46	2.38
689.788	2.39
690.115	2.43
690.443	2.39
690.77	2.35
691.097	2.35
691.425	2.43
691.752	2.42
692.079	2.41
692.406	2.39
692.733	2.44
693.06	2.38
693.387	2.33
693.714	2.35
694.041	2.38
694.368	2.42
694.695	2.44
695.021	2.37
695.348	2.41
695.675	2.46
696.001	2.46
696.328	2.45
696.654	2.48
696.981	2.5
697.307	2.52
697.634	2.52
697.96	2.49
698.286	2.48
698.612	2.51
698.938	2.49
699.264	2.45
699.591	2.49
699.917	2.5
700.242	2.54
700.568	2.54
700.894	2.53
701.22	2.57
701.546	2.62
701.871	2.64
702.197	2.63
702.523	2.66
702.848	2.66
703.174	2.6
703.499	2.6
703.824	2.54
704.15	2.55
704.475	2.52
704.8	2.5
705.125	2.49
705.451	2.47
705.776	2.48
706.101	2.5
706.426	2.58
706.751	2.61
707.076	2.65
707.4	2.69
707.725	2.69
708.05	2.71
708.375	2.73
708.699	2.71
709.024	2.73
709.348	2.8
709.673	2.77
709.997	2.72
710.322	2.72
710.646	2.69
710.97	2.69
711.294	2.63
711.619	2.58
711.943	2.55
712.267	2.56
712.591	2.58
712.915	2.52
713.239	2.51
713.563	2.57
713.886	2.58
714.21	2.56
714.534	2.57
714.858	2.64
715.181	2.67
715.505	2.65
715.828	2.7
716.152	2.73
716.475	2.77
716.799	2.8
717.122	2.77
717.445	2.81
717.768	2.85
718.092	2.81
718.415	2.76
718.738	2.75
719.061	2.81
719.384	2.74
719.707	2.7
720.03	2.65
720.352	2.68
720.675	2.63
720.998	2.58
721.32	2.52
721.643	2.55
721.966	2.67
722.288	2.73
722.611	2.77
722.933	2.74
723.255	2.77
723.578	2.77
723.9	2.78
724.222	2.88
724.544	2.91
724.866	2.93
725.188	2.83
725.51	2.78
725.832	2.77
726.154	2.73
726.476	2.76
726.798	2.72
727.12	2.66
727.441	2.6
727.763	2.58
728.085	2.56
728.406	2.57
728.728	2.59
729.049	2.57
729.37	2.59
729.692	2.58
730.013	2.59
730.334	2.59
730.655	2.65
730.977	2.66
731.298	2.61
731.619	2.62
731.94	2.64
732.261	2.72
732.581	2.77
732.902	2.71
733.223	2.71
733.544	2.73
733.864	2.71
734.185	2.76
734.506	2.8
734.826	2.9
735.146	2.9
735.467	2.96
735.787	2.98
736.108	2.92
736.428	2.93
736.748	2.92
737.068	3.01
737.388	3.06
737.708	3.03
738.028	2.94
738.348	2.81
738.668	2.78
738.988	2.77
739.308	2.77
739.628	2.81
739.947	2.86
740.267	2.92
740.586	2.81
740.906	2.78
741.225	2.8
741.545	2.87
741.864	2.97
742.184	3.06
742.503	2.94
742.822	2.88
743.141	2.93
743.46	2.94
743.779	2.97
744.098	2.96
744.417	3
744.736	3.06
745.055	3.1
745.374	3.1
745.693	3.06
746.011	3.16
746.33	3.26
746.649	3.2
746.967	3.19
747.286	3.11
747.604	3.12
747.923	3.16
748.241	3.17
748.559	3.15
748.877	3.18
749.196	3.19
749.514	3.13
749.832	2.99
750.15	2.99
750.468	3.02
750.786	3.01
751.104	3.03
751.422	3.05
751.739	2.88
752.057	2.84
752.375	2.73
752.692	2.75
753.01	2.81
753.327	2.85
753.645	2.7
753.962	2.63
754.28	2.56
754.597	2.51
754.914	2.48
755.231	2.5
755.548	2.63
755.866	2.74
756.183	2.65
756.5	2.65
756.816	2.69
757.133	2.96
757.45	2.97
757.767	3
758.084	3.07
758.4	3.11
758.717	3.17
759.034	3.12
759.35	3.08
759.667	3.18
759.983	3.14
760.299	3.1
760.616	3
760.932	3.03
761.248	3.06
761.564	3.06
761.88	3.06
762.196	3.01
762.512	2.93
762.828	2.92
763.144	2.91
763.46	2.98
763.776	3.09
764.092	3.07
764.407	3.05
764.723	3.07
765.038	3.1
765.354	3.16
765.669	3.21
765.985	3.25
766.3	3.3
766.616	3.36
766.931	3.35
767.246	3.2
767.561	3.11
767.876	3.21
768.191	3.13
768.506	3.04
768.821	2.97
769.136	2.91
769.451	2.96
769.766	2.87
770.08	2.7
770.395	2.65
770.71	2.81
771.024	2.95
771.339	2.98
771.653	3.17
771.968	3.24
772.282	3.04
772.596	3.14
772.911	3.07
773.225	3.12
773.539	3.37
773.853	3.38
774.167	3.3
774.481	3.23
774.795	3.2
775.109	3.22
775.423	3.17
775.737	3.24
776.05	3.2
776.364	3.25
776.678	3.27
776.991	3.11
777.305	3.14
777.618	3.01
777.931	2.91
778.245	2.97
778.558	2.93
778.871	2.98
779.185	3.03
779.498	3.16
779.811	3.21
780.124	3.21
780.437	3.23
780.75	3.12
781.063	3.36
781.375	3.54
781.688	3.37
782.001	3.24
782.314	3.26
782.626	3.17
782.939	3.04
783.251	2.94
783.564	2.98
783.876	3.1
784.188	3.39
784.501	3.3
784.813	3.35
785.125	3.31
785.437	3.38
785.749	3.45
786.061	3.6
786.373	3.55
786.685	3.58
786.997	3.33
787.309	3.21
787.621	3.05
787.932	3.03
788.244	2.93
788.556	3.09
788.867	3.22
789.179	3.33
789.49	3.26
789.801	3.34
790.113	3.37
790.424	3.37
790.735	3.33
791.046	3.3
791.358	3.09
791.669	3.12
791.98	2.91
792.291	2.96
792.601	2.74
792.912	2.83
793.223	2.97
793.534	2.89
793.845	3.07
794.155	3.07
794.466	3.09
794.776	3.45
795.087	3.51
795.397	3.59
795.707	3.39
796.018	3.44
796.328	3.48
796.638	3.58
796.948	3.62
797.258	3.77
797.569	3.77
797.879	3.89
798.188	3.68
798.498	3.66
798.808	3.58
799.118	3.72
799.428	3.71
799.737	3.7
800.047	3.5
800.356	3.5
800.666	3.33
800.975	3.52
801.285	3.66
801.594	3.85
801.903	3.96
802.213	4.12
802.522	4.02
802.831	3.93
803.14	4.01
803.449	4.14
803.758	4.21
804.067	4.22
804.376	4.28
804.684	4.03
804.993	4.1
805.302	4
805.611	4.03
805.919	3.88
806.228	3.96
806.536	3.91
806.845	3.76
807.153	3.84
807.461	3.73
807.769	3.35
808.078	3.48
808.386	3.38
808.694	3.33
809.002	3.24
809.31	3.38
809.618	3.5
809.926	3.59
810.233	3.58
810.541	3.54
810.849	3.48
811.157	3.67
811.464	3.53
811.772	3.59
812.079	3.58
812.387	3.44
812.694	3.76
813.001	3.69
813.309	3.63
813.616	3.68
813.923	3.63
814.23	4.02
814.537	4.37
814.844	4.48
815.151	4.32
815.458	4.32
815.765	4.42
816.072	4.09
816.378	3.95
816.685	3.77
816.992	3.67
817.298	3.63
817.605	3.37
817.911	3.04
818.218	3.07
818.524	3.16
818.83	3.2
819.136	3.24
819.443	3.51
819.749	3.68
820.055	3.76
820.361	3.7
820.667	3.77
820.973	3.88
821.279	3.92
821.584	3.98
821.89	4.05
822.196	4.05
822.501	4.1
822.807	4.02
823.113	4.04
823.418	4.03
823.723	4.06
824.029	4.06
824.334	4.06
824.639	4.05
824.944	4.01
825.25	3.99
825.555	4.05
825.86	4.07
826.165	4.07
826.47	4.06
826.774	4.12
827.079	4.1
827.384	4.03
827.689	4.02
827.993	4.03
828.298	4.08
828.602	4.12
828.907	4.12
829.211	4.02
829.516	4.1
829.82	4.01
830.124	3.93
830.429	3.89
830.733	4.13
831.037	4.21
831.341	4.32
831.645	4.24
831.949	4.22
832.253	4
832.556	3.96
832.86	3.94
833.164	4.13
833.467	4.13
833.771	4.27
834.075	4.22
834.378	4.02
834.682	4.02
834.985	4.03
835.288	3.91
835.591	3.99
835.895	4.18
836.198	4.12
836.501	4.1
836.804	3.93
837.107	3.77
837.41	3.73
837.713	3.89
838.016	3.63
838.318	3.44
838.621	3.2
838.924	3.19
839.226	2.9
839.529	2.95
839.831	2.64
840.134	2.91
840.436	3.1
840.738	3.03
841.041	3.18
841.343	3.55
841.645	3.77
841.947	4
842.249	4.15
842.551	4.25
842.853	4.27
843.155	4.56
843.457	4.71
843.758	4.56
844.06	4.9
844.362	4.79
844.663	4.83
844.965	4.82
845.266	5.03
845.568	4.76
845.869	4.28
846.17	4.06
846.472	4.23
846.773	3.87
847.074	3.41
847.375	2.71
847.676	2.95
847.977	2.45
848.278	3.09
848.579	3.58
848.88	4.03
849.181	4.46
849.481	4.6
849.782	4.39
850.082	4.52
850.383	5.3
850.683	5.72
850.984	5.89
851.284	6.1
851.585	5.46
851.885	5.29
852.185	5.35
852.485	5.84
852.785	5.67
853.085	5.76
853.385	5.52
853.685	4.73
853.985	3.59
854.285	2.76
854.584	2.93
854.884	2.4
855.184	2.03
855.483	2.27
855.783	2.61
856.082	2.65
856.382	3.03
856.681	3.43
856.98	4.21
857.28	5.56
857.579	6.01
857.878	5.97
858.177	6.22
858.476	6.33
858.775	6.28
859.074	4.78
859.373	5.16
859.671	4.67
859.97	4.74
860.269	5.22
860.567	4.57
860.866	4.1
861.165	4.09
861.463	4.17
861.761	3.82
862.06	3.87
862.358	5
862.656	5.16
862.954	5.25
863.252	5.64
863.551	4.82
863.849	4.49
864.146	4.17
864.444	4.13
864.742	4.66
865.04	5.03
865.338	4
865.635	3.51
865.933	3.58
866.23	3.55
866.528	3.23
866.825	3.77
867.123	4.45
867.42	4.99
867.717	5.09
868.014	4.87
868.312	4.67
868.609	4.88
868.906	5.43
869.203	5.1
869.5	4.32
869.796	3.64
870.093	3.79
870.39	3.72
870.687	3.44
870.983	3.5
871.28	3.64
871.576	3.02
871.873	3.46
872.169	3.62
872.466	3.73
872.762	4.43
873.058	5.46
873.354	5.07
873.65	4.87
873.947	5.28
874.243	5.33
874.538	5.26
874.834	5.89
875.13	4.62
875.426	3.58
875.722	3.27
876.017	3.4
876.313	2.82
876.608	2.2
876.904	2.65
877.199	2.07
877.495	2.07
877.79	1.75
878.085	1.77
878.381	2.5
878.676	3.05
878.971	3.42
879.266	3.64
879.561	3.82
879.856	4.9
880.151	4.89
880.445	5.31
880.74	5.32
881.035	5.49
881.329	5.5
881.624	5.73
881.919	5.84
882.213	5.98
