177.169	-433.96
177.554	-1767.53
177.94	4100
178.326	722.22
178.711	284.12
179.097	316.7
179.482	66.3
179.868	58.26
180.253	-97.25
180.639	-38.4
181.024	-8.87
181.409	-52.44
181.795	-1767.53
182.18	-1603.16
182.565	328.41
182.95	142.12
183.336	237.92
183.721	181.01
184.106	-84.57
184.491	115.43
184.876	30.86
185.261	44.14
185.646	32.27
186.031	7.5
186.416	12.69
186.801	13.04
187.186	18.64
187.57	16.75
187.955	16.71
188.34	20.69
188.725	14.01
189.11	13.34
189.494	11.99
189.879	10.12
190.263	13.71
190.648	11.72
191.033	13.73
191.417	17.44
191.802	16.06
192.186	23.15
192.57	20.05
192.955	24.88
193.339	18.62
193.723	25.04
194.108	32.4
194.492	28.44
194.876	32.03
195.26	33.93
195.645	32.26
196.029	31.36
196.413	23.12
196.797	23.79
197.181	24.85
197.565	29.39
197.949	24.48
198.333	23.77
198.717	24.84
199.101	17.85
199.484	17.33
199.868	16.34
200.252	18.67
200.636	19.76
201.019	22.76
201.403	24.21
201.787	26.09
202.17	18.91
202.554	17.19
202.937	13.73
203.321	20.52
203.704	24.06
204.088	23.21
204.471	15.46
204.855	12.6
205.238	13.59
205.621	11.15
206.005	17.1
206.388	23.9
206.771	24.09
207.154	31.6
207.537	31.44
207.921	26.42
208.304	22.43
208.687	26.82
209.07	29.73
209.453	31.25
209.836	27.12
210.219	18.15
210.601	21.63
210.984	18.62
211.367	15.99
211.75	13.58
212.133	18.44
212.515	25.12
212.898	27.25
213.281	31.18
213.663	30.02
214.046	33.85
214.428	41.02
214.811	35.66
215.193	39.9
215.576	34.5
215.958	40.66
216.341	36.73
216.723	27.3
217.105	22.63
217.488	21.87
217.87	20.97
218.252	20.41
218.634	19.42
219.017	21.07
219.399	16.69
219.781	17.18
220.163	16.67
220.545	12.03
220.927	12.6
221.309	18.03
221.691	15.05
222.073	16.07
222.455	9.06
222.836	6.67
223.218	6.83
223.6	13.07
223.982	18.13
224.363	17.83
224.745	18.06
225.127	16.46
225.508	16.11
225.89	15.77
226.271	15.57
226.653	22.55
227.034	20.6
227.416	18.34
227.797	13.2
228.178	9.06
228.56	5.04
228.941	6.43
229.322	11.36
229.704	10.98
230.085	7.21
230.466	6.13
230.847	2.03
231.228	5.99
231.609	7.74
231.99	7.88
232.371	9.07
232.752	9.69
233.133	9.11
233.514	7.5
233.895	5.94
234.276	8.63
234.657	9.64
235.037	10.75
235.418	10.5
235.799	8.62
236.179	9.57
236.56	6.7
236.941	5.21
237.321	6.04
237.702	4.1
238.082	5.75
238.463	5.08
238.843	4.23
239.223	4.39
239.604	3.17
239.984	3.12
240.364	2.54
240.745	2.45
241.125	2.72
241.505	2.09
241.885	2.22
242.265	1.81
242.645	1.69
243.025	1.54
243.405	1.37
243.785	1.54
244.165	1.46
244.545	1.56
244.925	1.59
245.305	1.42
245.685	1.63
246.065	1.75
246.444	1.71
246.824	1.93
247.204	1.84
247.583	1.81
247.963	1.9
248.343	1.99
248.722	2.09
249.102	2.26
249.481	2.48
249.861	2.51
250.24	2.42
250.619	2.21
250.999	2.08
251.378	2.35
251.757	1.99
252.136	1.99
252.516	1.92
252.895	1.71
253.274	1.69
253.653	1.37
254.032	1.34
254.411	1.28
254.79	1.99
255.169	1.96
255.548	1.72
255.927	2.38
256.306	2.03
256.685	1.97
257.063	1.94
257.442	1.89
257.821	1.91
258.199	1.8
258.578	1.75
258.957	1.55
259.335	1.49
259.714	1.44
260.092	1.38
260.471	1.39
260.849	1.36
261.228	1.34
261.606	1.38
261.984	1.34
262.363	1.38
262.741	1.46
263.119	1.44
263.497	1.54
263.876	1.78
264.254	1.68
264.632	1.74
265.01	1.81
265.388	1.87
265.766	1.76
266.144	1.73
266.522	1.8
266.9	1.81
267.278	1.82
267.655	1.76
268.033	1.56
268.411	1.57
268.789	1.52
269.166	1.44
269.544	1.36
269.922	1.43
270.299	1.4
270.677	1.33
271.054	1.35
271.432	1.36
271.809	1.38
272.186	1.46
272.564	1.53
272.941	1.6
273.318	1.6
273.696	1.64
274.073	1.61
274.45	1.66
274.827	1.68
275.204	1.58
275.582	1.64
275.959	1.65
276.336	1.6
276.713	1.57
277.09	1.54
277.466	1.6
277.843	1.66
278.22	1.65
278.597	1.62
278.974	1.55
279.35	1.63
279.727	1.6
280.104	1.56
280.48	1.7
280.857	1.71
281.234	1.71
281.61	1.63
281.987	1.58
282.363	1.61
282.74	1.55
283.116	1.56
283.492	1.51
283.869	1.49
284.245	1.52
284.621	1.43
284.997	1.41
285.373	1.34
285.75	1.43
286.126	1.43
286.502	1.37
286.878	1.41
287.254	1.45
287.63	1.53
288.006	1.59
288.382	1.59
288.757	1.64
289.133	1.68
289.509	1.73
289.885	1.69
290.26	1.68
290.636	1.73
291.012	1.79
291.387	1.72
291.763	1.67
292.139	1.64
292.514	1.64
292.889	1.59
293.265	1.58
293.64	1.65
294.016	1.63
294.391	1.57
294.766	1.53
295.142	1.55
295.517	1.61
295.892	1.66
296.267	1.68
296.642	1.7
297.017	1.74
297.392	1.77
297.767	1.77
298.142	1.8
298.517	1.87
298.892	1.9
299.267	1.89
299.642	1.95
300.017	1.94
300.391	1.98
300.766	1.98
301.141	2
301.515	1.93
301.89	1.91
302.265	1.97
302.639	1.99
303.014	1.99
303.388	2.06
303.762	1.98
304.137	1.97
304.511	1.91
304.886	1.87
305.26	1.85
305.634	1.78
306.008	1.75
306.382	1.72
306.757	1.68
307.131	1.69
307.505	1.61
307.879	1.57
308.253	1.57
308.627	1.66
309.001	1.66
309.375	1.66
309.748	1.71
310.122	1.76
310.496	1.76
310.87	1.78
311.243	1.8
311.617	1.86
311.991	1.95
312.364	1.95
312.738	1.94
313.111	1.95
313.485	1.9
313.858	1.98
314.232	1.97
314.605	1.97
314.979	1.91
315.352	1.9
315.725	1.9
316.098	1.88
316.472	1.94
316.845	1.91
317.218	1.96
317.591	2.04
317.964	2.02
318.337	2
318.71	2.02
319.083	2.13
319.456	2.14
319.829	2.16
320.202	2.16
320.574	2.12
320.947	2.14
321.32	2.2
321.693	2.27
322.065	2.24
322.438	2.31
322.81	2.33
323.183	2.27
323.555	2.31
323.928	2.28
324.3	2.27
324.673	2.35
325.045	2.38
325.417	2.37
325.79	2.35
326.162	2.37
326.534	2.35
326.906	2.44
327.278	2.52
327.651	2.59
328.023	2.62
328.395	2.59
328.767	2.57
329.139	2.61
329.511	2.65
329.882	2.65
330.254	2.62
330.626	2.54
330.998	2.46
331.37	2.45
331.741	2.36
332.113	2.32
332.485	2.38
332.856	2.42
333.228	2.34
333.599	2.34
333.971	2.35
334.342	2.44
334.714	2.54
335.085	2.56
335.456	2.57
335.828	2.65
336.199	2.72
336.57	2.72
336.941	2.73
337.312	2.79
337.683	2.81
338.054	2.85
338.426	2.76
338.797	2.77
339.167	2.8
339.538	2.78
339.909	2.72
340.28	2.72
340.651	2.8
341.022	2.83
341.392	2.86
341.763	2.84
342.134	2.82
342.504	2.85
342.875	2.88
343.246	2.91
343.616	2.95
343.987	2.97
344.357	2.97
344.727	2.93
345.098	2.86
345.468	2.81
345.838	2.82
346.209	2.85
346.579	2.84
346.949	2.84
347.319	2.88
347.689	2.89
348.059	2.9
348.429	2.9
348.799	2.91
349.169	2.95
349.539	3.03
349.909	3.06
350.279	3.06
350.649	3.11
351.018	3.1
351.388	3.02
351.758	3.06
352.128	3.08
352.497	3.05
352.867	3.03
353.236	3.03
353.606	3
353.975	2.94
354.345	3
354.714	2.96
355.083	2.92
355.453	2.92
355.822	2.9
356.191	2.92
356.56	2.98
356.93	3.03
357.299	3
357.668	2.99
358.037	3.01
358.406	2.99
358.775	3.01
359.144	3.01
359.513	3.03
359.882	3.07
360.25	3.05
360.619	3.03
360.988	3
361.357	3.06
361.725	3.06
362.094	3.08
362.463	3.08
362.831	3.08
363.2	3.11
363.568	3.11
363.937	3.08
364.305	3.08
364.673	3.09
365.042	3.09
365.41	3.03
365.778	3.06
366.146	3.07
366.515	3.08
366.883	3.07
367.251	3.07
367.619	3.07
367.987	3.1
368.355	3.12
368.723	3.13
369.091	3.14
369.459	3.2
369.826	3.21
370.194	3.17
370.562	3.2
370.93	3.22
371.297	3.24
371.665	3.24
372.033	3.24
372.4	3.26
372.768	3.28
373.135	3.32
373.503	3.28
373.87	3.28
374.237	3.3
374.605	3.3
374.972	3.31
375.339	3.33
375.707	3.35
376.074	3.37
376.441	3.37
376.808	3.37
377.175	3.37
377.542	3.41
377.909	3.43
378.276	3.46
378.643	3.45
379.01	3.46
379.377	3.44
379.744	3.46
380.11	3.46
380.477	3.46
380.844	3.48
381.21	3.47
381.577	3.45
381.944	3.45
382.31	3.4
382.677	3.42
383.043	3.43
383.409	3.47
383.776	3.44
384.142	3.44
384.508	3.42
384.875	3.4
385.241	3.4
385.607	3.43
385.973	3.41
386.339	3.45
386.705	3.46
387.071	3.47
387.437	3.48
387.803	3.49
388.169	3.54
388.535	3.58
388.901	3.62
389.267	3.65
389.633	3.68
389.998	3.72
390.364	3.73
390.73	3.74
391.095	3.75
391.461	3.77
391.826	3.77
392.192	3.77
392.557	3.79
392.923	3.77
393.288	3.76
393.653	3.73
394.019	3.74
394.384	3.73
394.749	3.72
395.114	3.75
395.479	3.75
395.844	3.76
396.21	3.76
396.575	3.76
396.94	3.78
397.304	3.82
397.669	3.85
398.034	3.87
398.399	3.9
398.764	3.93
399.129	3.91
399.493	3.92
399.858	3.93
400.223	3.92
400.587	3.94
400.952	3.98
401.316	4.01
401.681	4
402.045	3.99
402.409	4.01
402.774	4.03
403.138	4.06
403.502	4.1
403.867	4.1
404.231	4.13
404.595	4.14
404.959	4.13
405.323	4.16
405.687	4.21
406.051	4.25
406.415	4.26
406.779	4.27
407.143	4.27
407.507	4.28
407.871	4.3
408.234	4.31
408.598	4.32
408.962	4.33
409.325	4.34
409.689	4.33
410.053	4.31
410.416	4.3
410.78	4.29
411.143	4.3
411.506	4.3
411.87	4.32
412.233	4.34
412.596	4.34
412.96	4.33
413.323	4.33
413.686	4.32
414.049	4.35
414.412	4.38
414.775	4.41
415.138	4.43
415.501	4.42
415.864	4.42
416.227	4.41
416.59	4.42
416.953	4.43
417.315	4.44
417.678	4.47
418.041	4.47
418.404	4.47
418.766	4.47
419.129	4.47
419.491	4.5
419.854	4.52
420.216	4.54
420.579	4.55
420.941	4.56
421.303	4.57
421.666	4.57
422.028	4.59
422.39	4.61
422.752	4.63
423.114	4.65
423.476	4.66
423.839	4.68
424.201	4.7
424.563	4.72
424.924	4.74
425.286	4.76
425.648	4.8
426.01	4.84
426.372	4.87
426.733	4.88
427.095	4.91
427.457	4.94
427.818	4.96
428.18	4.97
428.542	5
428.903	5.01
429.264	5.02
429.626	5.02
429.987	5.01
430.349	5.03
430.71	5.04
431.071	5.06
431.432	5.06
431.794	5.07
432.155	5.08
432.516	5.09
432.877	5.12
433.238	5.13
433.599	5.15
433.96	5.18
434.321	5.19
434.681	5.22
435.042	5.25
435.403	5.26
435.764	5.29
436.124	5.32
436.485	5.34
436.846	5.36
437.206	5.36
437.567	5.36
437.927	5.36
438.288	5.38
438.648	5.39
439.008	5.41
439.369	5.44
439.729	5.46
440.089	5.47
440.449	5.49
440.81	5.52
441.17	5.54
441.53	5.57
441.89	5.6
442.25	5.62
442.61	5.63
442.97	5.64
443.33	5.64
443.689	5.65
444.049	5.66
444.409	5.67
444.769	5.67
445.128	5.68
445.488	5.7
445.848	5.72
446.207	5.74
446.567	5.76
446.926	5.79
447.285	5.82
447.645	5.85
448.004	5.88
448.363	5.91
448.723	5.95
449.082	5.99
449.441	6.02
449.8	6.05
450.159	6.08
450.518	6.1
450.877	6.1
451.236	6.13
451.595	6.15
451.954	6.17
452.313	6.2
452.672	6.21
453.031	6.22
453.389	6.25
453.748	6.26
454.107	6.26
454.465	6.3
454.824	6.35
455.182	6.35
455.541	6.38
455.899	6.39
456.258	6.4
456.616	6.41
456.974	6.42
457.333	6.44
457.691	6.42
458.049	6.43
458.407	6.44
458.765	6.46
459.123	6.49
459.481	6.52
459.839	6.54
460.197	6.56
460.555	6.59
460.913	6.63
461.271	6.66
461.629	6.73
461.987	6.77
462.344	6.81
462.702	6.84
463.06	6.87
463.417	6.88
463.775	6.9
464.132	6.93
464.49	6.94
464.847	6.94
465.204	6.96
465.562	6.97
465.919	7.01
466.276	7.02
466.633	7.05
466.991	7.07
467.348	7.09
467.705	7.1
468.062	7.12
468.419	7.15
468.776	7.18
469.133	7.2
469.49	7.22
469.846	7.24
470.203	7.26
470.56	7.27
470.917	7.29
471.273	7.31
471.63	7.33
471.986	7.36
472.343	7.39
472.699	7.4
473.056	7.45
473.412	7.48
473.769	7.51
474.125	7.54
474.481	7.57
474.838	7.61
475.194	7.65
475.55	7.67
475.906	7.7
476.262	7.71
476.618	7.72
476.974	7.74
477.33	7.75
477.686	7.77
478.042	7.8
478.398	7.82
478.753	7.83
479.109	7.84
479.465	7.86
479.821	7.88
480.176	7.9
480.532	7.94
480.887	7.95
481.243	7.97
481.598	8.06
481.954	8.3
482.309	8.49
482.664	8.54
483.02	8.49
483.375	8.39
483.73	8.42
484.085	8.44
484.44	8.45
484.795	8.47
485.15	8.5
485.505	8.49
485.86	8.38
486.215	8.27
486.57	8.24
486.925	8.32
487.28	8.47
487.634	8.48
487.989	8.5
488.344	8.53
488.698	8.57
489.053	8.6
489.407	8.62
489.762	8.65
490.116	8.68
490.471	8.72
490.825	8.75
491.179	8.77
491.534	8.79
491.888	8.81
492.242	8.84
492.596	8.86
492.95	8.91
493.304	8.96
493.658	9.03
494.012	9.07
494.366	9.09
494.72	9.1
495.074	9.11
495.428	9.12
495.782	9.13
496.135	9.15
496.489	9.18
496.843	9.2
497.196	9.23
497.55	9.25
497.903	9.28
498.257	9.33
498.61	9.38
498.963	9.41
499.317	9.44
499.67	9.49
500.023	9.52
500.376	9.54
500.73	9.57
501.083	9.6
501.436	9.63
501.789	9.67
502.142	9.68
502.495	9.71
502.848	9.74
503.201	9.77
503.553	9.79
503.906	9.82
504.259	9.86
504.612	9.91
504.964	9.95
505.317	9.97
505.669	10
506.022	10.03
506.374	10.07
506.727	10.09
507.079	10.12
507.432	10.14
507.784	10.17
508.136	10.2
508.488	10.23
508.841	10.26
509.193	10.29
509.545	10.32
509.897	10.36
510.249	10.39
510.601	10.43
510.953	10.48
511.305	10.52
511.656	10.55
512.008	10.58
512.36	10.61
512.712	10.64
513.063	10.67
513.415	10.7
513.766	10.73
514.118	10.77
514.469	10.82
514.821	10.85
515.172	10.86
515.524	10.88
515.875	10.91
516.226	10.93
516.577	10.94
516.929	10.97
517.28	10.99
517.631	11.03
517.982	11.06
518.333	11.1
518.684	11.13
519.035	11.18
519.386	11.22
519.737	11.27
520.087	11.32
520.438	11.37
520.789	11.44
521.139	11.49
521.49	11.54
521.841	11.57
522.191	11.59
522.542	11.62
522.892	11.65
523.243	11.66
523.593	11.68
523.943	11.7
524.293	11.73
524.644	11.76
524.994	11.8
525.344	11.83
525.694	11.85
526.044	11.87
526.394	11.89
526.744	11.97
527.094	12.08
527.444	12.11
527.794	12.19
528.144	12.25
528.493	12.29
528.843	12.32
529.193	12.36
529.542	12.4
529.892	12.46
530.241	12.52
530.591	12.55
530.94	12.53
531.29	12.58
531.639	12.57
531.988	12.58
532.338	12.61
532.687	12.65
533.036	12.69
533.385	12.73
533.734	12.76
534.083	12.8
534.432	12.83
534.781	12.86
535.13	12.92
535.479	12.99
535.828	13.05
536.177	13.08
536.525	13.1
536.874	13.13
537.223	13.15
537.571	13.19
537.92	13.23
538.268	13.28
538.617	13.33
538.965	13.36
539.314	13.35
539.662	13.37
540.01	13.4
540.359	13.44
540.707	13.48
541.055	13.52
541.403	13.56
541.751	13.59
542.099	13.63
542.447	13.68
542.795	13.76
543.143	13.84
543.491	13.91
543.839	13.96
544.187	13.99
544.534	14
544.882	14.01
545.23	14.03
545.577	14.08
545.925	14.13
546.272	14.18
546.62	14.21
546.967	14.25
547.314	14.3
547.662	14.37
548.009	14.43
548.356	14.51
548.704	14.59
549.051	14.67
549.398	14.72
549.745	14.73
550.092	14.74
550.439	14.75
550.786	14.76
551.133	14.76
551.479	14.76
551.826	14.82
552.173	14.84
552.52	14.88
552.866	14.93
553.213	14.97
553.56	15.02
553.906	15.06
554.253	15.13
554.599	15.18
554.945	15.24
555.292	15.3
555.638	15.34
555.984	15.4
556.331	15.43
556.677	15.47
557.023	15.52
557.369	15.55
557.715	15.61
558.061	15.65
558.407	15.69
558.753	15.75
559.099	15.79
559.444	15.84
559.79	15.87
560.136	15.91
560.482	15.94
560.827	16
561.173	16.04
561.518	16.08
561.864	16.12
562.209	16.17
562.555	16.19
562.9	16.23
563.245	16.26
563.591	16.28
563.936	16.32
564.281	16.33
564.626	16.31
564.971	16.33
565.316	16.36
565.661	16.38
566.006	16.42
566.351	16.48
566.696	16.51
567.041	16.56
567.386	16.62
567.73	16.67
568.075	16.73
568.42	16.81
568.764	16.88
569.109	16.93
569.453	16.96
569.798	16.96
570.142	16.97
570.487	16.98
570.831	17.01
571.175	17.05
571.519	17.09
571.864	17.14
572.208	17.18
572.552	17.21
572.896	17.26
573.24	17.3
573.584	17.36
573.928	17.42
574.272	17.5
574.616	17.56
574.959	17.59
575.303	17.62
575.647	17.67
575.99	17.7
576.334	17.75
576.678	17.79
577.021	17.85
577.364	17.93
577.708	17.97
578.051	18.01
578.395	18.03
578.738	18.08
579.081	18.12
579.424	18.13
579.767	18.15
580.111	18.17
580.454	18.21
580.797	18.25
581.14	18.27
581.482	18.3
581.825	18.32
582.168	18.36
582.511	18.4
582.854	18.44
583.196	18.48
583.539	18.54
583.882	18.58
584.224	18.62
584.567	18.62
584.909	18.63
585.252	18.68
585.594	18.72
585.936	18.75
586.279	18.78
586.621	18.81
586.963	18.87
587.305	18.92
587.647	18.95
587.989	18.96
588.331	19.02
588.673	19.06
589.015	19.08
589.357	19.11
589.699	19.17
590.041	19.21
590.382	19.25
590.724	19.27
591.066	19.28
591.407	19.31
591.749	19.35
592.09	19.37
592.432	19.41
592.773	19.44
593.114	19.46
593.456	19.48
593.797	19.51
594.138	19.53
594.479	19.56
594.821	19.57
595.162	19.56
595.503	19.58
595.844	19.63
596.185	19.67
596.525	19.72
596.866	19.78
597.207	19.82
597.548	19.87
597.889	19.91
598.229	19.94
598.57	20.01
598.91	20.1
599.251	20.17
599.592	20.22
599.932	20.27
600.272	20.3
600.613	20.3
600.953	20.3
601.293	20.28
601.633	20.26
601.974	20.3
602.314	20.29
602.654	20.28
602.994	20.29
603.334	20.31
603.674	20.34
604.014	20.4
604.353	20.45
604.693	20.53
605.033	20.61
605.373	20.68
605.712	20.71
606.052	20.79
606.391	20.88
606.731	20.94
607.07	20.98
607.41	20.97
607.749	20.96
608.088	20.98
608.428	20.96
608.767	20.97
609.106	21.01
609.445	21.08
609.784	21.13
610.123	21.18
610.462	21.22
610.801	21.29
611.14	21.38
611.479	21.45
611.818	21.51
612.157	21.57
612.495	21.62
612.834	21.64
613.173	21.64
613.511	21.64
613.85	21.68
614.188	21.73
614.527	21.77
614.865	21.8
615.203	21.83
615.542	21.86
615.88	21.88
616.218	21.91
616.556	21.92
616.894	21.93
617.233	21.97
617.571	21.98
617.908	22.01
618.246	22.01
618.584	22.06
618.922	22.1
619.26	22.11
619.598	22.15
619.935	22.19
620.273	22.26
620.611	22.32
620.948	22.34
621.286	22.38
621.623	22.41
621.96	22.43
622.298	22.46
622.635	22.48
622.972	22.56
623.31	22.55
623.647	22.57
623.984	22.56
624.321	22.56
624.658	22.56
624.995	22.59
625.332	22.62
625.669	22.67
626.006	22.7
626.342	22.72
626.679	22.73
627.016	22.79
627.352	22.83
627.689	22.88
628.026	22.95
628.362	23.02
628.699	23.08
629.035	23.14
629.371	23.17
629.708	23.19
630.044	23.24
630.38	23.3
630.716	23.33
631.052	23.37
631.388	23.4
631.725	23.43
632.06	23.44
632.396	23.43
632.732	23.42
633.068	23.47
633.404	23.52
633.74	23.54
634.075	23.54
634.411	23.58
634.747	23.6
635.082	23.63
635.418	23.67
635.753	23.72
636.089	23.79
636.424	23.85
636.759	23.86
637.095	23.88
637.43	23.93
637.765	23.96
638.1	23.98
638.435	23.99
638.77	24.01
639.105	24
639.44	24.02
639.775	24.03
640.11	24.06
640.445	24.1
640.779	24.12
641.114	24.09
641.449	24.11
641.783	24.12
642.118	24.19
642.452	24.22
642.787	24.24
643.121	24.28
643.456	24.26
643.79	24.27
644.124	24.3
644.458	24.34
644.793	24.38
645.127	24.43
645.461	24.49
645.795	24.49
646.129	24.51
646.463	24.56
646.797	24.56
647.13	24.61
647.464	24.64
647.798	24.69
648.132	24.72
648.465	24.74
648.799	24.75
649.132	24.77
649.466	24.78
649.799	24.79
650.133	24.8
650.466	24.83
650.799	24.89
651.133	24.94
651.466	24.95
651.799	24.97
652.132	25
652.465	25.06
652.798	25.05
653.131	25.12
653.464	25.14
653.797	25.17
654.13	25.22
654.463	25.27
654.795	25.28
655.128	25.35
655.461	25.37
655.793	25.4
656.126	25.38
656.458	25.43
656.791	25.43
657.123	25.42
657.455	25.43
657.788	25.42
658.12	25.39
658.452	25.45
658.784	25.48
659.116	25.55
659.448	25.61
659.78	25.65
660.112	25.71
660.444	25.75
660.776	25.84
661.108	25.89
661.44	25.95
661.771	26.04
662.103	26.04
662.435	26.06
662.766	26.04
663.098	26.05
663.429	26.05
663.761	26.02
664.092	26.04
664.423	26.08
664.755	26.16
665.086	26.15
665.417	26.18
665.748	26.23
666.079	26.25
666.41	26.33
666.741	26.36
667.072	26.38
667.403	26.42
667.734	26.45
668.065	26.45
668.395	26.43
668.726	26.5
669.057	26.52
669.387	26.54
669.718	26.58
670.048	26.53
670.379	26.55
670.709	26.61
671.039	26.64
671.37	26.7
671.7	26.73
672.03	26.74
672.36	26.75
672.69	26.74
673.02	26.79
673.35	26.78
673.68	26.88
674.01	26.91
674.34	26.93
674.67	26.95
675	26.93
675.329	26.93
675.659	26.95
675.989	26.95
676.318	26.96
676.648	26.94
676.977	26.98
677.307	26.93
677.636	26.95
677.965	26.96
678.295	26.95
678.624	27
678.953	27.05
679.282	27.1
679.611	27.19
679.94	27.25
680.269	27.32
680.598	27.36
680.927	27.37
681.256	27.42
681.584	27.47
681.913	27.54
682.242	27.56
682.57	27.58
682.899	27.58
683.228	27.58
683.556	27.56
683.884	27.59
684.213	27.6
684.541	27.62
684.869	27.61
685.198	27.56
685.526	27.55
685.854	27.59
686.182	27.59
686.51	27.63
686.838	27.65
687.166	27.69
687.494	27.62
687.822	27.62
688.149	27.66
688.477	27.68
688.805	27.75
689.133	27.8
689.46	27.8
689.788	27.83
690.115	27.86
690.443	27.89
690.77	27.94
691.097	28
691.425	28.03
691.752	28.03
692.079	28.08
692.406	28.1
692.733	28.13
693.06	28.21
693.387	28.22
693.714	28.23
694.041	28.23
694.368	28.18
694.695	28.23
695.021	28.2
695.348	28.27
695.675	28.29
696.001	28.22
696.328	28.16
696.654	28.11
696.981	28.11
697.307	28.15
697.634	28.15
697.96	28.21
698.286	28.22
698.612	28.33
698.938	28.38
699.264	28.42
699.591	28.55
699.917	28.63
700.242	28.74
700.568	28.84
700.894	28.86
701.22	29
701.546	29.06
701.871	29.13
702.197	29.11
702.523	29.14
702.848	29.07
703.174	29.02
703.499	29
703.824	29
704.15	29.01
704.475	29.03
704.8	28.99
705.125	28.99
705.451	28.98
705.776	29.01
706.101	29.01
706.426	29.09
706.751	29.07
707.076	29.05
707.4	29.01
707.725	29.07
708.05	29.07
708.375	29.04
708.699	29.09
709.024	29.12
709.348	29.12
709.673	29.06
709.997	29.04
710.322	29.09
710.646	29.15
710.97	29.22
711.294	29.21
711.619	29.26
711.943	29.32
712.267	29.3
712.591	29.3
712.915	29.3
713.239	29.36
713.563	29.38
713.886	29.38
714.21	29.37
714.534	29.35
714.858	29.34
715.181	29.32
715.505	29.32
715.828	29.35
716.152	29.34
716.475	29.43
716.799	29.51
717.122	29.53
717.445	29.59
717.768	29.67
718.092	29.67
718.415	29.75
718.738	29.82
719.061	29.82
719.384	29.88
719.707	29.93
720.03	29.88
720.352	29.87
720.675	29.89
720.998	29.85
721.32	29.84
721.643	29.9
721.966	29.88
722.288	29.91
722.611	29.95
722.933	29.78
723.255	29.75
723.578	29.77
723.9	29.71
724.222	29.8
724.544	29.8
724.866	29.82
725.188	29.83
725.51	29.82
725.832	29.79
726.154	29.87
726.476	30
726.798	30.05
727.12	30.06
727.441	30.09
727.763	30.13
728.085	30.22
728.406	30.19
728.728	30.12
729.049	30.12
729.37	30.18
729.692	30.11
730.013	30.11
730.334	30.1
730.655	30.14
730.977	30.14
731.298	30.08
731.619	30.06
731.94	30.14
732.261	30.17
732.581	30.21
732.902	30.22
733.223	30.31
733.544	30.46
733.864	30.54
734.185	30.62
734.506	30.7
734.826	30.77
735.146	30.81
735.467	30.8
735.787	30.85
736.108	30.88
736.428	30.94
736.748	30.99
737.068	30.9
737.388	30.9
737.708	30.85
738.028	30.8
738.348	30.8
738.668	30.8
738.988	30.88
739.308	30.86
739.628	30.82
739.947	30.77
740.267	30.78
740.586	30.85
740.906	30.8
741.225	30.77
741.545	30.79
741.864	30.8
742.184	30.85
742.503	30.74
742.822	30.77
743.141	30.87
743.46	31.01
743.779	30.87
744.098	30.72
744.417	30.72
744.736	30.79
745.055	30.82
745.374	30.78
745.693	30.82
746.011	30.91
746.33	30.89
746.649	30.88
746.967	30.81
747.286	30.84
747.604	30.95
747.923	31
748.241	30.96
748.559	30.94
748.877	30.96
749.196	30.97
749.514	30.97
749.832	31.01
750.15	31.04
750.468	30.99
750.786	31.07
751.104	31.1
751.422	31.11
751.739	31.17
752.057	31.21
752.375	31.29
752.692	31.21
753.01	31.25
753.327	31.31
753.645	31.27
753.962	31.33
754.28	31.39
754.597	31.39
754.914	31.4
755.231	31.43
755.548	31.46
755.866	31.44
756.183	31.54
756.5	31.53
756.816	31.5
757.133	31.58
757.45	31.48
757.767	31.42
758.084	31.4
758.4	31.46
758.717	31.46
759.034	31.42
759.35	31.5
759.667	31.48
759.983	31.44
760.299	31.44
760.616	31.39
760.932	31.49
761.248	31.54
761.564	31.54
761.88	31.33
762.196	31.32
762.512	31.18
762.828	31.12
763.144	31.09
763.46	31.12
763.776	31.2
764.092	31.27
764.407	31.26
764.723	31.22
765.038	31.21
765.354	31.39
765.669	31.45
765.985	31.7
766.3	31.7
766.616	31.73
766.931	31.74
767.246	31.61
767.561	31.55
767.876	31.73
768.191	31.79
768.506	31.74
768.821	31.65
769.136	31.67
769.451	31.56
769.766	31.56
770.08	31.65
770.395	31.65
770.71	31.84
771.024	31.87
771.339	31.7
771.653	31.66
771.968	31.82
772.282	31.93
772.596	31.94
772.911	31.95
773.225	32.06
773.539	31.99
773.853	32.13
774.167	32.2
774.481	32.28
774.795	32.24
775.109	32.28
775.423	32.37
775.737	32.34
776.05	32.33
776.364	32.33
776.678	32.36
776.991	32.3
777.305	32.2
777.618	31.99
777.931	31.9
778.245	31.94
778.558	32.06
778.871	31.93
779.185	31.97
779.498	31.96
779.811	32.09
780.124	32.03
780.437	32.02
780.75	32.03
781.063	32.17
781.375	32.24
781.688	32.23
782.001	32.07
782.314	31.92
782.626	31.96
782.939	31.96
783.251	31.67
783.564	31.59
783.876	31.69
784.188	31.62
784.501	31.59
784.813	31.64
785.125	31.7
785.437	31.73
785.749	31.83
786.061	31.69
786.373	31.79
786.685	32.11
786.997	32.1
787.309	32.17
787.621	32.29
787.932	32.31
788.244	32.32
788.556	32.32
788.867	32.29
789.179	32.44
789.49	32.47
789.801	32.3
790.113	32.04
790.424	32.17
790.735	32.08
791.046	32.1
791.358	32.1
791.669	31.96
791.98	31.86
792.291	31.96
792.601	32
792.912	32.04
793.223	32.1
793.534	32.31
793.845	32.22
794.155	32.18
794.466	32.24
794.776	32.23
795.087	32.3
795.397	32.34
795.707	32.43
796.018	32.27
796.328	32.28
796.638	32.32
796.948	32.28
797.258	32.39
797.569	32.57
797.879	32.6
798.188	32.64
798.498	32.72
798.808	32.75
799.118	32.63
799.428	32.77
799.737	32.78
800.047	32.88
800.356	32.78
800.666	32.68
800.975	32.48
801.285	32.24
801.594	32.3
801.903	32.34
802.213	32.42
802.522	32.36
802.831	32.38
803.14	32.34
803.449	32.16
803.758	32.36
804.067	32.49
804.376	32.69
804.684	32.89
804.993	32.61
805.302	32.3
805.611	32.25
805.919	32.26
806.228	32.32
806.536	32.24
806.845	32.34
807.153	32.3
807.461	32.24
807.769	32.12
808.078	32.16
808.386	32.33
808.694	32.44
809.002	32.3
809.31	32.44
809.618	32.28
809.926	32.45
810.233	32.43
810.541	32.21
810.849	32.3
811.157	32.36
811.464	32.18
811.772	32.03
812.079	32.07
812.387	31.95
812.694	32
813.001	32.08
813.309	32.09
813.616	32.29
813.923	32.61
814.23	32.68
814.537	32.75
814.844	32.81
815.151	32.76
815.458	32.77
815.765	33.07
816.072	32.84
816.378	32.71
816.685	32.7
816.992	32.58
817.298	32.44
817.605	32.25
817.911	32.09
818.218	31.93
818.524	32.12
818.83	31.98
819.136	31.87
819.443	31.6
819.749	31.55
820.055	31.43
820.361	31.11
820.667	30.9
820.973	30.73
821.279	30.59
821.584	30.66
821.89	30.7
822.196	30.81
822.501	30.82
822.807	30.99
823.113	31.05
823.418	31.14
823.723	31.27
824.029	31.44
824.334	31.63
824.639	31.88
824.944	32.11
825.25	32.35
825.555	32.56
825.86	32.75
826.165	32.77
826.47	32.79
826.774	32.79
827.079	32.8
827.384	32.73
827.689	32.65
827.993	32.63
828.298	32.62
828.602	32.6
828.907	32.56
829.211	32.65
829.516	32.85
829.82	32.97
830.124	33.21
830.429	33.4
830.733	33.62
831.037	33.91
831.341	33.83
831.645	33.78
831.949	33.6
832.253	33.34
832.556	33.02
832.86	32.58
833.164	32.49
833.467	32.2
833.771	32.09
834.075	31.97
834.378	31.91
834.682	31.92
834.985	31.86
835.288	31.97
835.591	32.11
835.895	32.26
836.198	32.54
836.501	32.66
836.804	32.83
837.107	32.96
837.41	33.22
837.713	33.28
838.016	33.63
838.318	33.83
838.621	33.97
838.924	34.16
839.226	34.05
839.529	34.06
839.831	34.21
840.134	34.26
840.436	34.08
840.738	33.8
841.041	33.86
841.343	33.83
841.645	33.83
841.947	33.83
842.249	33.87
842.551	34.32
842.853	34.39
843.155	34.12
843.457	34.06
843.758	34.16
844.06	34.17
844.362	33.87
844.663	33.28
844.965	33.18
845.266	32.91
845.568	32.71
845.869	32.49
846.17	32.06
846.472	31.88
846.773	31.96
847.074	31.83
847.375	31.84
847.676	32.27
847.977	32.77
848.278	33.1
848.579	33.21
848.88	33.72
849.181	33.82
849.481	34.26
849.782	35
850.082	35.23
850.383	35.44
850.683	35.57
850.984	35.22
851.284	34.81
851.585	34.6
851.885	34.6
852.185	34.09
852.485	34.09
852.785	34.04
853.085	34.3
853.385	34.38
853.685	34.29
853.985	34.68
854.285	35.13
854.584	35.53
854.884	35.92
855.184	35.67
855.483	35.57
855.783	35.16
856.082	34.96
856.382	34.5
856.681	34.4
856.98	34.05
857.28	33.62
857.579	33.26
857.878	33.01
858.177	33.19
858.476	33.68
858.775	33.54
859.074	33.41
859.373	33.32
859.671	33.07
859.97	32.89
860.269	33.58
860.567	33.47
860.866	33.05
861.165	33.2
861.463	32.78
861.761	32.53
862.06	33.07
862.358	33.85
862.656	33.83
862.954	34.03
863.252	33.95
863.551	33.56
863.849	33.63
864.146	34.18
864.444	34.27
864.742	34.13
865.04	34.11
865.338	33.5
865.635	33.11
865.933	33.2
866.23	32.97
866.528	32.84
866.825	32.88
867.123	32.93
867.42	32.68
867.717	32.47
868.014	32.47
868.312	32.75
868.609	33.11
868.906	33.39
869.203	33.83
869.5	34.37
869.796	34.55
870.093	34.1
870.39	34.11
870.687	34.41
870.983	34.54
871.28	34.41
871.576	34.13
871.873	33.95
872.169	33.86
872.466	33.56
872.762	33.54
873.058	33.84
873.354	34.04
873.65	33.89
873.947	33.25
874.243	33.3
874.538	33.69
874.834	33.66
875.13	33.64
875.426	33.62
875.722	34.05
876.017	33.68
876.313	34.18
876.608	34.55
876.904	34.73
877.199	35.02
877.495	35.26
877.79	34.49
878.085	34.59
878.381	35.04
878.676	35.55
878.971	35.06
879.266	34.81
879.561	34.27
879.856	33.8
880.151	33.76
880.445	33.28
880.74	32.99
881.035	33.21
881.329	33.21
881.624	33
881.919	32.48
882.213	32.4
