177.169	304.08
177.554	327.85
177.94	425.56
178.326	1483.33
178.711	-3100
179.097	-347.89
179.482	393.17
179.868	-352.91
180.253	-1632.61
180.639	-223.91
181.024	-1314.52
181.409	254.79
181.795	327.85
182.18	275.72
182.565	273.19
182.95	950
183.336	-855.92
183.721	466.73
184.106	185.84
184.491	214.83
184.876	123.82
185.261	75.08
185.646	50
186.031	43.27
186.416	29.18
186.801	26.55
187.186	27.77
187.57	29.92
187.955	18.43
188.34	11.2
188.725	12.43
189.11	17.74
189.494	23.41
189.879	28.99
190.263	35.03
190.648	38.81
191.033	39.48
191.417	36.26
191.802	26.23
192.186	26.36
192.57	26
192.955	21.68
193.339	10.11
193.723	4.93
194.108	4.9
194.492	-2.77
194.876	-3.97
195.26	-2.41
195.645	-3.24
196.029	-0.59
196.413	1.81
196.797	10.4
197.181	13.72
197.565	12.15
197.949	11.25
198.333	6.47
198.717	7.27
199.101	11.66
199.484	12.01
199.868	12.91
200.252	16.95
200.636	12.26
201.019	4.09
201.403	10.18
201.787	14.76
202.17	14.05
202.554	8.14
202.937	8.2
203.321	7.26
203.704	6.47
204.088	5.08
204.471	-0.13
204.855	3.13
205.238	6.66
205.621	-1
206.005	2.92
206.388	11.83
206.771	17.5
207.154	19.66
207.537	15.65
207.921	17.9
208.304	21.8
208.687	25.52
209.07	23.94
209.453	19.31
209.836	22.36
210.219	18.52
210.601	8.85
210.984	10.69
211.367	10.78
211.75	14.78
212.133	15.48
212.515	15.76
212.898	10.32
213.281	12.1
213.663	21.74
214.046	21.84
214.428	22.64
214.811	32.61
215.193	27.46
215.576	26.6
215.958	25.38
216.341	21.68
216.723	19.06
217.105	21.65
217.488	23.65
217.87	22.89
218.252	19.67
218.634	21.73
219.017	19.83
219.399	23.84
219.781	17.53
220.163	11.93
220.545	10.15
220.927	12.31
221.309	12.45
221.691	8.49
222.073	2.68
222.455	5.01
222.836	7.2
223.218	1.9
223.6	0.19
223.982	0.04
224.363	3.84
224.745	10.72
225.127	9.12
225.508	8.94
225.89	12
226.271	14.04
226.653	11.39
227.034	7.52
227.416	8.14
227.797	5.28
228.178	7.62
228.56	3.38
228.941	-2.07
229.322	-9.59
229.704	-12.83
230.085	-14.01
230.466	-15.54
230.847	-14.75
231.228	-12.63
231.609	-13.77
231.99	-10.23
232.371	-7.01
232.752	-5.16
233.133	-4.03
233.514	0.79
233.895	2.93
234.276	2.67
234.657	2.48
235.037	5.63
235.418	4.87
235.799	7.38
236.179	6.4
236.56	4.74
236.941	4.52
237.321	5
237.702	3.67
238.082	2.56
238.463	2.12
238.843	1.77
239.223	0.26
239.604	-0.66
239.984	-0.59
240.364	0.2
240.745	0.47
241.125	0.88
241.505	1.77
241.885	2.25
242.265	2.5
242.645	2.05
243.025	2.04
243.405	2.19
243.785	2.34
244.165	2.12
244.545	1.94
244.925	1.9
245.305	1.97
245.685	1.74
246.065	1.74
246.444	1.61
246.824	1.89
247.204	2.2
247.583	2.38
247.963	2.39
248.343	2.35
248.722	2.27
249.102	2.28
249.481	2.19
249.861	2.13
250.24	2.13
250.619	2.3
250.999	2.09
251.378	1.88
251.757	1.59
252.136	1.69
252.516	2.04
252.895	2.13
253.274	2.08
253.653	2.26
254.032	2.41
254.411	2.34
254.79	2.05
255.169	2.18
255.548	2.33
255.927	2.25
256.306	1.97
256.685	1.71
257.063	1.71
257.442	1.88
257.821	1.88
258.199	1.8
258.578	1.89
258.957	1.91
259.335	1.95
259.714	1.88
260.092	1.97
260.471	2.09
260.849	2.22
261.228	2.29
261.606	2.31
261.984	2.41
262.363	2.53
262.741	2.73
263.119	3.09
263.497	3.08
263.876	3.07
264.254	2.95
264.632	2.75
265.01	2.54
265.388	2.39
265.766	2.25
266.144	2.23
266.522	2.36
266.9	2.19
267.278	2.07
267.655	2.14
268.033	2.06
268.411	2.09
268.789	2.18
269.166	2.14
269.544	2.14
269.922	2.14
270.299	2.08
270.677	1.94
271.054	1.98
271.432	1.89
271.809	1.87
272.186	1.88
272.564	1.84
272.941	1.76
273.318	1.7
273.696	1.68
274.073	1.76
274.45	1.79
274.827	1.8
275.204	1.8
275.582	1.85
275.959	1.76
276.336	1.76
276.713	1.68
277.09	1.75
277.466	1.75
277.843	1.8
278.22	1.78
278.597	1.81
278.974	1.81
279.35	1.66
279.727	1.75
280.104	1.74
280.48	1.76
280.857	1.81
281.234	1.84
281.61	1.9
281.987	1.87
282.363	1.82
282.74	1.72
283.116	1.79
283.492	1.93
283.869	1.88
284.245	1.91
284.621	1.92
284.997	1.93
285.373	1.86
285.75	1.87
286.126	1.94
286.502	1.9
286.878	1.98
287.254	1.92
287.63	1.84
288.006	1.87
288.382	1.93
288.757	1.92
289.133	1.96
289.509	2.08
289.885	2.15
290.26	2.13
290.636	2.23
291.012	2.23
291.387	2.21
291.763	2.25
292.139	2.23
292.514	2.1
292.889	2.09
293.265	2.06
293.64	2.05
294.016	2.02
294.391	2.01
294.766	1.97
295.142	1.95
295.517	1.96
295.892	2.04
296.267	2.09
296.642	2.18
297.017	2.25
297.392	2.28
297.767	2.27
298.142	2.25
298.517	2.29
298.892	2.31
299.267	2.41
299.642	2.41
300.017	2.36
300.391	2.37
300.766	2.4
301.141	2.35
301.515	2.3
301.89	2.31
302.265	2.3
302.639	2.25
303.014	2.24
303.388	2.14
303.762	2.2
304.137	2.29
304.511	2.28
304.886	2.28
305.26	2.21
305.634	2.22
306.008	2.19
306.382	2.32
306.757	2.41
307.131	2.47
307.505	2.53
307.879	2.59
308.253	2.58
308.627	2.57
309.001	2.56
309.375	2.64
309.748	2.66
310.122	2.71
310.496	2.64
310.87	2.67
311.243	2.68
311.617	2.68
311.991	2.72
312.364	2.7
312.738	2.74
313.111	2.79
313.485	2.79
313.858	2.87
314.232	2.89
314.605	2.91
314.979	2.92
315.352	2.93
315.725	3.01
316.098	2.98
316.472	2.95
316.845	2.96
317.218	2.98
317.591	3.02
317.964	3.05
318.337	3.11
318.71	3.23
319.083	3.25
319.456	3.27
319.829	3.25
320.202	3.24
320.574	3.28
320.947	3.32
321.32	3.29
321.693	3.28
322.065	3.16
322.438	3.18
322.81	3.13
323.183	3.13
323.555	3.12
323.928	3.11
324.3	3.17
324.673	3.2
325.045	3.16
325.417	3.16
325.79	3.19
326.162	3.16
326.534	3.13
326.906	3.16
327.278	3.13
327.651	3.2
328.023	3.18
328.395	3.22
328.767	3.27
329.139	3.25
329.511	3.26
329.882	3.25
330.254	3.37
330.626	3.32
330.998	3.24
331.37	3.29
331.741	3.29
332.113	3.25
332.485	3.15
332.856	3.11
333.228	3.13
333.599	3.1
333.971	3.09
334.342	3.07
334.714	3.13
335.085	3.16
335.456	3.13
335.828	3.1
336.199	3.1
336.57	3.13
336.941	3.13
337.312	3.17
337.683	3.19
338.054	3.19
338.426	3.19
338.797	3.13
339.167	3.09
339.538	3.05
339.909	3.07
340.28	3.09
340.651	3.08
341.022	3.07
341.392	3.01
341.763	3.07
342.134	3.12
342.504	3.2
342.875	3.25
343.246	3.26
343.616	3.29
343.987	3.23
344.357	3.26
344.727	3.31
345.098	3.34
345.468	3.31
345.838	3.29
346.209	3.26
346.579	3.22
346.949	3.25
347.319	3.24
347.689	3.28
348.059	3.29
348.429	3.29
348.799	3.22
349.169	3.25
349.539	3.32
349.909	3.25
350.279	3.23
350.649	3.18
351.018	3.11
351.388	3.16
351.758	3.18
352.128	3.24
352.497	3.2
352.867	3.17
353.236	3.14
353.606	3.13
353.975	3.18
354.345	3.21
354.714	3.25
355.083	3.28
355.453	3.28
355.822	3.22
356.191	3.23
356.56	3.26
356.93	3.33
357.299	3.35
357.668	3.31
358.037	3.3
358.406	3.28
358.775	3.28
359.144	3.23
359.513	3.21
359.882	3.21
360.25	3.18
360.619	3.17
360.988	3.16
361.357	3.15
361.725	3.19
362.094	3.25
362.463	3.28
362.831	3.27
363.2	3.3
363.568	3.37
363.937	3.39
364.305	3.44
364.673	3.46
365.042	3.47
365.41	3.46
365.778	3.44
366.146	3.42
366.515	3.36
366.883	3.4
367.251	3.43
367.619	3.35
367.987	3.35
368.355	3.33
368.723	3.3
369.091	3.3
369.459	3.34
369.826	3.33
370.194	3.29
370.562	3.35
370.93	3.3
371.297	3.27
371.665	3.31
372.033	3.31
372.4	3.29
372.768	3.29
373.135	3.32
373.503	3.31
373.87	3.3
374.237	3.36
374.605	3.35
374.972	3.35
375.339	3.34
375.707	3.33
376.074	3.32
376.441	3.35
376.808	3.37
377.175	3.34
377.542	3.34
377.909	3.36
378.276	3.31
378.643	3.31
379.01	3.3
379.377	3.3
379.744	3.31
380.11	3.33
380.477	3.32
380.844	3.31
381.21	3.28
381.577	3.3
381.944	3.28
382.31	3.26
382.677	3.26
383.043	3.26
383.409	3.27
383.776	3.27
384.142	3.24
384.508	3.21
384.875	3.2
385.241	3.21
385.607	3.19
385.973	3.2
386.339	3.23
386.705	3.24
387.071	3.27
387.437	3.27
387.803	3.28
388.169	3.29
388.535	3.3
388.901	3.29
389.267	3.26
389.633	3.25
389.998	3.25
390.364	3.25
390.73	3.23
391.095	3.22
391.461	3.23
391.826	3.21
392.192	3.22
392.557	3.23
392.923	3.24
393.288	3.28
393.653	3.28
394.019	3.29
394.384	3.27
394.749	3.27
395.114	3.28
395.479	3.26
395.844	3.28
396.21	3.28
396.575	3.28
396.94	3.3
397.304	3.29
397.669	3.29
398.034	3.27
398.399	3.3
398.764	3.31
399.129	3.3
399.493	3.33
399.858	3.34
400.223	3.33
400.587	3.32
400.952	3.33
401.316	3.34
401.681	3.35
402.045	3.36
402.409	3.35
402.774	3.35
403.138	3.34
403.502	3.33
403.867	3.32
404.231	3.33
404.595	3.32
404.959	3.29
405.323	3.29
405.687	3.3
406.051	3.28
406.415	3.28
406.779	3.28
407.143	3.29
407.507	3.28
407.871	3.3
408.234	3.31
408.598	3.33
408.962	3.36
409.325	3.36
409.689	3.36
410.053	3.38
410.416	3.39
410.78	3.39
411.143	3.39
411.506	3.39
411.87	3.38
412.233	3.38
412.596	3.36
412.96	3.36
413.323	3.36
413.686	3.36
414.049	3.35
414.412	3.34
414.775	3.35
415.138	3.36
415.501	3.37
415.864	3.35
416.227	3.35
416.59	3.35
416.953	3.35
417.315	3.34
417.678	3.34
418.041	3.33
418.404	3.33
418.766	3.32
419.129	3.31
419.491	3.29
419.854	3.29
420.216	3.29
420.579	3.29
420.941	3.3
421.303	3.3
421.666	3.3
422.028	3.3
422.39	3.3
422.752	3.3
423.114	3.31
423.476	3.31
423.839	3.32
424.201	3.32
424.563	3.32
424.924	3.31
425.286	3.31
425.648	3.31
426.01	3.32
426.372	3.33
426.733	3.34
427.095	3.35
427.457	3.37
427.818	3.38
428.18	3.38
428.542	3.41
428.903	3.41
429.264	3.43
429.626	3.44
429.987	3.44
430.349	3.43
430.71	3.42
431.071	3.41
431.432	3.39
431.794	3.39
432.155	3.39
432.516	3.37
432.877	3.37
433.238	3.35
433.599	3.34
433.96	3.34
434.321	3.34
434.681	3.34
435.042	3.35
435.403	3.35
435.764	3.35
436.124	3.34
436.485	3.35
436.846	3.35
437.206	3.35
437.567	3.35
437.927	3.36
438.288	3.36
438.648	3.35
439.008	3.33
439.369	3.32
439.729	3.31
440.089	3.31
440.449	3.32
440.81	3.32
441.17	3.32
441.53	3.33
441.89	3.33
442.25	3.33
442.61	3.34
442.97	3.35
443.33	3.35
443.689	3.34
444.049	3.35
444.409	3.34
444.769	3.33
445.128	3.32
445.488	3.3
445.848	3.3
446.207	3.29
446.567	3.28
446.926	3.29
447.285	3.3
447.645	3.3
448.004	3.31
448.363	3.32
448.723	3.34
449.082	3.35
449.441	3.35
449.8	3.36
450.159	3.39
450.518	3.38
450.877	3.37
451.236	3.37
451.595	3.39
451.954	3.39
452.313	3.39
452.672	3.38
453.031	3.37
453.389	3.37
453.748	3.38
454.107	3.35
454.465	3.37
454.824	3.38
455.182	3.37
455.541	3.37
455.899	3.39
456.258	3.38
456.616	3.38
456.974	3.38
457.333	3.38
457.691	3.38
458.049	3.37
458.407	3.36
458.765	3.35
459.123	3.34
459.481	3.34
459.839	3.33
460.197	3.34
460.555	3.33
460.913	3.33
461.271	3.34
461.629	3.34
461.987	3.36
462.344	3.37
462.702	3.39
463.06	3.41
463.417	3.41
463.775	3.41
464.132	3.4
464.49	3.42
464.847	3.43
465.204	3.42
465.562	3.43
465.919	3.43
466.276	3.42
466.633	3.42
466.991	3.42
467.348	3.42
467.705	3.42
468.062	3.42
468.419	3.42
468.776	3.41
469.133	3.41
469.49	3.41
469.846	3.41
470.203	3.41
470.56	3.4
470.917	3.39
471.273	3.39
471.63	3.4
471.986	3.4
472.343	3.42
472.699	3.41
473.056	3.42
473.412	3.44
473.769	3.43
474.125	3.43
474.481	3.43
474.838	3.43
475.194	3.43
475.55	3.43
475.906	3.42
476.262	3.4
476.618	3.4
476.974	3.39
477.33	3.37
477.686	3.38
478.042	3.38
478.398	3.39
478.753	3.38
479.109	3.39
479.465	3.39
479.821	3.39
480.176	3.4
480.532	3.4
480.887	3.41
481.243	3.41
481.598	3.41
481.954	3.46
482.309	3.49
482.664	3.49
483.02	3.44
483.375	3.41
483.73	3.41
484.085	3.41
484.44	3.4
484.795	3.4
485.15	3.4
485.505	3.39
485.86	3.35
486.215	3.31
486.57	3.31
486.925	3.34
487.28	3.36
487.634	3.36
487.989	3.36
488.344	3.36
488.698	3.37
489.053	3.37
489.407	3.37
489.762	3.37
490.116	3.37
490.471	3.37
490.825	3.37
491.179	3.37
491.534	3.37
491.888	3.37
492.242	3.37
492.596	3.37
492.95	3.37
493.304	3.37
493.658	3.38
494.012	3.39
494.366	3.4
494.72	3.41
495.074	3.44
495.428	3.45
495.782	3.45
496.135	3.45
496.489	3.46
496.843	3.44
497.196	3.44
497.55	3.43
497.903	3.43
498.257	3.43
498.61	3.43
498.963	3.4
499.317	3.4
499.67	3.41
500.023	3.41
500.376	3.4
500.73	3.42
501.083	3.41
501.436	3.42
501.789	3.41
502.142	3.41
502.495	3.4
502.848	3.39
503.201	3.39
503.553	3.38
503.906	3.38
504.259	3.4
504.612	3.39
504.964	3.41
505.317	3.4
505.669	3.41
506.022	3.42
506.374	3.44
506.727	3.44
507.079	3.44
507.432	3.44
507.784	3.45
508.136	3.45
508.488	3.44
508.841	3.44
509.193	3.44
509.545	3.44
509.897	3.43
510.249	3.43
510.601	3.43
510.953	3.44
511.305	3.45
511.656	3.45
512.008	3.45
512.36	3.45
512.712	3.44
513.063	3.45
513.415	3.45
513.766	3.46
514.118	3.45
514.469	3.46
514.821	3.46
515.172	3.44
515.524	3.45
515.875	3.44
516.226	3.45
516.577	3.45
516.929	3.44
517.28	3.43
517.631	3.43
517.982	3.43
518.333	3.42
518.684	3.43
519.035	3.44
519.386	3.44
519.737	3.45
520.087	3.45
520.438	3.46
520.789	3.47
521.139	3.48
521.49	3.47
521.841	3.48
522.191	3.48
522.542	3.46
522.892	3.45
523.243	3.45
523.593	3.44
523.943	3.43
524.293	3.42
524.644	3.41
524.994	3.41
525.344	3.42
525.694	3.42
526.044	3.42
526.394	3.43
526.744	3.43
527.094	3.44
527.444	3.44
527.794	3.44
528.144	3.44
528.493	3.44
528.843	3.44
529.193	3.43
529.542	3.43
529.892	3.43
530.241	3.43
530.591	3.42
530.94	3.42
531.29	3.41
531.639	3.4
531.988	3.4
532.338	3.4
532.687	3.41
533.036	3.42
533.385	3.42
533.734	3.42
534.083	3.42
534.432	3.42
534.781	3.41
535.13	3.41
535.479	3.42
535.828	3.43
536.177	3.43
536.525	3.42
536.874	3.42
537.223	3.43
537.571	3.43
537.92	3.43
538.268	3.44
538.617	3.43
538.965	3.45
539.314	3.45
539.662	3.45
540.01	3.45
540.359	3.45
540.707	3.45
541.055	3.44
541.403	3.44
541.751	3.44
542.099	3.43
542.447	3.44
542.795	3.44
543.143	3.44
543.491	3.43
543.839	3.44
544.187	3.44
544.534	3.45
544.882	3.46
545.23	3.47
545.577	3.49
545.925	3.5
546.272	3.5
546.62	3.5
546.967	3.51
547.314	3.52
547.662	3.52
548.009	3.53
548.356	3.53
548.704	3.53
549.051	3.53
549.398	3.53
549.745	3.53
550.092	3.55
550.439	3.55
550.786	3.55
551.133	3.56
551.479	3.56
551.826	3.57
552.173	3.56
552.52	3.57
552.866	3.57
553.213	3.57
553.56	3.57
553.906	3.58
554.253	3.58
554.599	3.58
554.945	3.58
555.292	3.58
555.638	3.59
555.984	3.59
556.331	3.58
556.677	3.59
557.023	3.61
557.369	3.63
557.715	3.62
558.061	3.62
558.407	3.63
558.753	3.65
559.099	3.65
559.444	3.64
559.79	3.65
560.136	3.65
560.482	3.65
560.827	3.62
561.173	3.62
561.518	3.61
561.864	3.61
562.209	3.6
562.555	3.59
562.9	3.58
563.245	3.6
563.591	3.59
563.936	3.6
564.281	3.6
564.626	3.61
564.971	3.6
565.316	3.59
565.661	3.59
566.006	3.59
566.351	3.57
566.696	3.59
567.041	3.57
567.386	3.57
567.73	3.56
568.075	3.55
568.42	3.55
568.764	3.55
569.109	3.57
569.453	3.56
569.798	3.56
570.142	3.57
570.487	3.56
570.831	3.55
571.175	3.55
571.519	3.56
571.864	3.56
572.208	3.55
572.552	3.54
572.896	3.51
573.24	3.52
573.584	3.53
573.928	3.53
574.272	3.53
574.616	3.54
574.959	3.54
575.303	3.55
575.647	3.54
575.99	3.55
576.334	3.56
576.678	3.59
577.021	3.6
577.364	3.6
577.708	3.61
578.051	3.62
578.395	3.62
578.738	3.64
579.081	3.63
579.424	3.65
579.767	3.65
580.111	3.63
580.454	3.62
580.797	3.62
581.14	3.61
581.482	3.6
581.825	3.59
582.168	3.58
582.511	3.58
582.854	3.59
583.196	3.6
583.539	3.62
583.882	3.62
584.224	3.63
584.567	3.63
584.909	3.62
585.252	3.64
585.594	3.64
585.936	3.65
586.279	3.65
586.621	3.66
586.963	3.65
587.305	3.62
587.647	3.63
587.989	3.61
588.331	3.62
588.673	3.62
589.015	3.6
589.357	3.6
589.699	3.61
590.041	3.61
590.382	3.6
590.724	3.6
591.066	3.61
591.407	3.61
591.749	3.62
592.09	3.61
592.432	3.62
592.773	3.63
593.114	3.63
593.456	3.63
593.797	3.62
594.138	3.64
594.479	3.66
594.821	3.65
595.162	3.65
595.503	3.63
595.844	3.64
596.185	3.64
596.525	3.63
596.866	3.61
597.207	3.63
597.548	3.63
597.889	3.61
598.229	3.59
598.57	3.6
598.91	3.61
599.251	3.62
599.592	3.62
599.932	3.62
600.272	3.61
600.613	3.62
600.953	3.6
601.293	3.59
601.633	3.58
601.974	3.6
602.314	3.61
602.654	3.59
602.994	3.58
603.334	3.57
603.674	3.58
604.014	3.6
604.353	3.61
604.693	3.62
605.033	3.63
605.373	3.64
605.712	3.63
606.052	3.63
606.391	3.64
606.731	3.65
607.07	3.66
607.41	3.65
607.749	3.65
608.088	3.64
608.428	3.63
608.767	3.62
609.106	3.63
609.445	3.64
609.784	3.65
610.123	3.63
610.462	3.63
610.801	3.63
611.14	3.63
611.479	3.63
611.818	3.61
612.157	3.61
612.495	3.59
612.834	3.58
613.173	3.59
613.511	3.57
613.85	3.58
614.188	3.61
614.527	3.61
614.865	3.62
615.203	3.63
615.542	3.65
615.88	3.66
616.218	3.7
616.556	3.68
616.894	3.67
617.233	3.67
617.571	3.69
617.908	3.68
618.246	3.67
618.584	3.67
618.922	3.66
619.26	3.67
619.598	3.63
619.935	3.64
620.273	3.66
620.611	3.67
620.948	3.68
621.286	3.67
621.623	3.68
621.96	3.7
622.298	3.69
622.635	3.7
622.972	3.73
623.31	3.78
623.647	3.77
623.984	3.77
624.321	3.77
624.658	3.76
624.995	3.77
625.332	3.77
625.669	3.76
626.006	3.76
626.342	3.74
626.679	3.72
627.016	3.69
627.352	3.67
627.689	3.65
628.026	3.63
628.362	3.64
628.699	3.62
629.035	3.61
629.371	3.62
629.708	3.63
630.044	3.65
630.38	3.66
630.716	3.66
631.052	3.7
631.388	3.72
631.725	3.74
632.06	3.73
632.396	3.75
632.732	3.74
633.068	3.72
633.404	3.7
633.74	3.69
634.075	3.68
634.411	3.7
634.747	3.67
635.082	3.68
635.418	3.7
635.753	3.72
636.089	3.69
636.424	3.73
636.759	3.75
637.095	3.79
637.43	3.8
637.765	3.81
638.1	3.82
638.435	3.82
638.77	3.84
639.105	3.84
639.44	3.84
639.775	3.84
640.11	3.8
640.445	3.78
640.779	3.77
641.114	3.78
641.449	3.76
641.783	3.77
642.118	3.81
642.452	3.8
642.787	3.82
643.121	3.79
643.456	3.78
643.79	3.79
644.124	3.81
644.458	3.78
644.793	3.78
645.127	3.8
645.461	3.76
645.795	3.72
646.129	3.72
646.463	3.7
646.797	3.73
647.13	3.74
647.464	3.75
647.798	3.74
648.132	3.77
648.465	3.75
648.799	3.72
649.132	3.76
649.466	3.8
649.799	3.77
650.133	3.75
650.466	3.74
650.799	3.76
651.133	3.75
651.466	3.78
651.799	3.78
652.132	3.78
652.465	3.82
652.798	3.81
653.131	3.8
653.464	3.81
653.797	3.8
654.13	3.81
654.463	3.8
654.795	3.81
655.128	3.82
655.461	3.82
655.793	3.83
656.126	3.8
656.458	3.82
656.791	3.82
657.123	3.8
657.455	3.83
657.788	3.83
658.12	3.82
658.452	3.81
658.784	3.78
659.116	3.81
659.448	3.84
659.78	3.84
660.112	3.83
660.444	3.84
660.776	3.86
661.108	3.89
661.44	3.91
661.771	3.9
662.103	3.92
662.435	3.94
662.766	3.9
663.098	3.85
663.429	3.85
663.761	3.85
664.092	3.84
664.423	3.81
664.755	3.78
665.086	3.77
665.417	3.84
665.748	3.82
666.079	3.83
666.41	3.85
666.741	3.85
667.072	3.88
667.403	3.88
667.734	3.87
668.065	3.88
668.395	3.91
668.726	3.92
669.057	3.86
669.387	3.87
669.718	3.85
670.048	3.84
670.379	3.88
670.709	3.86
671.039	3.85
671.37	3.82
671.7	3.83
672.03	3.8
672.36	3.79
672.69	3.79
673.02	3.79
673.35	3.77
673.68	3.77
674.01	3.75
674.34	3.77
674.67	3.75
675	3.76
675.329	3.77
675.659	3.79
675.989	3.74
676.318	3.76
676.648	3.75
676.977	3.77
677.307	3.72
677.636	3.7
677.965	3.71
678.295	3.75
678.624	3.8
678.953	3.79
679.282	3.77
679.611	3.77
679.94	3.78
680.269	3.81
680.598	3.82
680.927	3.87
681.256	3.9
681.584	3.91
681.913	3.9
682.242	3.87
682.57	3.89
682.899	3.88
683.228	3.94
683.556	3.95
683.884	3.92
684.213	3.93
684.541	3.89
684.869	3.87
685.198	3.88
685.526	3.86
685.854	3.88
686.182	3.91
686.51	3.95
686.838	3.97
687.166	3.97
687.494	4
687.822	4
688.149	4.01
688.477	4.04
688.805	4.04
689.133	4.03
689.46	4.05
689.788	4.01
690.115	4.02
690.443	3.98
690.77	4.01
691.097	4
691.425	4.05
691.752	4.09
692.079	4.08
692.406	4.14
692.733	4.16
693.06	4.2
693.387	4.23
693.714	4.2
694.041	4.2
694.368	4.2
694.695	4.2
695.021	4.12
695.348	4.1
695.675	4.08
696.001	4.03
696.328	4.04
696.654	4.03
696.981	4
697.307	4.01
697.634	4.01
697.96	3.99
698.286	3.96
698.612	4
698.938	4.01
699.264	4.01
699.591	4
699.917	4.01
700.242	3.98
700.568	4
700.894	4.03
701.22	4.08
701.546	4.12
701.871	4.15
702.197	4.12
702.523	4.09
702.848	4.05
703.174	4.07
703.499	4.03
703.824	4.01
704.15	3.96
704.475	3.91
704.8	3.87
705.125	3.89
705.451	3.83
705.776	3.89
706.101	3.89
706.426	3.93
706.751	3.97
707.076	4.03
707.4	4.1
707.725	4.1
708.05	4.15
708.375	4.13
708.699	4.09
709.024	4.16
709.348	4.12
709.673	4.15
709.997	4.21
710.322	4.17
710.646	4.12
710.97	4.11
711.294	4.16
711.619	4.09
711.943	4.1
712.267	4.09
712.591	4.07
712.915	4.12
713.239	4.13
713.563	4.11
713.886	4.13
714.21	4.13
714.534	4.08
714.858	4.03
715.181	4.06
715.505	4.06
715.828	4.05
716.152	4.08
716.475	4.04
716.799	4
717.122	3.95
717.445	3.96
717.768	3.95
718.092	4
718.415	4.05
718.738	4.05
719.061	4.06
719.384	4.07
719.707	4.07
720.03	4.09
720.352	4.12
720.675	4.12
720.998	4.12
721.32	4.14
721.643	4.15
721.966	4.12
722.288	4.16
722.611	4.12
722.933	4.11
723.255	4.06
723.578	4.11
723.9	4.12
724.222	4.1
724.544	4.07
724.866	4.07
725.188	4.06
725.51	4.07
725.832	4.06
726.154	4.08
726.476	4.11
726.798	4.17
727.12	4.11
727.441	4.07
727.763	4.11
728.085	4.15
728.406	4.16
728.728	4.2
729.049	4.24
729.37	4.26
729.692	4.18
730.013	4.15
730.334	4.16
730.655	4.22
730.977	4.25
731.298	4.27
731.619	4.24
731.94	4.21
732.261	4.14
732.581	4.1
732.902	4.1
733.223	4.26
733.544	4.28
733.864	4.24
734.185	4.21
734.506	4.3
734.826	4.31
735.146	4.29
735.467	4.31
735.787	4.33
736.108	4.35
736.428	4.37
736.748	4.34
737.068	4.4
737.388	4.41
737.708	4.48
738.028	4.46
738.348	4.43
738.668	4.41
738.988	4.46
739.308	4.42
739.628	4.49
739.947	4.43
740.267	4.28
740.586	4.26
740.906	4.24
741.225	4.24
741.545	4.25
741.864	4.32
742.184	4.43
742.503	4.4
742.822	4.57
743.141	4.52
743.46	4.57
743.779	4.74
744.098	4.66
744.417	4.73
744.736	4.55
745.055	4.46
745.374	4.33
745.693	4.31
746.011	4.31
746.33	4.21
746.649	4.17
746.967	4.17
747.286	4.08
747.604	4.1
747.923	4.06
748.241	4.15
748.559	4.25
748.877	4.34
749.196	4.41
749.514	4.4
749.832	4.32
750.15	4.28
750.468	4.23
750.786	4.11
751.104	4.17
751.422	4.24
751.739	4.31
752.057	4.15
752.375	4.21
752.692	4.09
753.01	4.09
753.327	4.28
753.645	4.39
753.962	4.37
754.28	4.45
754.597	4.52
754.914	4.37
755.231	4.31
755.548	4.33
755.866	4.21
756.183	4.25
756.5	4.29
756.816	4.21
757.133	4.08
757.45	4.08
757.767	4.06
758.084	3.92
758.4	3.9
758.717	3.97
759.034	4.1
759.35	4.21
759.667	4.3
759.983	4.36
760.299	4.36
760.616	4.46
760.932	4.5
761.248	4.52
761.564	4.66
761.88	4.73
762.196	4.73
762.512	4.67
762.828	4.64
763.144	4.54
763.46	4.49
763.776	4.43
764.092	4.42
764.407	4.47
764.723	4.49
765.038	4.5
765.354	4.54
765.669	4.5
765.985	4.51
766.3	4.51
766.616	4.52
766.931	4.46
767.246	4.43
767.561	4.36
767.876	4.24
768.191	4.36
768.506	4.3
768.821	4.26
769.136	4.32
769.451	4.31
769.766	4.38
770.08	4.43
770.395	4.52
770.71	4.59
771.024	4.76
771.339	4.85
771.653	4.76
771.968	4.77
772.282	4.75
772.596	4.69
772.911	4.73
773.225	4.68
773.539	4.6
773.853	4.68
774.167	4.62
774.481	4.54
774.795	4.53
775.109	4.6
775.423	4.56
775.737	4.43
776.05	4.43
776.364	4.37
776.678	4.45
776.991	4.55
777.305	4.51
777.618	4.76
777.931	4.96
778.245	5
778.558	4.75
778.871	4.97
779.185	5.04
779.498	5.19
779.811	5.27
780.124	5.13
780.437	5.04
780.75	5.08
781.063	4.87
781.375	4.65
781.688	4.66
782.001	4.73
782.314	4.39
782.626	4.41
782.939	4.16
783.251	4.31
783.564	4.41
783.876	4.58
784.188	4.62
784.501	4.82
784.813	4.8
785.125	4.85
785.437	5.08
785.749	5.34
786.061	5.46
786.373	5.59
786.685	5.55
786.997	5.49
787.309	5.38
787.621	5.38
787.932	5.44
788.244	5.65
788.556	5.73
788.867	5.61
789.179	5.42
789.49	5.46
789.801	5.5
790.113	5.51
790.424	5.55
790.735	5.53
791.046	5.39
791.358	5.31
791.669	5.2
791.98	5.17
792.291	5.23
792.601	5.39
792.912	5.39
793.223	5.43
793.534	5.44
793.845	5.53
794.155	5.62
794.466	5.79
794.776	5.74
795.087	5.79
795.397	5.67
795.707	5.45
796.018	5.3
796.328	5.16
796.638	5.05
796.948	4.78
797.258	4.72
797.569	4.76
797.879	4.66
798.188	4.6
798.498	4.65
798.808	4.79
799.118	4.94
799.428	4.98
799.737	5.04
800.047	4.87
800.356	4.89
800.666	4.81
800.975	4.79
801.285	4.81
801.594	4.86
801.903	4.81
802.213	4.69
802.522	4.63
802.831	4.56
803.14	4.42
803.449	4.57
803.758	4.64
804.067	4.63
804.376	4.67
804.684	4.49
804.993	4.52
805.302	4.46
805.611	4.46
805.919	4.52
806.228	4.55
806.536	4.62
806.845	4.76
807.153	4.62
807.461	4.7
807.769	4.65
808.078	4.84
808.386	4.89
808.694	4.74
809.002	4.73
809.31	4.68
809.618	4.76
809.926	4.87
810.233	4.73
810.541	4.89
810.849	4.75
811.157	4.59
811.464	4.49
811.772	4.36
812.079	4.49
812.387	4.35
812.694	4.35
813.001	4.25
813.309	4.36
813.616	4.22
813.923	4.26
814.23	4.36
814.537	4.33
814.844	4.65
815.151	4.76
815.458	4.59
815.765	4.67
816.072	4.66
816.378	4.49
816.685	4.38
816.992	4.85
817.298	4.96
817.605	4.97
817.911	5.1
818.218	4.81
818.524	4.86
818.83	5.08
819.136	5.15
819.443	5.23
819.749	5.49
820.055	5.58
820.361	5.4
820.667	5.47
820.973	5.58
821.279	5.49
821.584	5.42
821.89	5.32
822.196	5.26
822.501	5.24
822.807	5.25
823.113	5.2
823.418	5.15
823.723	5.2
824.029	5.18
824.334	5.12
824.639	5.15
824.944	5.17
825.25	5.18
825.555	5.18
825.86	5.23
826.165	5.22
826.47	5.25
826.774	5.27
827.079	5.22
827.384	5.22
827.689	5.14
827.993	5.06
828.298	5.11
828.602	5.14
828.907	5.17
829.211	5.24
829.516	5.24
829.82	5.3
830.124	5.33
830.429	5.23
830.733	5.14
831.037	5.37
831.341	5.43
831.645	5.39
831.949	5.39
832.253	5.54
832.556	5.36
832.86	5.44
833.164	5.36
833.467	5.3
833.771	5.36
834.075	5.42
834.378	5.4
834.682	5.4
834.985	5.44
835.288	5.41
835.591	5.26
835.895	5.24
836.198	5.12
836.501	5.21
836.804	5.37
837.107	5.53
837.41	5.5
837.713	5.6
838.016	5.79
838.318	5.71
838.621	5.98
838.924	6.37
839.226	6.37
839.529	6.62
839.831	6.88
840.134	6.54
840.436	6.41
840.738	6.51
841.041	6.57
841.343	6.2
841.645	6.09
841.947	6.01
842.249	5.91
842.551	6.22
842.853	6.03
843.155	5.62
843.457	5.77
843.758	5.55
844.06	5
844.362	4.71
844.663	4.7
844.965	5.04
845.266	4.77
845.568	4.38
845.869	3.9
846.17	4.58
846.472	4.6
846.773	4.58
847.074	4.66
847.375	5.07
847.676	5.03
847.977	5.09
848.278	4.7
848.579	5.07
848.88	4.77
849.181	4.51
849.481	4.49
849.782	5.21
850.082	5.76
850.383	6.11
850.683	6.45
850.984	6.3
851.284	6.89
851.585	7.11
851.885	7.72
852.185	7.95
852.485	8.15
852.785	7.64
853.085	6.98
853.385	6.6
853.685	6.21
853.985	6.04
854.285	6.27
854.584	5.7
854.884	5.17
855.184	4.25
855.483	4.27
855.783	4.74
856.082	4.51
856.382	4.56
856.681	4.25
856.98	4.64
857.28	5.1
857.579	5.24
857.878	6.05
858.177	7.21
858.476	7.34
858.775	7.31
859.074	6.97
859.373	7.05
859.671	7.11
859.97	8.06
860.269	7.16
860.567	6.49
860.866	5.97
861.165	5.43
861.463	5.43
861.761	4.97
862.06	6.02
862.358	6.32
862.656	5.49
862.954	5
863.252	4.4
863.551	4.87
863.849	5.56
864.146	6.1
864.444	6.1
864.742	5.43
865.04	5.02
865.338	4.53
865.635	4.31
865.933	5.35
866.23	6.38
866.528	6.62
866.825	6.91
867.123	6.59
867.42	6.63
867.717	7.25
868.014	7.08
868.312	7.88
868.609	7.73
868.906	7.89
869.203	7.98
869.5	6.56
869.796	6.87
870.093	7.12
870.39	7.89
870.687	8.43
870.983	8.15
871.28	8.26
871.576	8.43
871.873	9.16
872.169	9.33
872.466	9.11
872.762	10.04
873.058	9.76
873.354	9.7
873.65	9.58
873.947	9.13
874.243	9.09
874.538	9.73
874.834	9.59
875.13	8.53
875.426	8.14
875.722	8.24
876.017	8.44
876.313	8.34
876.608	8.12
876.904	7.86
877.199	6.95
877.495	6.87
877.79	6
878.085	5.86
878.381	5.99
878.676	6.13
878.971	6.32
879.266	6.45
879.561	6.71
879.856	6.5
880.151	6.52
880.445	6.92
880.74	6.82
881.035	7.05
881.329	7.14
881.624	7.21
881.919	7.33
882.213	7.14
