177.169	4100
177.554	208.45
177.94	73.96
178.326	39.02
178.711	87.74
179.097	160.93
179.482	21.85
179.868	52.87
180.253	75.03
180.639	90.15
181.024	108.74
181.409	443.36
181.795	208.45
182.18	98.54
182.565	1691.89
182.95	-260.68
183.336	242.28
183.721	106.72
184.106	126.5
184.491	168.49
184.876	62.88
185.261	44.36
185.646	23.07
186.031	4.23
186.416	-0.09
186.801	-4.49
187.186	-11.14
187.57	-29.83
187.955	-41.1
188.34	-36.17
188.725	-40.59
189.11	-37.11
189.494	-44.19
189.879	-15.06
190.263	-3.21
190.648	-2.2
191.033	4.65
191.417	5.68
191.802	12.9
192.186	17.78
192.57	14.35
192.955	26.74
193.339	28.75
193.723	40.78
194.108	35.45
194.492	32.12
194.876	29.19
195.26	17.36
195.645	19.25
196.029	13.74
196.413	6.87
196.797	13.01
197.181	8.55
197.565	7.46
197.949	2.63
198.333	1
198.717	-2.71
199.101	1.37
199.484	10.25
199.868	15.21
200.252	16.33
200.636	20.21
201.019	16.04
201.403	23.55
201.787	26.21
202.17	21.5
202.554	18.95
202.937	21.81
203.321	14.64
203.704	16.01
204.088	12.81
204.471	11.6
204.855	10.64
205.238	5.95
205.621	-2.49
206.005	-1.64
206.388	4.88
206.771	6.9
207.154	11.74
207.537	12.64
207.921	12.5
208.304	12.99
208.687	13.03
209.07	17.72
209.453	25.26
209.836	21.28
210.219	14.72
210.601	14.38
210.984	10.81
211.367	12.23
211.75	17.87
212.133	14.34
212.515	13.07
212.898	9.5
213.281	8.39
213.663	6.93
214.046	10.63
214.428	12.76
214.811	11.65
215.193	17.62
215.576	14.32
215.958	7.32
216.341	4.76
216.723	8.89
217.105	12.33
217.488	10.94
217.87	9.49
218.252	8.57
218.634	1.61
219.017	0.8
219.399	-3.46
219.781	-5.51
220.163	0.32
220.545	4.01
220.927	2.92
221.309	5.19
221.691	-2.4
222.073	0.47
222.455	2.59
222.836	8.03
223.218	7.17
223.6	9.26
223.982	7.87
224.363	6.07
224.745	3.33
225.127	0.92
225.508	0.9
225.89	7.88
226.271	9.37
226.653	10.57
227.034	14.27
227.416	15.01
227.797	11.77
228.178	10.75
228.56	7.43
228.941	11.15
229.322	12.86
229.704	12.07
230.085	9.46
230.466	8.27
230.847	3.28
231.228	0.32
231.609	-0.49
231.99	0.42
232.371	0.39
232.752	1.57
233.133	-0.7
233.514	-5.88
233.895	-9.47
234.276	-4.39
234.657	-5.54
235.037	0.75
235.418	1.28
235.799	1.75
236.179	3.21
236.56	5.68
236.941	8.36
237.321	7.46
237.702	7.91
238.082	8.18
238.463	6.21
238.843	5.31
239.223	3.33
239.604	2.98
239.984	2.76
240.364	2.46
240.745	1.89
241.125	1.09
241.505	1.51
241.885	2.22
242.265	2.72
242.645	2.65
243.025	3.51
243.405	3.58
243.785	3.95
244.165	3.68
244.545	3.33
244.925	3.22
245.305	3.2
245.685	3.02
246.065	2.86
246.444	2.71
246.824	2.82
247.204	2.71
247.583	2.59
247.963	2.55
248.343	2.6
248.722	2.64
249.102	2.89
249.481	2.87
249.861	2.69
250.24	2.8
250.619	3.09
250.999	2.92
251.378	2.74
251.757	2.65
252.136	2.66
252.516	2.46
252.895	2.77
253.274	2.54
253.653	2.46
254.032	2.56
254.411	2.25
254.79	2
255.169	2.09
255.548	1.99
255.927	2.38
256.306	2.06
256.685	2.35
257.063	2.03
257.442	2.13
257.821	2.3
258.199	2.28
258.578	2.33
258.957	2.27
259.335	2.27
259.714	2.32
260.092	2.28
260.471	2.36
260.849	2.32
261.228	2.32
261.606	2.24
261.984	2.19
262.363	2.35
262.741	2.35
263.119	2.45
263.497	2.49
263.876	2.37
264.254	2.44
264.632	2.39
265.01	2.43
265.388	2.56
265.766	2.61
266.144	2.64
266.522	2.57
266.9	2.68
267.278	2.52
267.655	2.45
268.033	2.58
268.411	2.58
268.789	2.5
269.166	2.47
269.544	2.3
269.922	2.26
270.299	2.26
270.677	2.21
271.054	2.13
271.432	2.23
271.809	2.29
272.186	2.24
272.564	2.24
272.941	2.35
273.318	2.38
273.696	2.42
274.073	2.52
274.45	2.42
274.827	2.5
275.204	2.4
275.582	2.43
275.959	2.37
276.336	2.34
276.713	2.23
277.09	2.12
277.466	2.03
277.843	2.05
278.22	1.94
278.597	2.02
278.974	1.81
279.35	1.77
279.727	1.73
280.104	1.72
280.48	1.82
280.857	1.83
281.234	1.83
281.61	1.85
281.987	1.89
282.363	1.91
282.74	1.86
283.116	1.92
283.492	2
283.869	2.03
284.245	2.09
284.621	2
284.997	2.03
285.373	2.02
285.75	2.04
286.126	2.03
286.502	2.02
286.878	2.13
287.254	2.19
287.63	2.23
288.006	2.21
288.382	2.11
288.757	2.14
289.133	2.17
289.509	2.26
289.885	2.26
290.26	2.26
290.636	2.37
291.012	2.36
291.387	2.35
291.763	2.3
292.139	2.34
292.514	2.41
292.889	2.47
293.265	2.54
293.64	2.55
294.016	2.58
294.391	2.66
294.766	2.6
295.142	2.64
295.517	2.67
295.892	2.77
296.267	2.84
296.642	2.87
297.017	2.89
297.392	2.87
297.767	2.94
298.142	2.94
298.517	2.91
298.892	2.95
299.267	2.97
299.642	3
300.017	3
300.391	2.94
300.766	3.01
301.141	3.02
301.515	3.07
301.89	3
302.265	3.11
302.639	3.11
303.014	3.13
303.388	3.13
303.762	3.19
304.137	3.22
304.511	3.24
304.886	3.23
305.26	3.32
305.634	3.32
306.008	3.33
306.382	3.33
306.757	3.46
307.131	3.55
307.505	3.61
307.879	3.63
308.253	3.63
308.627	3.66
309.001	3.72
309.375	3.74
309.748	3.77
310.122	3.84
310.496	3.87
310.87	3.84
311.243	3.87
311.617	3.84
311.991	3.85
312.364	3.89
312.738	3.92
313.111	3.86
313.485	3.83
313.858	3.84
314.232	3.92
314.605	3.91
314.979	3.95
315.352	3.89
315.725	3.94
316.098	3.99
316.472	3.99
316.845	4.14
317.218	4.28
317.591	4.36
317.964	4.46
318.337	4.41
318.71	4.53
319.083	4.54
319.456	4.64
319.829	4.74
320.202	4.76
320.574	4.84
320.947	4.78
321.32	4.79
321.693	4.76
322.065	4.79
322.438	4.8
322.81	4.74
323.183	4.76
323.555	4.76
323.928	4.72
324.3	4.78
324.673	4.8
325.045	4.8
325.417	4.85
325.79	4.85
326.162	4.79
326.534	4.85
326.906	4.98
327.278	5.01
327.651	5.05
328.023	5.14
328.395	5.13
328.767	5.12
329.139	5.2
329.511	5.19
329.882	5.19
330.254	5.25
330.626	5.23
330.998	5.22
331.37	5.27
331.741	5.3
332.113	5.23
332.485	5.22
332.856	5.21
333.228	5.27
333.599	5.29
333.971	5.33
334.342	5.3
334.714	5.31
335.085	5.33
335.456	5.27
335.828	5.25
336.199	5.31
336.57	5.36
336.941	5.39
337.312	5.29
337.683	5.22
338.054	5.22
338.426	5.3
338.797	5.36
339.167	5.29
339.538	5.36
339.909	5.36
340.28	5.34
340.651	5.26
341.022	5.28
341.392	5.32
341.763	5.4
342.134	5.5
342.504	5.47
342.875	5.38
343.246	5.46
343.616	5.44
343.987	5.48
344.357	5.56
344.727	5.65
345.098	5.7
345.468	5.71
345.838	5.76
346.209	5.74
346.579	5.73
346.949	5.82
347.319	5.81
347.689	5.9
348.059	5.95
348.429	5.89
348.799	5.88
349.169	5.88
349.539	5.9
349.909	5.87
350.279	5.9
350.649	5.96
351.018	6.01
351.388	6
351.758	6.01
352.128	6.01
352.497	5.99
352.867	5.97
353.236	5.96
353.606	5.95
353.975	5.92
354.345	5.92
354.714	5.88
355.083	5.88
355.453	5.87
355.822	5.85
356.191	5.82
356.56	5.84
356.93	5.89
357.299	5.91
357.668	5.97
358.037	5.98
358.406	5.95
358.775	5.94
359.144	5.9
359.513	5.86
359.882	5.85
360.25	5.82
360.619	5.82
360.988	5.8
361.357	5.77
361.725	5.78
362.094	5.79
362.463	5.8
362.831	5.83
363.2	5.83
363.568	5.86
363.937	5.87
364.305	5.92
364.673	5.97
365.042	6.01
365.41	6.05
365.778	6.03
366.146	6.06
366.515	6.12
366.883	6.14
367.251	6.17
367.619	6.21
367.987	6.25
368.355	6.28
368.723	6.28
369.091	6.31
369.459	6.27
369.826	6.25
370.194	6.24
370.562	6.21
370.93	6.24
371.297	6.2
371.665	6.19
372.033	6.16
372.4	6.11
372.768	6.13
373.135	6.09
373.503	6.13
373.87	6.15
374.237	6.13
374.605	6.12
374.972	6.09
375.339	6.08
375.707	6.06
376.074	6.05
376.441	6.06
376.808	6.03
377.175	6.04
377.542	6.03
377.909	6.01
378.276	5.99
378.643	5.99
379.01	5.99
379.377	6.02
379.744	6.03
380.11	6.09
380.477	6.08
380.844	6.1
381.21	6.1
381.577	6.09
381.944	6.11
382.31	6.13
382.677	6.15
383.043	6.17
383.409	6.2
383.776	6.23
384.142	6.2
384.508	6.22
384.875	6.19
385.241	6.17
385.607	6.17
385.973	6.15
386.339	6.19
386.705	6.16
387.071	6.15
387.437	6.16
387.803	6.13
388.169	6.13
388.535	6.15
388.901	6.16
389.267	6.16
389.633	6.15
389.998	6.13
390.364	6.12
390.73	6.11
391.095	6.11
391.461	6.1
391.826	6.08
392.192	6.07
392.557	6.07
392.923	6.07
393.288	6.09
393.653	6.1
394.019	6.14
394.384	6.13
394.749	6.17
395.114	6.19
395.479	6.19
395.844	6.21
396.21	6.22
396.575	6.24
396.94	6.24
397.304	6.23
397.669	6.24
398.034	6.24
398.399	6.26
398.764	6.24
399.129	6.24
399.493	6.22
399.858	6.22
400.223	6.23
400.587	6.21
400.952	6.23
401.316	6.24
401.681	6.22
402.045	6.22
402.409	6.19
402.774	6.17
403.138	6.16
403.502	6.19
403.867	6.18
404.231	6.17
404.595	6.17
404.959	6.15
405.323	6.16
405.687	6.16
406.051	6.18
406.415	6.21
406.779	6.24
407.143	6.26
407.507	6.23
407.871	6.23
408.234	6.22
408.598	6.22
408.962	6.22
409.325	6.23
409.689	6.25
410.053	6.24
410.416	6.22
410.78	6.21
411.143	6.2
411.506	6.21
411.87	6.23
412.233	6.25
412.596	6.24
412.96	6.23
413.323	6.21
413.686	6.19
414.049	6.17
414.412	6.17
414.775	6.16
415.138	6.15
415.501	6.14
415.864	6.12
416.227	6.08
416.59	6.06
416.953	6.03
417.315	6
417.678	5.98
418.041	5.96
418.404	5.92
418.766	5.88
419.129	5.86
419.491	5.84
419.854	5.83
420.216	5.84
420.579	5.83
420.941	5.83
421.303	5.83
421.666	5.82
422.028	5.81
422.39	5.82
422.752	5.83
423.114	5.84
423.476	5.85
423.839	5.85
424.201	5.86
424.563	5.88
424.924	5.89
425.286	5.9
425.648	5.92
426.01	5.96
426.372	5.99
426.733	6.02
427.095	6.03
427.457	6.05
427.818	6.07
428.18	6.08
428.542	6.08
428.903	6.08
429.264	6.07
429.626	6.07
429.987	6.03
430.349	6.01
430.71	6
431.071	5.98
431.432	5.96
431.794	5.95
432.155	5.94
432.516	5.95
432.877	5.96
433.238	5.98
433.599	5.97
433.96	5.99
434.321	6.02
434.681	6.02
435.042	6.04
435.403	6.05
435.764	6.06
436.124	6.08
436.485	6.07
436.846	6.03
437.206	6
437.567	5.98
437.927	5.94
438.288	5.91
438.648	5.9
439.008	5.88
439.369	5.87
439.729	5.87
440.089	5.85
440.449	5.85
440.81	5.86
441.17	5.88
441.53	5.89
441.89	5.9
442.25	5.89
442.61	5.9
442.97	5.89
443.33	5.9
443.689	5.88
444.049	5.87
444.409	5.85
444.769	5.84
445.128	5.82
445.488	5.81
445.848	5.82
446.207	5.83
446.567	5.83
446.926	5.85
447.285	5.85
447.645	5.87
448.004	5.9
448.363	5.92
448.723	5.93
449.082	5.96
449.441	6
449.8	6
450.159	6.02
450.518	6.02
450.877	6.02
451.236	6.04
451.595	6.04
451.954	6.04
452.313	6.05
452.672	6.06
453.031	6.05
453.389	6.04
453.748	6.04
454.107	6.03
454.465	6.04
454.824	6.05
455.182	6.04
455.541	6.04
455.899	6.04
456.258	6.01
456.616	5.99
456.974	5.97
457.333	5.95
457.691	5.92
458.049	5.9
458.407	5.89
458.765	5.88
459.123	5.9
459.481	5.9
459.839	5.91
460.197	5.92
460.555	5.94
460.913	5.97
461.271	5.99
461.629	6.03
461.987	6.07
462.344	6.1
462.702	6.12
463.06	6.1
463.417	6.13
463.775	6.13
464.132	6.13
464.49	6.14
464.847	6.14
465.204	6.15
465.562	6.16
465.919	6.16
466.276	6.17
466.633	6.18
466.991	6.18
467.348	6.18
467.705	6.19
468.062	6.18
468.419	6.18
468.776	6.19
469.133	6.19
469.49	6.2
469.846	6.21
470.203	6.21
470.56	6.2
470.917	6.21
471.273	6.21
471.63	6.2
471.986	6.21
472.343	6.22
472.699	6.21
473.056	6.21
473.412	6.21
473.769	6.2
474.125	6.18
474.481	6.18
474.838	6.18
475.194	6.17
475.55	6.16
475.906	6.14
476.262	6.11
476.618	6.09
476.974	6.08
477.33	6.09
477.686	6.09
478.042	6.1
478.398	6.1
478.753	6.1
479.109	6.1
479.465	6.09
479.821	6.08
480.176	6.08
480.532	6.06
480.887	6.02
481.243	5.94
481.598	5.89
481.954	5.97
482.309	6.03
482.664	6.01
483.02	5.93
483.375	5.92
483.73	5.93
484.085	5.93
484.44	5.93
484.795	5.93
485.15	5.94
485.505	5.94
485.86	5.88
486.215	5.8
486.57	5.79
486.925	5.86
487.28	5.87
487.634	5.87
487.989	5.87
488.344	5.88
488.698	5.89
489.053	5.89
489.407	5.88
489.762	5.88
490.116	5.88
490.471	5.89
490.825	5.9
491.179	5.91
491.534	5.91
491.888	5.92
492.242	5.93
492.596	5.95
492.95	5.97
493.304	6
493.658	6.04
494.012	6.07
494.366	6.09
494.72	6.07
495.074	6.06
495.428	6.05
495.782	6.02
496.135	6
496.489	6
496.843	6.01
497.196	6.01
497.55	6.02
497.903	6.02
498.257	6.04
498.61	6.07
498.963	6.08
499.317	6.1
499.67	6.13
500.023	6.13
500.376	6.14
500.73	6.15
501.083	6.17
501.436	6.16
501.789	6.16
502.142	6.16
502.495	6.15
502.848	6.14
503.201	6.13
503.553	6.12
503.906	6.13
504.259	6.12
504.612	6.13
504.964	6.13
505.317	6.13
505.669	6.13
506.022	6.11
506.374	6.1
506.727	6.09
507.079	6.07
507.432	6.05
507.784	6.05
508.136	6.05
508.488	6.03
508.841	6.02
509.193	6.02
509.545	6.01
509.897	6
510.249	6
510.601	6.01
510.953	6.03
511.305	6.04
511.656	6.04
512.008	6.05
512.36	6.06
512.712	6.06
513.063	6.08
513.415	6.09
513.766	6.11
514.118	6.12
514.469	6.12
514.821	6.13
515.172	6.13
515.524	6.11
515.875	6.08
516.226	6.04
516.577	6
516.929	5.96
517.28	5.94
517.631	5.94
517.982	5.94
518.333	5.93
518.684	5.92
519.035	5.92
519.386	5.94
519.737	5.96
520.087	5.98
520.438	6
520.789	6.02
521.139	6.05
521.49	6.06
521.841	6.04
522.191	6.05
522.542	6.05
522.892	6.03
523.243	6
523.593	5.96
523.943	5.94
524.293	5.92
524.644	5.91
524.994	5.88
525.344	5.87
525.694	5.84
526.044	5.81
526.394	5.77
526.744	5.76
527.094	5.76
527.444	5.76
527.794	5.78
528.144	5.79
528.493	5.8
528.843	5.81
529.193	5.82
529.542	5.83
529.892	5.85
530.241	5.87
530.591	5.89
530.94	5.89
531.29	5.88
531.639	5.85
531.988	5.83
532.338	5.82
532.687	5.82
533.036	5.82
533.385	5.82
533.734	5.83
534.083	5.83
534.432	5.83
534.781	5.84
535.13	5.86
535.479	5.88
535.828	5.9
536.177	5.91
536.525	5.91
536.874	5.92
537.223	5.92
537.571	5.91
537.92	5.91
538.268	5.92
538.617	5.91
538.965	5.9
539.314	5.87
539.662	5.83
540.01	5.81
540.359	5.8
540.707	5.79
541.055	5.79
541.403	5.8
541.751	5.8
542.099	5.81
542.447	5.83
542.795	5.86
543.143	5.89
543.491	5.91
543.839	5.95
544.187	5.96
544.534	5.96
544.882	5.95
545.23	5.94
545.577	5.96
545.925	5.96
546.272	5.96
546.62	5.97
546.967	5.98
547.314	6.01
547.662	6.01
548.009	6.03
548.356	6.06
548.704	6.11
549.051	6.14
549.398	6.17
549.745	6.18
550.092	6.17
550.439	6.16
550.786	6.15
551.133	6.12
551.479	6.1
551.826	6.09
552.173	6.1
552.52	6.08
552.866	6.07
553.213	6.07
553.56	6.07
553.906	6.08
554.253	6.09
554.599	6.1
554.945	6.12
555.292	6.15
555.638	6.14
555.984	6.15
556.331	6.15
556.677	6.17
557.023	6.15
557.369	6.16
557.715	6.18
558.061	6.18
558.407	6.18
558.753	6.19
559.099	6.17
559.444	6.18
559.79	6.16
560.136	6.16
560.482	6.16
560.827	6.16
561.173	6.16
561.518	6.15
561.864	6.15
562.209	6.15
562.555	6.15
562.9	6.17
563.245	6.17
563.591	6.15
563.936	6.12
564.281	6.09
564.626	6.07
564.971	6.05
565.316	6.02
565.661	6.01
566.006	6.01
566.351	6.01
566.696	6.01
567.041	6.02
567.386	6.04
567.73	6.07
568.075	6.09
568.42	6.1
568.764	6.11
569.109	6.11
569.453	6.1
569.798	6.07
570.142	6.04
570.487	6.03
570.831	6
571.175	5.98
571.519	5.97
571.864	5.97
572.208	5.97
572.552	5.97
572.896	5.97
573.24	5.98
573.584	5.99
573.928	6
574.272	6.01
574.616	6.02
574.959	6.03
575.303	6.03
575.647	6.04
575.99	6.05
576.334	6.05
576.678	6.06
577.021	6.09
577.364	6.12
577.708	6.15
578.051	6.17
578.395	6.18
578.738	6.18
579.081	6.2
579.424	6.22
579.767	6.23
580.111	6.26
580.454	6.28
580.797	6.28
581.14	6.25
581.482	6.23
581.825	6.22
582.168	6.22
582.511	6.24
582.854	6.24
583.196	6.23
583.539	6.24
583.882	6.23
584.224	6.21
584.567	6.21
584.909	6.24
585.252	6.24
585.594	6.24
585.936	6.25
586.279	6.25
586.621	6.25
586.963	6.24
587.305	6.22
587.647	6.22
587.989	6.22
588.331	6.18
588.673	6.17
589.015	6.16
589.357	6.15
589.699	6.15
590.041	6.13
590.382	6.14
590.724	6.14
591.066	6.14
591.407	6.15
591.749	6.16
592.09	6.15
592.432	6.15
592.773	6.12
593.114	6.14
593.456	6.12
593.797	6.14
594.138	6.12
594.479	6.09
594.821	6.06
595.162	6.02
595.503	5.99
595.844	5.97
596.185	5.98
596.525	6
596.866	5.99
597.207	5.98
597.548	5.98
597.889	6
598.229	6.02
598.57	6.05
598.91	6.07
599.251	6.1
599.592	6.15
599.932	6.16
600.272	6.16
600.613	6.19
600.953	6.2
601.293	6.18
601.633	6.14
601.974	6.12
602.314	6.09
602.654	6.07
602.994	6.03
603.334	6
603.674	5.99
604.014	5.98
604.353	5.97
604.693	5.96
605.033	5.97
605.373	5.98
605.712	6
606.052	6.01
606.391	6.05
606.731	6.08
607.07	6.08
607.41	6.07
607.749	6.06
608.088	6.03
608.428	6.02
608.767	6.02
609.106	6
609.445	5.99
609.784	6
610.123	6.02
610.462	6.03
610.801	6.07
611.14	6.11
611.479	6.13
611.818	6.18
612.157	6.2
612.495	6.23
612.834	6.26
613.173	6.28
613.511	6.29
613.85	6.27
614.188	6.26
614.527	6.26
614.865	6.25
615.203	6.27
615.542	6.29
615.88	6.29
616.218	6.26
616.556	6.27
616.894	6.28
617.233	6.28
617.571	6.27
617.908	6.3
618.246	6.29
618.584	6.28
618.922	6.29
619.26	6.28
619.598	6.3
619.935	6.32
620.273	6.32
620.611	6.3
620.948	6.29
621.286	6.3
621.623	6.29
621.96	6.32
622.298	6.32
622.635	6.32
622.972	6.3
623.31	6.3
623.647	6.28
623.984	6.27
624.321	6.23
624.658	6.21
624.995	6.22
625.332	6.2
625.669	6.18
626.006	6.17
626.342	6.17
626.679	6.18
627.016	6.19
627.352	6.19
627.689	6.21
628.026	6.25
628.362	6.29
628.699	6.28
629.035	6.3
629.371	6.31
629.708	6.31
630.044	6.3
630.38	6.29
630.716	6.28
631.052	6.32
631.388	6.32
631.725	6.33
632.06	6.29
632.396	6.3
632.732	6.29
633.068	6.31
633.404	6.32
633.74	6.32
634.075	6.33
634.411	6.32
634.747	6.3
635.082	6.29
635.418	6.3
635.753	6.33
636.089	6.33
636.424	6.34
636.759	6.34
637.095	6.33
637.43	6.37
637.765	6.36
638.1	6.38
638.435	6.38
638.77	6.39
639.105	6.35
639.44	6.35
639.775	6.33
640.11	6.33
640.445	6.34
640.779	6.39
641.114	6.38
641.449	6.39
641.783	6.39
642.118	6.39
642.452	6.39
642.787	6.44
643.121	6.46
643.456	6.47
643.79	6.45
644.124	6.44
644.458	6.45
644.793	6.44
645.127	6.45
645.461	6.43
645.795	6.4
646.129	6.39
646.463	6.34
646.797	6.33
647.13	6.3
647.464	6.35
647.798	6.36
648.132	6.38
648.465	6.35
648.799	6.3
649.132	6.31
649.466	6.35
649.799	6.36
650.133	6.36
650.466	6.36
650.799	6.38
651.133	6.35
651.466	6.36
651.799	6.31
652.132	6.34
652.465	6.38
652.798	6.41
653.131	6.41
653.464	6.43
653.797	6.49
654.13	6.51
654.463	6.51
654.795	6.55
655.128	6.53
655.461	6.54
655.793	6.54
656.126	6.54
656.458	6.52
656.791	6.49
657.123	6.39
657.455	6.32
657.788	6.28
658.12	6.23
658.452	6.23
658.784	6.25
659.116	6.25
659.448	6.24
659.78	6.23
660.112	6.22
660.444	6.21
660.776	6.27
661.108	6.32
661.44	6.31
661.771	6.37
662.103	6.37
662.435	6.34
662.766	6.33
663.098	6.32
663.429	6.31
663.761	6.31
664.092	6.39
664.423	6.39
664.755	6.42
665.086	6.45
665.417	6.45
665.748	6.42
666.079	6.46
666.41	6.47
666.741	6.47
667.072	6.52
667.403	6.51
667.734	6.44
668.065	6.38
668.395	6.34
668.726	6.35
669.057	6.34
669.387	6.33
669.718	6.34
670.048	6.34
670.379	6.36
670.709	6.38
671.039	6.37
671.37	6.41
671.7	6.47
672.03	6.49
672.36	6.51
672.69	6.5
673.02	6.54
673.35	6.52
673.68	6.52
674.01	6.51
674.34	6.5
674.67	6.53
675	6.5
675.329	6.51
675.659	6.54
675.989	6.56
676.318	6.58
676.648	6.56
676.977	6.56
677.307	6.59
677.636	6.61
677.965	6.57
678.295	6.55
678.624	6.53
678.953	6.51
679.282	6.47
679.611	6.43
679.94	6.45
680.269	6.47
680.598	6.45
680.927	6.44
681.256	6.41
681.584	6.44
681.913	6.48
682.242	6.53
682.57	6.51
682.899	6.56
683.228	6.61
683.556	6.62
683.884	6.64
684.213	6.7
684.541	6.7
684.869	6.75
685.198	6.77
685.526	6.76
685.854	6.74
686.182	6.82
686.51	6.84
686.838	6.83
687.166	6.85
687.494	6.85
687.822	6.8
688.149	6.81
688.477	6.81
688.805	6.8
689.133	6.79
689.46	6.79
689.788	6.74
690.115	6.74
690.443	6.69
690.77	6.66
691.097	6.65
691.425	6.7
691.752	6.67
692.079	6.6
692.406	6.6
692.733	6.6
693.06	6.56
693.387	6.56
693.714	6.51
694.041	6.54
694.368	6.57
694.695	6.54
695.021	6.5
695.348	6.52
695.675	6.61
696.001	6.57
696.328	6.57
696.654	6.61
696.981	6.6
697.307	6.61
697.634	6.57
697.96	6.53
698.286	6.53
698.612	6.52
698.938	6.5
699.264	6.47
699.591	6.53
699.917	6.57
700.242	6.58
700.568	6.61
700.894	6.61
701.22	6.63
701.546	6.69
701.871	6.7
702.197	6.74
702.523	6.76
702.848	6.76
703.174	6.72
703.499	6.71
703.824	6.69
704.15	6.67
704.475	6.7
704.8	6.79
705.125	6.77
705.451	6.8
705.776	6.8
706.101	6.84
706.426	6.86
706.751	6.88
707.076	6.92
707.4	6.94
707.725	7
708.05	7.02
708.375	7
708.699	7
709.024	6.98
709.348	7
709.673	6.98
709.997	7.02
710.322	7.08
710.646	7.05
710.97	7.09
711.294	7.03
711.619	7.03
711.943	6.98
712.267	6.99
712.591	7.01
712.915	7.02
713.239	7.03
713.563	7.05
713.886	7.03
714.21	6.93
714.534	6.89
714.858	6.89
715.181	6.85
715.505	6.82
715.828	6.83
716.152	6.84
716.475	6.87
716.799	6.88
717.122	6.87
717.445	6.88
717.768	6.99
718.092	6.99
718.415	6.97
718.738	6.96
719.061	7.04
719.384	7.05
719.707	7.11
720.03	7.11
720.352	7.14
720.675	7.08
720.998	7.06
721.32	7.09
721.643	7.09
721.966	7.13
722.288	7.14
722.611	7.22
722.933	7.19
723.255	7.2
723.578	7.21
723.9	7.19
724.222	7.28
724.544	7.29
724.866	7.29
725.188	7.27
725.51	7.32
725.832	7.41
726.154	7.35
726.476	7.43
726.798	7.33
727.12	7.28
727.441	7.25
727.763	7.21
728.085	7.2
728.406	7.16
728.728	7.2
729.049	7.21
729.37	7.27
729.692	7.3
730.013	7.28
730.334	7.3
730.655	7.35
730.977	7.36
731.298	7.38
731.619	7.38
731.94	7.41
732.261	7.44
732.581	7.47
732.902	7.35
733.223	7.34
733.544	7.34
733.864	7.35
734.185	7.32
734.506	7.34
734.826	7.39
735.146	7.45
735.467	7.49
735.787	7.49
736.108	7.43
736.428	7.48
736.748	7.47
737.068	7.51
737.388	7.54
737.708	7.62
738.028	7.62
738.348	7.62
738.668	7.58
738.988	7.58
739.308	7.62
739.628	7.65
739.947	7.67
740.267	7.67
740.586	7.65
740.906	7.65
741.225	7.58
741.545	7.63
741.864	7.57
742.184	7.57
742.503	7.47
742.822	7.36
743.141	7.31
743.46	7.3
743.779	7.29
744.098	7.33
744.417	7.29
744.736	7.32
745.055	7.26
745.374	7.36
745.693	7.45
746.011	7.56
746.33	7.61
746.649	7.66
746.967	7.76
747.286	7.87
747.604	7.83
747.923	7.83
748.241	7.82
748.559	7.83
748.877	7.82
749.196	7.83
749.514	7.79
749.832	7.8
750.15	7.81
750.468	7.75
750.786	7.52
751.104	7.47
751.422	7.55
751.739	7.53
752.057	7.43
752.375	7.35
752.692	7.26
753.01	7.36
753.327	7.34
753.645	7.2
753.962	7.15
754.28	7.21
754.597	7.3
754.914	7.17
755.231	7.18
755.548	7.4
755.866	7.45
756.183	7.45
756.5	7.37
756.816	7.46
757.133	7.64
757.45	7.64
757.767	7.71
758.084	7.62
758.4	7.8
758.717	7.82
759.034	7.73
759.35	7.7
759.667	7.77
759.983	7.72
760.299	7.75
760.616	7.65
760.932	7.7
761.248	7.65
761.564	7.76
761.88	7.75
762.196	7.75
762.512	7.76
762.828	7.81
763.144	7.77
763.46	7.87
763.776	7.87
764.092	7.88
764.407	7.86
764.723	7.85
765.038	7.83
765.354	7.92
765.669	7.92
765.985	7.85
766.3	7.84
766.616	7.91
766.931	7.86
767.246	7.82
767.561	7.79
767.876	7.87
768.191	7.83
768.506	7.77
768.821	7.63
769.136	7.63
769.451	7.8
769.766	7.68
770.08	7.61
770.395	7.59
770.71	7.54
771.024	7.65
771.339	7.67
771.653	7.89
771.968	7.94
772.282	7.98
772.596	7.96
772.911	7.85
773.225	8.04
773.539	8.19
773.853	8.23
774.167	8.13
774.481	8.25
774.795	8.29
775.109	8.29
775.423	8.25
775.737	8.2
776.05	8.31
776.364	8.41
776.678	8.33
776.991	8.29
777.305	8.32
777.618	8.54
777.931	8.41
778.245	8.37
778.558	8.25
778.871	8.19
779.185	8.26
779.498	8.2
779.811	8.33
780.124	8.41
780.437	8.21
780.75	8.2
781.063	8.32
781.375	8.33
781.688	8.22
782.001	8.33
782.314	8.44
782.626	8.32
782.939	8.49
783.251	8.42
783.564	8.51
783.876	8.68
784.188	8.73
784.501	8.57
784.813	8.63
785.125	8.61
785.437	8.46
785.749	8.52
786.061	8.53
786.373	8.28
786.685	8.27
786.997	8.06
787.309	7.99
787.621	7.88
787.932	7.88
788.244	7.91
788.556	7.98
788.867	8.09
789.179	8.1
789.49	8.25
789.801	8.36
790.113	8.36
790.424	8.32
790.735	8.33
791.046	8.46
791.358	8.29
791.669	8.17
791.98	8.24
792.291	8.4
792.601	8.21
792.912	8.11
793.223	8.12
793.534	8.05
793.845	8.02
794.155	7.97
794.466	7.84
794.776	8.03
795.087	8.08
795.397	8.09
795.707	7.88
796.018	7.97
796.328	8.07
796.638	8.13
796.948	8.17
797.258	8.32
797.569	8.41
797.879	8.64
798.188	8.54
798.498	8.51
798.808	8.38
799.118	8.64
799.428	8.72
799.737	8.76
800.047	8.66
800.356	8.64
800.666	8.51
800.975	8.57
801.285	8.63
801.594	8.78
801.903	8.93
802.213	8.95
802.522	8.73
802.831	8.52
803.14	8.55
803.449	8.63
803.758	8.63
804.067	8.86
804.376	8.99
804.684	8.81
804.993	8.9
805.302	8.78
805.611	8.86
805.919	8.78
806.228	8.82
806.536	8.77
806.845	8.82
807.153	8.89
807.461	8.83
807.769	8.58
808.078	8.66
808.386	8.68
808.694	8.79
809.002	8.82
809.31	9.08
809.618	9.25
809.926	9.41
810.233	9.25
810.541	9.32
810.849	9.3
811.157	9.21
811.464	9.01
811.772	8.95
812.079	8.84
812.387	8.75
812.694	8.82
813.001	8.98
813.309	8.74
813.616	8.86
813.923	8.69
814.23	8.88
814.537	9.43
814.844	9.5
815.151	9.51
815.458	9.46
815.765	9.54
816.072	9.31
816.378	9.19
816.685	9.28
816.992	9.31
817.298	9.43
817.605	9.28
817.911	9.13
818.218	9.08
818.524	9.31
818.83	9.23
819.136	9.38
819.443	9.53
819.749	9.64
820.055	9.78
820.361	9.68
820.667	9.76
820.973	9.83
821.279	9.74
821.584	9.83
821.89	9.82
822.196	9.86
822.501	9.84
822.807	9.78
823.113	9.8
823.418	9.77
823.723	9.82
824.029	9.79
824.334	9.76
824.639	9.74
824.944	9.77
825.25	9.78
825.555	9.79
825.86	9.83
826.165	9.89
826.47	9.91
826.774	9.93
827.079	9.89
827.384	9.89
827.689	9.89
827.993	9.94
828.298	9.92
828.602	9.82
828.907	9.82
829.211	9.69
829.516	9.69
829.82	9.52
830.124	9.55
830.429	9.6
830.733	9.76
831.037	9.79
831.341	9.82
831.645	9.84
831.949	9.87
832.253	9.85
832.556	10.07
832.86	10.09
833.164	10.15
833.467	10
833.771	9.97
834.075	9.83
834.378	9.95
834.682	9.95
834.985	9.91
835.288	10.08
835.591	10.2
835.895	10.33
836.198	10.28
836.501	10.42
836.804	10.37
837.107	10.3
837.41	10.37
837.713	10.22
838.016	10.32
838.318	10.29
838.621	9.92
838.924	9.84
839.226	9.64
839.529	9.75
839.831	9.71
840.134	10.05
840.436	10.41
840.738	10.42
841.041	10.69
841.343	10.56
841.645	10.66
841.947	10.79
842.249	10.82
842.551	10.72
842.853	10.79
843.155	11
843.457	10.78
843.758	10.31
844.06	10.83
844.362	10.82
844.663	10.95
844.965	10.68
845.266	10.79
845.568	10.54
845.869	10.23
846.17	9.79
846.472	9.71
846.773	9.67
847.074	10.06
847.375	8.99
847.676	8.99
847.977	9.42
848.278	10.06
848.579	10.55
848.88	11.17
849.181	12.52
849.481	12.31
849.782	12.12
850.082	12.7
850.383	12.98
850.683	13.88
850.984	13.71
851.284	13.35
851.585	12.84
851.885	12.56
852.185	12.77
852.485	12.11
852.785	12.51
853.085	12.93
853.385	12.59
853.685	12.45
853.985	12.26
854.285	11.87
854.584	12.15
854.884	12.07
855.184	12.01
855.483	11.65
855.783	11.75
856.082	12.13
856.382	11.13
856.681	10.95
856.98	10.85
857.28	10.98
857.579	11.68
857.878	10.89
858.177	10.98
858.476	10.95
858.775	11.18
859.074	10.85
859.373	10.62
859.671	11.5
859.97	12.06
860.269	12.46
860.567	11.91
860.866	11.4
861.165	11.82
861.463	11.59
861.761	11.72
862.06	12.03
862.358	12.33
862.656	12.77
862.954	12.26
863.252	10.97
863.551	10.37
863.849	10.35
864.146	10.44
864.444	10.94
864.742	11.78
865.04	11.64
865.338	11.03
865.635	11.51
865.933	11.81
866.23	11.41
866.528	12.2
866.825	12.13
867.123	12.1
867.42	12.24
867.717	11.53
868.014	11.19
868.312	11.11
868.609	10.67
868.906	10.97
869.203	10.45
869.5	10.29
869.796	10.24
870.093	10.82
870.39	11.1
870.687	10.29
870.983	10.84
871.28	10.85
871.576	10.67
871.873	10.85
872.169	10.12
872.466	9.41
872.762	10.32
873.058	10.97
873.354	10.3
873.65	10.04
873.947	10.96
874.243	10.04
874.538	9.87
874.834	9.89
875.13	9.79
875.426	9.1
875.722	9.53
876.017	9.75
876.313	9.13
876.608	8.75
876.904	8.89
877.199	8.55
877.495	9.44
877.79	8.98
878.085	9.08
878.381	9.27
878.676	9.86
878.971	10.13
879.266	9.62
879.561	9.79
879.856	10.74
880.151	10.99
880.445	11.53
880.74	11.75
881.035	12.13
881.329	12.27
881.624	12.43
881.919	12.47
882.213	12.64
