177.169	4300
177.554	923.94
177.94	-267.46
178.326	-160.98
178.711	-184.52
179.097	-247.44
179.482	-42.11
179.868	-17.32
180.253	13.73
180.639	0.93
181.024	115.32
181.409	383.22
181.795	923.94
182.18	-123.03
182.565	-1237.84
182.95	247.68
183.336	-47.08
183.721	-3.44
184.106	-37.55
184.491	-45.16
184.876	-24.95
185.261	8.1
185.646	-15.76
186.031	-18.71
186.416	-13.86
186.801	3.01
187.186	10.07
187.57	-2.15
187.955	-7.74
188.34	3.26
188.725	9.48
189.11	10.5
189.494	-0.96
189.879	18.6
190.263	26.49
190.648	20.42
191.033	25.88
191.417	22.81
191.802	35.17
192.186	44.87
192.57	41.08
192.955	39.6
193.339	40.54
193.723	54.03
194.108	50.61
194.492	44.46
194.876	39.83
195.26	32.17
195.645	35.94
196.029	24.62
196.413	19.37
196.797	30.98
197.181	28.73
197.565	30.17
197.949	24
198.333	25.22
198.717	27.63
199.101	40.07
199.484	41.69
199.868	45.28
200.252	39.53
200.636	42.05
201.019	40.61
201.403	45.04
201.787	44.89
202.17	44.04
202.554	44.24
202.937	47.1
203.321	32.35
203.704	33.18
204.088	26.76
204.471	37.86
204.855	36.93
205.238	30.67
205.621	34.4
206.005	30.39
206.388	27.97
206.771	25.98
207.154	28.8
207.537	35.48
207.921	37.76
208.304	42.47
208.687	37.93
209.07	34.27
209.453	39.19
209.836	33.02
210.219	27.95
210.601	26.69
210.984	26.14
211.367	28.48
211.75	31.07
212.133	30.42
212.515	28.4
212.898	30.19
213.281	34.8
213.663	42.95
214.046	51.92
214.428	57.68
214.811	57.35
215.193	59.61
215.576	52.6
215.958	48.13
216.341	43.56
216.723	41.32
217.105	37.33
217.488	32.69
217.87	20.56
218.252	12.84
218.634	13.43
219.017	16.25
219.399	12.06
219.781	10.67
220.163	13.95
220.545	18.88
220.927	23.79
221.309	23.79
221.691	22.2
222.073	32.13
222.455	35.23
222.836	34.26
223.218	34.88
223.6	35.18
223.982	35.59
224.363	38.11
224.745	36.94
225.127	38.88
225.508	41.96
225.89	47.09
226.271	44.52
226.653	41.81
227.034	43.75
227.416	40.64
227.797	37.52
228.178	37.56
228.56	35.99
228.941	33.99
229.322	30.83
229.704	29.12
230.085	24.8
230.466	23.89
230.847	20.08
231.228	14.94
231.609	13.15
231.99	15.33
232.371	16.55
232.752	14.04
233.133	14.93
233.514	14.31
233.895	14.23
234.276	18.13
234.657	18.55
235.037	23.33
235.418	24.77
235.799	24.8
236.179	23.15
236.56	21.62
236.941	22.86
237.321	21.6
237.702	19.62
238.082	17.69
238.463	15.59
238.843	13.26
239.223	9.82
239.604	8.24
239.984	7.82
240.364	7.64
240.745	6.23
241.125	5.7
241.505	5.66
241.885	6.22
242.265	6.19
242.645	5.74
243.025	6.47
243.405	6.86
243.785	6.64
244.165	6.19
244.545	5.83
244.925	6.03
245.305	5.67
245.685	5.61
246.065	5.47
246.444	5.4
246.824	5.38
247.204	5.06
247.583	4.87
247.963	5.06
248.343	5.17
248.722	5.4
249.102	5.58
249.481	5.64
249.861	5.52
250.24	5.57
250.619	5.8
250.999	5.93
251.378	6
251.757	5.89
252.136	5.7
252.516	5.64
252.895	5.55
253.274	5.69
253.653	5.78
254.032	5.92
254.411	5.8
254.79	5.93
255.169	6.24
255.548	6.34
255.927	6.67
256.306	6.32
256.685	6.21
257.063	6.07
257.442	5.91
257.821	5.79
258.199	5.53
258.578	5.51
258.957	5.34
259.335	5.22
259.714	5.2
260.092	5.21
260.471	5.29
260.849	5.33
261.228	5.26
261.606	5.19
261.984	5.19
262.363	5.45
262.741	5.53
263.119	5.61
263.497	5.75
263.876	5.71
264.254	5.69
264.632	5.48
265.01	5.3
265.388	5.31
265.766	5.34
266.144	5.34
266.522	5.29
266.9	5.36
267.278	5.4
267.655	5.27
268.033	5.24
268.411	5.24
268.789	5.24
269.166	5.22
269.544	5.1
269.922	4.96
270.299	4.85
270.677	4.68
271.054	4.53
271.432	4.45
271.809	4.44
272.186	4.46
272.564	4.4
272.941	4.49
273.318	4.46
273.696	4.44
274.073	4.36
274.45	4.4
274.827	4.39
275.204	4.24
275.582	4.18
275.959	4.06
276.336	3.99
276.713	3.92
277.09	3.75
277.466	3.66
277.843	3.77
278.22	3.82
278.597	3.85
278.974	3.87
279.35	3.85
279.727	4.01
280.104	4.16
280.48	4.15
280.857	4.23
281.234	4.29
281.61	4.36
281.987	4.4
282.363	4.42
282.74	4.46
283.116	4.44
283.492	4.54
283.869	4.52
284.245	4.58
284.621	4.58
284.997	4.56
285.373	4.62
285.75	4.7
286.126	4.71
286.502	4.77
286.878	4.83
287.254	5.05
287.63	5.25
288.006	5.36
288.382	5.4
288.757	5.5
289.133	5.59
289.509	5.72
289.885	5.76
290.26	5.9
290.636	6.09
291.012	6.18
291.387	6.22
291.763	6.23
292.139	6.36
292.514	6.59
292.889	6.84
293.265	7.06
293.64	7.24
294.016	7.46
294.391	7.64
294.766	7.84
295.142	8
295.517	8.15
295.892	8.34
296.267	8.54
296.642	8.68
297.017	8.76
297.392	8.91
297.767	9.02
298.142	9.19
298.517	9.28
298.892	9.36
299.267	9.47
299.642	9.67
300.017	9.83
300.391	9.93
300.766	10.05
301.141	10.23
301.515	10.3
301.89	10.45
302.265	10.71
302.639	10.9
303.014	11.09
303.388	11.3
303.762	11.52
304.137	11.69
304.511	11.86
304.886	12.02
305.26	12.25
305.634	12.41
306.008	12.52
306.382	12.6
306.757	12.8
307.131	12.92
307.505	13.1
307.879	13.18
308.253	13.39
308.627	13.47
309.001	13.67
309.375	13.79
309.748	13.95
310.122	14.1
310.496	14.19
310.87	14.32
311.243	14.49
311.617	14.64
311.991	14.81
312.364	14.92
312.738	15.15
313.111	15.25
313.485	15.41
313.858	15.65
314.232	15.87
314.605	16.06
314.979	16.16
315.352	16.27
315.725	16.37
316.098	16.56
316.472	16.72
316.845	16.93
317.218	17.09
317.591	17.24
317.964	17.46
318.337	17.6
318.71	17.79
319.083	17.97
319.456	18.09
319.829	18.3
320.202	18.44
320.574	18.65
320.947	18.78
321.32	18.98
321.693	19.07
322.065	19.1
322.438	19.29
322.81	19.37
323.183	19.44
323.555	19.58
323.928	19.65
324.3	19.77
324.673	19.82
325.045	19.91
325.417	20.07
325.79	20.26
326.162	20.38
326.534	20.45
326.906	20.68
327.278	20.9
327.651	21.04
328.023	21.27
328.395	21.36
328.767	21.44
329.139	21.55
329.511	21.55
329.882	21.59
330.254	21.75
330.626	21.85
330.998	21.86
331.37	21.88
331.741	21.96
332.113	21.96
332.485	22.11
332.856	22.27
333.228	22.41
333.599	22.57
333.971	22.66
334.342	22.72
334.714	22.87
335.085	22.98
335.456	23.08
335.828	23.14
336.199	23.24
336.57	23.33
336.941	23.42
337.312	23.44
337.683	23.49
338.054	23.63
338.426	23.74
338.797	23.83
339.167	23.95
339.538	24.1
339.909	24.23
340.28	24.28
340.651	24.27
341.022	24.36
341.392	24.45
341.763	24.53
342.134	24.58
342.504	24.7
342.875	24.69
343.246	24.76
343.616	24.75
343.987	24.84
344.357	24.97
344.727	25.1
345.098	25.15
345.468	25.3
345.838	25.42
346.209	25.57
346.579	25.6
346.949	25.68
347.319	25.7
347.689	25.82
348.059	25.89
348.429	25.94
348.799	25.99
349.169	26.05
349.539	26.1
349.909	26.11
350.279	26.1
350.649	26.19
351.018	26.33
351.388	26.42
351.758	26.49
352.128	26.59
352.497	26.61
352.867	26.66
353.236	26.8
353.606	26.79
353.975	26.79
354.345	26.84
354.714	26.89
355.083	26.96
355.453	26.99
355.822	27.01
356.191	27.02
356.56	27.1
356.93	27.2
357.299	27.25
357.668	27.39
358.037	27.48
358.406	27.51
358.775	27.54
359.144	27.55
359.513	27.58
359.882	27.64
360.25	27.7
360.619	27.76
360.988	27.74
361.357	27.78
361.725	27.78
362.094	27.86
362.463	27.92
362.831	28
363.2	28.07
363.568	28.2
363.937	28.32
364.305	28.39
364.673	28.43
365.042	28.56
365.41	28.62
365.778	28.74
366.146	28.79
366.515	28.91
366.883	28.96
367.251	29.06
367.619	29.06
367.987	29.1
368.355	29.17
368.723	29.23
369.091	29.32
369.459	29.32
369.826	29.36
370.194	29.37
370.562	29.4
370.93	29.45
371.297	29.48
371.665	29.54
372.033	29.6
372.4	29.64
372.768	29.7
373.135	29.71
373.503	29.78
373.87	29.82
374.237	29.86
374.605	29.87
374.972	29.91
375.339	29.89
375.707	29.92
376.074	29.94
376.441	29.96
376.808	30.01
377.175	30.05
377.542	30.09
377.909	30.11
378.276	30.12
378.643	30.17
379.01	30.2
379.377	30.29
379.744	30.34
380.11	30.42
380.477	30.43
380.844	30.46
381.21	30.46
381.577	30.52
381.944	30.56
382.31	30.63
382.677	30.67
383.043	30.75
383.409	30.78
383.776	30.82
384.142	30.85
384.508	30.89
384.875	30.92
385.241	30.96
385.607	30.97
385.973	31
386.339	31.04
386.705	31.07
387.071	31.09
387.437	31.1
387.803	31.18
388.169	31.22
388.535	31.28
388.901	31.31
389.267	31.32
389.633	31.34
389.998	31.38
390.364	31.41
390.73	31.45
391.095	31.47
391.461	31.53
391.826	31.49
392.192	31.5
392.557	31.53
392.923	31.59
393.288	31.68
393.653	31.75
394.019	31.84
394.384	31.91
394.749	31.94
395.114	32.01
395.479	32.04
395.844	32.13
396.21	32.16
396.575	32.2
396.94	32.23
397.304	32.23
397.669	32.25
398.034	32.26
398.399	32.25
398.764	32.26
399.129	32.25
399.493	32.27
399.858	32.29
400.223	32.32
400.587	32.36
400.952	32.37
401.316	32.42
401.681	32.39
402.045	32.4
402.409	32.43
402.774	32.45
403.138	32.46
403.502	32.49
403.867	32.52
404.231	32.54
404.595	32.54
404.959	32.58
405.323	32.6
405.687	32.65
406.051	32.68
406.415	32.68
406.779	32.73
407.143	32.79
407.507	32.79
407.871	32.8
408.234	32.8
408.598	32.83
408.962	32.86
409.325	32.93
409.689	32.99
410.053	33.04
410.416	33.13
410.78	33.16
411.143	33.17
411.506	33.21
411.87	33.27
412.233	33.34
412.596	33.34
412.96	33.34
413.323	33.33
413.686	33.31
414.049	33.26
414.412	33.2
414.775	33.17
415.138	33.13
415.501	33.09
415.864	33.04
416.227	32.95
416.59	32.9
416.953	32.85
417.315	32.81
417.678	32.77
418.041	32.72
418.404	32.67
418.766	32.61
419.129	32.59
419.491	32.57
419.854	32.58
420.216	32.61
420.579	32.64
420.941	32.65
421.303	32.65
421.666	32.64
422.028	32.62
422.39	32.63
422.752	32.68
423.114	32.72
423.476	32.74
423.839	32.77
424.201	32.82
424.563	32.87
424.924	32.92
425.286	32.97
425.648	33.05
426.01	33.19
426.372	33.31
426.733	33.4
427.095	33.47
427.457	33.56
427.818	33.61
428.18	33.6
428.542	33.64
428.903	33.7
429.264	33.71
429.626	33.7
429.987	33.65
430.349	33.6
430.71	33.58
431.071	33.53
431.432	33.46
431.794	33.45
432.155	33.47
432.516	33.45
432.877	33.44
433.238	33.46
433.599	33.47
433.96	33.5
434.321	33.56
434.681	33.6
435.042	33.68
435.403	33.73
435.764	33.76
436.124	33.75
436.485	33.73
436.846	33.7
437.206	33.65
437.567	33.61
437.927	33.56
438.288	33.49
438.648	33.43
439.008	33.37
439.369	33.36
439.729	33.37
440.089	33.4
440.449	33.4
440.81	33.43
441.17	33.46
441.53	33.49
441.89	33.55
442.25	33.55
442.61	33.56
442.97	33.59
443.33	33.58
443.689	33.55
444.049	33.45
444.409	33.43
444.769	33.38
445.128	33.37
445.488	33.37
445.848	33.38
446.207	33.43
446.567	33.49
446.926	33.53
447.285	33.59
447.645	33.63
448.004	33.73
448.363	33.81
448.723	33.91
449.082	33.99
449.441	34.03
449.8	34.04
450.159	34.05
450.518	34.03
450.877	34.01
451.236	34.02
451.595	34.02
451.954	34.03
452.313	34.03
452.672	34.02
453.031	34.04
453.389	34.06
453.748	34.09
454.107	34.11
454.465	34.14
454.824	34.16
455.182	34.18
455.541	34.18
455.899	34.15
456.258	34.12
456.616	34.09
456.974	34
457.333	33.9
457.691	33.79
458.049	33.75
458.407	33.74
458.765	33.78
459.123	33.82
459.481	33.84
459.839	33.92
460.197	33.96
460.555	34.01
460.913	34.12
461.271	34.25
461.629	34.39
461.987	34.52
462.344	34.62
462.702	34.62
463.06	34.62
463.417	34.64
463.775	34.61
464.132	34.6
464.49	34.6
464.847	34.55
465.204	34.52
465.562	34.51
465.919	34.5
466.276	34.54
466.633	34.6
466.991	34.64
467.348	34.66
467.705	34.68
468.062	34.7
468.419	34.72
468.776	34.76
469.133	34.79
469.49	34.83
469.846	34.86
470.203	34.87
470.56	34.85
470.917	34.85
471.273	34.87
471.63	34.88
471.986	34.88
472.343	34.91
472.699	34.92
473.056	34.94
473.412	34.96
473.769	34.94
474.125	34.91
474.481	34.89
474.838	34.84
475.194	34.8
475.55	34.77
475.906	34.73
476.262	34.67
476.618	34.63
476.974	34.58
477.33	34.58
477.686	34.59
478.042	34.6
478.398	34.63
478.753	34.66
479.109	34.63
479.465	34.59
479.821	34.52
480.176	34.48
480.532	34.41
480.887	34.31
481.243	34.23
481.598	34.26
481.954	34.92
482.309	35.47
482.664	35.51
483.02	35.11
483.375	35.07
483.73	35.12
484.085	35.13
484.44	35.14
484.795	35.15
485.15	35.15
485.505	35.15
485.86	34.72
486.215	34.25
486.57	34.13
486.925	34.48
487.28	34.56
487.634	34.55
487.989	34.57
488.344	34.61
488.698	34.62
489.053	34.63
489.407	34.61
489.762	34.58
490.116	34.56
490.471	34.57
490.825	34.59
491.179	34.59
491.534	34.6
491.888	34.6
492.242	34.62
492.596	34.67
492.95	34.77
493.304	34.89
493.658	34.99
494.012	35.03
494.366	34.99
494.72	34.88
495.074	34.79
495.428	34.71
495.782	34.68
496.135	34.66
496.489	34.65
496.843	34.64
497.196	34.63
497.55	34.64
497.903	34.68
498.257	34.77
498.61	34.87
498.963	34.92
499.317	34.98
499.67	35.01
500.023	35.05
500.376	35.09
500.73	35.12
501.083	35.15
501.436	35.16
501.789	35.15
502.142	35.12
502.495	35.07
502.848	35.06
503.201	35.05
503.553	35.05
503.906	35.05
504.259	35.05
504.612	35.04
504.964	35.01
505.317	35
505.669	34.99
506.022	34.96
506.374	34.95
506.727	34.92
507.079	34.87
507.432	34.82
507.784	34.78
508.136	34.75
508.488	34.73
508.841	34.73
509.193	34.71
509.545	34.72
509.897	34.73
510.249	34.74
510.601	34.75
510.953	34.78
511.305	34.8
511.656	34.84
512.008	34.86
512.36	34.9
512.712	34.91
513.063	34.96
513.415	35
513.766	35.03
514.118	35.04
514.469	35.06
514.821	35.06
515.172	35.03
515.524	34.97
515.875	34.9
516.226	34.8
516.577	34.71
516.929	34.63
517.28	34.6
517.631	34.61
517.982	34.62
518.333	34.64
518.684	34.67
519.035	34.71
519.386	34.76
519.737	34.81
520.087	34.89
520.438	34.99
520.789	35.07
521.139	35.12
521.49	35.13
521.841	35.13
522.191	35.12
522.542	35.07
522.892	35.01
523.243	34.93
523.593	34.82
523.943	34.73
524.293	34.67
524.644	34.63
524.994	34.6
525.344	34.57
525.694	34.51
526.044	34.44
526.394	34.42
526.744	34.49
527.094	34.59
527.444	34.72
527.794	34.85
528.144	34.95
528.493	35.02
528.843	35.06
529.193	35.11
529.542	35.17
529.892	35.24
530.241	35.3
530.591	35.3
530.94	35.22
531.29	35.08
531.639	34.92
531.988	34.81
532.338	34.76
532.687	34.77
533.036	34.77
533.385	34.78
533.734	34.81
534.083	34.82
534.432	34.83
534.781	34.86
535.13	34.9
535.479	34.95
535.828	34.99
536.177	34.99
536.525	34.97
536.874	34.96
537.223	34.96
537.571	34.94
537.92	34.93
538.268	34.94
538.617	34.88
538.965	34.81
539.314	34.7
539.662	34.61
540.01	34.57
540.359	34.6
540.707	34.63
541.055	34.65
541.403	34.68
541.751	34.71
542.099	34.76
542.447	34.85
542.795	34.96
543.143	35.09
543.491	35.18
543.839	35.24
544.187	35.2
544.534	35.13
544.882	35.08
545.23	35.05
545.577	35.02
545.925	35.03
546.272	35.03
546.62	35.06
546.967	35.1
547.314	35.16
547.662	35.22
548.009	35.29
548.356	35.39
548.704	35.5
549.051	35.57
549.398	35.64
549.745	35.65
550.092	35.63
550.439	35.55
550.786	35.47
551.133	35.38
551.479	35.34
551.826	35.34
552.173	35.34
552.52	35.34
552.866	35.36
553.213	35.38
553.56	35.43
553.906	35.49
554.253	35.56
554.599	35.61
554.945	35.67
555.292	35.72
555.638	35.74
555.984	35.79
556.331	35.8
556.677	35.82
557.023	35.82
557.369	35.81
557.715	35.81
558.061	35.79
558.407	35.84
558.753	35.84
559.099	35.82
559.444	35.8
559.79	35.74
560.136	35.74
560.482	35.74
560.827	35.75
561.173	35.76
561.518	35.78
561.864	35.78
562.209	35.78
562.555	35.77
562.9	35.77
563.245	35.78
563.591	35.73
563.936	35.66
564.281	35.55
564.626	35.49
564.971	35.41
565.316	35.36
565.661	35.36
566.006	35.36
566.351	35.39
566.696	35.41
567.041	35.42
567.386	35.46
567.73	35.5
568.075	35.56
568.42	35.61
568.764	35.66
569.109	35.64
569.453	35.56
569.798	35.44
570.142	35.34
570.487	35.26
570.831	35.22
571.175	35.22
571.519	35.25
571.864	35.25
572.208	35.25
572.552	35.23
572.896	35.25
573.24	35.28
573.584	35.33
573.928	35.37
574.272	35.44
574.616	35.49
574.959	35.53
575.303	35.53
575.647	35.56
575.99	35.58
576.334	35.65
576.678	35.7
577.021	35.78
577.364	35.88
577.708	35.95
578.051	36.01
578.395	36.07
578.738	36.11
579.081	36.16
579.424	36.18
579.767	36.22
580.111	36.23
580.454	36.26
580.797	36.28
581.14	36.26
581.482	36.26
581.825	36.27
582.168	36.26
582.511	36.26
582.854	36.24
583.196	36.25
583.539	36.26
583.882	36.26
584.224	36.27
584.567	36.25
584.909	36.27
585.252	36.26
585.594	36.24
585.936	36.24
586.279	36.22
586.621	36.2
586.963	36.17
587.305	36.13
587.647	36.07
587.989	36.04
588.331	36.01
588.673	35.97
589.015	35.96
589.357	35.97
589.699	35.97
590.041	35.97
590.382	36.02
590.724	36.03
591.066	36.07
591.407	36.11
591.749	36.09
592.09	36.11
592.432	36.12
592.773	36.11
593.114	36.11
593.456	36.08
593.797	36.08
594.138	35.99
594.479	35.92
594.821	35.79
595.162	35.68
595.503	35.62
595.844	35.57
596.185	35.57
596.525	35.62
596.866	35.64
597.207	35.68
597.548	35.71
597.889	35.79
598.229	35.88
598.57	35.99
598.91	36.08
599.251	36.2
599.592	36.32
599.932	36.34
600.272	36.32
600.613	36.28
600.953	36.2
601.293	36.12
601.633	36.01
601.974	35.89
602.314	35.84
602.654	35.75
602.994	35.65
603.334	35.54
603.674	35.52
604.014	35.5
604.353	35.52
604.693	35.59
605.033	35.65
605.373	35.72
605.712	35.83
606.052	35.87
606.391	35.98
606.731	36.07
607.07	36.15
607.41	36.13
607.749	36.08
608.088	36
608.428	35.91
608.767	35.86
609.106	35.84
609.445	35.82
609.784	35.84
610.123	35.85
610.462	35.91
610.801	35.98
611.14	36.08
611.479	36.18
611.818	36.3
612.157	36.39
612.495	36.46
612.834	36.5
613.173	36.51
613.511	36.54
613.85	36.55
614.188	36.53
614.527	36.5
614.865	36.51
615.203	36.49
615.542	36.47
615.88	36.49
616.218	36.54
616.556	36.53
616.894	36.54
617.233	36.54
617.571	36.57
617.908	36.61
618.246	36.63
618.584	36.63
618.922	36.64
619.26	36.65
619.598	36.62
619.935	36.58
620.273	36.59
620.611	36.6
620.948	36.6
621.286	36.57
621.623	36.55
621.96	36.56
622.298	36.54
622.635	36.56
622.972	36.55
623.31	36.57
623.647	36.53
623.984	36.5
624.321	36.39
624.658	36.32
624.995	36.26
625.332	36.21
625.669	36.17
626.006	36.17
626.342	36.15
626.679	36.18
627.016	36.18
627.352	36.23
627.689	36.28
628.026	36.35
628.362	36.44
628.699	36.52
629.035	36.58
629.371	36.63
629.708	36.68
630.044	36.7
630.38	36.72
630.716	36.73
631.052	36.75
631.388	36.73
631.725	36.72
632.06	36.66
632.396	36.62
632.732	36.62
633.068	36.63
633.404	36.63
633.74	36.65
634.075	36.66
634.411	36.67
634.747	36.64
635.082	36.66
635.418	36.69
635.753	36.73
636.089	36.76
636.424	36.79
636.759	36.8
637.095	36.8
637.43	36.8
637.765	36.81
638.1	36.8
638.435	36.83
638.77	36.84
639.105	36.79
639.44	36.82
639.775	36.84
640.11	36.81
640.445	36.82
640.779	36.83
641.114	36.84
641.449	36.82
641.783	36.83
642.118	36.82
642.452	36.82
642.787	36.88
643.121	36.86
643.456	36.86
643.79	36.9
644.124	36.88
644.458	36.87
644.793	36.88
645.127	36.91
645.461	36.94
645.795	36.92
646.129	36.89
646.463	36.89
646.797	36.9
647.13	36.88
647.464	36.86
647.798	36.87
648.132	36.92
648.465	36.93
648.799	36.88
649.132	36.85
649.466	36.84
649.799	36.84
650.133	36.84
650.466	36.82
650.799	36.78
651.133	36.73
651.466	36.75
651.799	36.74
652.132	36.75
652.465	36.79
652.798	36.82
653.131	36.88
653.464	36.93
653.797	36.98
654.13	37.03
654.463	37.06
654.795	37.1
655.128	37.12
655.461	37.11
655.793	37.11
656.126	37.11
656.458	37.07
656.791	36.98
657.123	36.88
657.455	36.71
657.788	36.59
658.12	36.54
658.452	36.54
658.784	36.53
659.116	36.53
659.448	36.52
659.78	36.51
660.112	36.53
660.444	36.58
660.776	36.65
661.108	36.78
661.44	36.86
661.771	36.98
662.103	37.01
662.435	37.02
662.766	37.01
663.098	37.04
663.429	37.07
663.761	37.13
664.092	37.12
664.423	37.09
664.755	37.09
665.086	37.15
665.417	37.12
665.748	37.12
666.079	37.13
666.41	37.13
666.741	37.11
667.072	37.06
667.403	36.97
667.734	36.94
668.065	36.88
668.395	36.91
668.726	36.88
669.057	36.92
669.387	36.93
669.718	36.95
670.048	36.97
670.379	37.04
670.709	37.09
671.039	37.11
671.37	37.2
671.7	37.26
672.03	37.25
672.36	37.24
672.69	37.21
673.02	37.23
673.35	37.26
673.68	37.21
674.01	37.17
674.34	37.15
674.67	37.14
675	37.06
675.329	37.09
675.659	37.08
675.989	37.11
676.318	37.09
676.648	36.98
676.977	36.87
677.307	36.89
677.636	36.87
677.965	36.83
678.295	36.82
678.624	36.8
678.953	36.77
679.282	36.79
679.611	36.79
679.94	36.85
680.269	36.97
680.598	37.04
680.927	37.1
681.256	37.12
681.584	37.13
681.913	37.25
682.242	37.35
682.57	37.36
682.899	37.4
683.228	37.47
683.556	37.45
683.884	37.44
684.213	37.42
684.541	37.41
684.869	37.42
685.198	37.5
685.526	37.44
685.854	37.4
686.182	37.46
686.51	37.47
686.838	37.49
687.166	37.54
687.494	37.54
687.822	37.56
688.149	37.57
688.477	37.62
688.805	37.58
689.133	37.55
689.46	37.66
689.788	37.64
690.115	37.61
690.443	37.49
690.77	37.44
691.097	37.41
691.425	37.41
691.752	37.35
692.079	37.34
692.406	37.31
692.733	37.33
693.06	37.22
693.387	37.21
693.714	37.22
694.041	37.25
694.368	37.25
694.695	37.25
695.021	37.2
695.348	37.23
695.675	37.2
696.001	37.16
696.328	37.09
696.654	37
696.981	36.85
697.307	36.79
697.634	36.76
697.96	36.73
698.286	36.75
698.612	36.84
698.938	36.81
699.264	36.82
699.591	36.89
699.917	36.99
700.242	37.14
700.568	37.28
700.894	37.37
701.22	37.47
701.546	37.62
701.871	37.68
702.197	37.65
702.523	37.78
702.848	37.8
703.174	37.79
703.499	37.76
703.824	37.62
704.15	37.59
704.475	37.57
704.8	37.58
705.125	37.57
705.451	37.54
705.776	37.54
706.101	37.49
706.426	37.49
706.751	37.52
707.076	37.47
707.4	37.53
707.725	37.65
708.05	37.65
708.375	37.61
708.699	37.53
709.024	37.54
709.348	37.49
709.673	37.5
709.997	37.58
710.322	37.58
710.646	37.62
710.97	37.62
711.294	37.58
711.619	37.65
711.943	37.65
712.267	37.65
712.591	37.63
712.915	37.63
713.239	37.6
713.563	37.53
713.886	37.46
714.21	37.42
714.534	37.37
714.858	37.3
715.181	37.24
715.505	37.18
715.828	37.25
716.152	37.27
716.475	37.34
716.799	37.3
717.122	37.34
717.445	37.46
717.768	37.5
718.092	37.64
718.415	37.7
718.738	37.67
719.061	37.79
719.384	37.78
719.707	37.74
720.03	37.73
720.352	37.87
720.675	37.85
720.998	37.87
721.32	37.86
721.643	37.83
721.966	37.91
722.288	37.97
722.611	38.08
722.933	38.08
723.255	38.2
723.578	38.22
723.9	38.15
724.222	38.16
724.544	38.08
724.866	38.1
725.188	38.01
725.51	37.99
725.832	38.02
726.154	37.88
726.476	37.98
726.798	37.93
727.12	37.97
727.441	37.95
727.763	37.91
728.085	37.95
728.406	37.89
728.728	37.98
729.049	38.02
729.37	38.13
729.692	38.18
730.013	38.12
730.334	38.1
730.655	38.09
730.977	38.17
731.298	38.18
731.619	38.16
731.94	38.16
732.261	38.16
732.581	38.09
732.902	37.97
733.223	37.92
733.544	37.92
733.864	37.95
734.185	37.96
734.506	37.95
734.826	37.94
735.146	37.97
735.467	38.02
735.787	38.03
736.108	38.01
736.428	37.98
736.748	38.04
737.068	38.07
737.388	38.12
737.708	38.13
738.028	38.15
738.348	38.12
738.668	38.19
738.988	38.22
739.308	38.23
739.628	38.32
739.947	38.42
740.267	38.39
740.586	38.35
740.906	38.39
741.225	38.35
741.545	38.3
741.864	38.41
742.184	38.32
742.503	38.21
742.822	38.14
743.141	38.05
743.46	37.94
743.779	38.01
744.098	38.03
744.417	37.88
744.736	37.94
745.055	37.98
745.374	37.91
745.693	38.04
746.011	38.12
746.33	38.2
746.649	38.17
746.967	38.21
747.286	38.2
747.604	38.14
747.923	38.15
748.241	38.1
748.559	38.08
748.877	38.16
749.196	38.14
749.514	38.16
749.832	38.13
750.15	38.14
750.468	38.18
750.786	38.16
751.104	38.15
751.422	38.3
751.739	38.27
752.057	38.26
752.375	38.25
752.692	38.16
753.01	38.21
753.327	38.29
753.645	38.25
753.962	38.14
754.28	38.18
754.597	38.22
754.914	38.04
755.231	38.07
755.548	38.17
755.866	38.31
756.183	38.44
756.5	38.38
756.816	38.39
757.133	38.68
757.45	38.83
757.767	38.83
758.084	38.74
758.4	38.84
758.717	38.92
759.034	38.86
759.35	38.83
759.667	38.82
759.983	38.82
760.299	38.83
760.616	38.73
760.932	38.6
761.248	38.54
761.564	38.72
761.88	38.67
762.196	38.6
762.512	38.54
762.828	38.53
763.144	38.5
763.46	38.57
763.776	38.49
764.092	38.42
764.407	38.51
764.723	38.45
765.038	38.47
765.354	38.53
765.669	38.45
765.985	38.46
766.3	38.44
766.616	38.44
766.931	38.42
767.246	38.48
767.561	38.57
767.876	38.51
768.191	38.65
768.506	38.51
768.821	38.5
769.136	38.57
769.451	38.52
769.766	38.54
770.08	38.52
770.395	38.52
770.71	38.32
771.024	38.37
771.339	38.4
771.653	38.4
771.968	38.4
772.282	38.33
772.596	38.51
772.911	38.56
773.225	38.59
773.539	38.69
773.853	38.74
774.167	38.83
774.481	38.79
774.795	38.75
775.109	38.8
775.423	38.7
775.737	38.82
776.05	38.66
776.364	38.69
776.678	38.61
776.991	38.48
777.305	38.29
777.618	38.4
777.931	38.44
778.245	38.66
778.558	38.51
778.871	38.65
779.185	38.58
779.498	38.62
779.811	38.74
780.124	38.65
780.437	38.58
780.75	38.65
781.063	38.6
781.375	38.49
781.688	38.33
782.001	38.39
782.314	38.39
782.626	38.27
782.939	38.3
783.251	38.28
783.564	38.44
783.876	38.65
784.188	38.58
784.501	38.69
784.813	38.82
785.125	38.84
785.437	38.89
785.749	38.99
786.061	39.09
786.373	39.12
786.685	39.08
786.997	39.1
787.309	38.98
787.621	39
787.932	39.03
788.244	38.9
788.556	38.93
788.867	38.9
789.179	38.93
789.49	39.1
789.801	39.22
790.113	39.24
790.424	39.05
790.735	39.11
791.046	39.18
791.358	38.98
791.669	39.1
791.98	39.05
792.291	39.1
792.601	38.92
792.912	38.8
793.223	38.65
793.534	38.52
793.845	38.62
794.155	38.55
794.466	38.7
794.776	38.88
795.087	38.98
795.397	38.83
795.707	38.85
796.018	38.96
796.328	38.85
796.638	39.04
796.948	38.93
797.258	38.95
797.569	38.97
797.879	38.95
798.188	38.8
798.498	38.76
798.808	38.87
799.118	38.86
799.428	38.92
799.737	39.04
800.047	38.82
800.356	38.83
800.666	38.77
800.975	38.75
801.285	38.71
801.594	38.63
801.903	38.63
802.213	38.69
802.522	38.63
802.831	38.46
803.14	38.31
803.449	38.36
803.758	38.69
804.067	38.86
804.376	39.15
804.684	39.17
804.993	39.28
805.302	39.21
805.611	39.19
805.919	39.15
806.228	39.32
806.536	39.41
806.845	39.3
807.153	39.05
807.461	38.88
807.769	38.44
808.078	38.45
808.386	38.56
808.694	38.53
809.002	38.74
809.31	38.74
809.618	38.88
809.926	39.06
810.233	39.25
810.541	39.33
810.849	39.38
811.157	39.34
811.464	39.21
811.772	39.14
812.079	39.07
812.387	38.94
812.694	39.19
813.001	38.99
813.309	38.86
813.616	38.79
813.923	38.9
814.23	39.15
814.537	39.74
814.844	39.85
815.151	39.94
815.458	39.87
815.765	39.68
816.072	39.54
816.378	39.46
816.685	39.37
816.992	39.3
817.298	39.13
817.605	38.96
817.911	38.55
818.218	38.43
818.524	38.27
818.83	38.22
819.136	38.29
819.443	38.45
819.749	38.65
820.055	38.8
820.361	38.75
820.667	38.85
820.973	38.97
821.279	39.07
821.584	39.1
821.89	39.23
822.196	39.4
822.501	39.44
822.807	39.45
823.113	39.5
823.418	39.51
823.723	39.63
824.029	39.7
824.334	39.76
824.639	39.82
824.944	39.98
825.25	40.16
825.555	40.27
825.86	40.46
826.165	40.52
826.47	40.5
826.774	40.59
827.079	40.57
827.384	40.56
827.689	40.58
827.993	40.59
828.298	40.62
828.602	40.52
828.907	40.49
829.211	40.44
829.516	40.51
829.82	40.54
830.124	40.63
830.429	40.6
830.733	40.76
831.037	40.7
831.341	40.71
831.645	40.39
831.949	40.38
832.253	40.13
832.556	39.96
832.86	39.87
833.164	39.79
833.467	39.38
833.771	39.18
834.075	39.13
834.378	39.24
834.682	39.41
834.985	39.63
835.288	39.57
835.591	39.64
835.895	39.74
836.198	39.69
836.501	39.77
836.804	40.03
837.107	40.37
837.41	40.36
837.713	40.29
838.016	40.11
838.318	40.09
838.621	39.96
838.924	40
839.226	40
839.529	40.09
839.831	39.77
840.134	39.78
840.436	39.79
840.738	39.81
841.041	39.9
841.343	40.23
841.645	40.15
841.947	40.34
842.249	40.44
842.551	40.45
842.853	40.38
843.155	41.18
843.457	41.22
843.758	41.29
844.06	41.48
844.362	41.53
844.663	41.09
844.965	41.16
845.266	41.07
845.568	41.1
845.869	40.5
846.17	40.73
846.472	39.96
846.773	39.43
847.074	39.01
847.375	38.86
847.676	38.96
847.977	39.12
848.278	38.71
848.579	39.09
848.88	38.92
849.181	39.49
849.481	39.35
849.782	39.35
850.082	39.67
850.383	40.09
850.683	40.14
850.984	39.9
851.284	40.2
851.585	40.49
851.885	40.25
852.185	40.32
852.485	40.55
852.785	40.19
853.085	40.58
853.385	40.61
853.685	40.68
853.985	40.83
854.285	40.42
854.584	40.73
854.884	41.07
855.184	41.09
855.483	41.31
855.783	41.43
856.082	41.96
856.382	42.43
856.681	42.3
856.98	42.32
857.28	42.31
857.579	42.62
857.878	41.83
858.177	41.8
858.476	41.71
858.775	41.38
859.074	40.53
859.373	40.8
859.671	40.63
859.97	40.99
860.269	41.04
860.567	40.77
860.866	41.31
861.165	41.54
861.463	40.83
861.761	40.71
862.06	40.21
862.358	40.97
862.656	41.3
862.954	40.93
863.252	40.99
863.551	40.79
863.849	40.18
864.146	39.39
864.444	39.41
864.742	39.86
865.04	39.69
865.338	39.3
865.635	39.29
865.933	38.64
866.23	38.21
866.528	38.07
866.825	37.55
867.123	37.7
867.42	37.67
867.717	37.28
868.014	36.87
868.312	36.98
868.609	37.29
868.906	37.09
869.203	37.19
869.5	37.64
869.796	37.36
870.093	37.98
870.39	37.47
870.687	38.27
870.983	39.04
871.28	39.27
871.576	39.12
871.873	39.34
872.169	39
872.466	38.53
872.762	38.6
873.058	39.18
873.354	38.63
873.65	39.66
873.947	38.63
874.243	38.34
874.538	38.1
874.834	38.69
875.13	38.23
875.426	38.08
875.722	38.38
876.017	37.79
876.313	37.21
876.608	36.97
876.904	36.54
877.199	37.09
877.495	37.46
877.79	38.08
878.085	37.35
878.381	38.23
878.676	38.63
878.971	38.41
879.266	39
879.561	39.56
879.856	40.55
880.151	40.81
880.445	40.96
880.74	40.93
881.035	40.76
881.329	41.08
881.624	41.04
881.919	41.12
882.213	41.46
