177.169	49.06
177.554	170.13
177.94	5.26
178.326	18.52
178.711	39.19
179.097	34.01
179.482	-67.24
179.868	-134.39
180.253	-258.35
180.639	-15.5
181.024	16.24
181.409	35.3
181.795	170.13
182.18	-184.21
182.565	89.91
182.95	41.82
183.336	39.52
183.721	54.43
184.106	169.45
184.491	-17.51
184.876	15.88
185.261	11.9
185.646	-6.04
186.031	-18.92
186.416	-9.19
186.801	-7.48
187.186	4.85
187.57	5.91
187.955	2.9
188.34	7.28
188.725	1.58
189.11	3.93
189.494	10.82
189.879	17.13
190.263	22.31
190.648	18.74
191.033	18.65
191.417	16.53
191.802	16.49
192.186	17.56
192.57	17.71
192.955	18.97
193.339	15.46
193.723	12.81
194.108	10.84
194.492	5.9
194.876	6.99
195.26	3.91
195.645	5.12
196.029	8
196.413	11.64
196.797	9.3
197.181	9.34
197.565	9.29
197.949	9.62
198.333	16.28
198.717	21.53
199.101	22.77
199.484	22.18
199.868	21.34
200.252	23.84
200.636	20.64
201.019	25.17
201.403	24.44
201.787	22.32
202.17	20.16
202.554	16.22
202.937	9.91
203.321	10.63
203.704	17.34
204.088	19.06
204.471	14.77
204.855	9.68
205.238	9.88
205.621	4.76
206.005	10.66
206.388	9.94
206.771	8.72
207.154	13.45
207.537	12.06
207.921	8.29
208.304	4.86
208.687	4.84
209.07	12.55
209.453	14.27
209.836	18.78
210.219	19.75
210.601	22.9
210.984	24.52
211.367	22.84
211.75	26
212.133	25.79
212.515	24.6
212.898	27.8
213.281	23.81
213.663	20.46
214.046	13.99
214.428	8.76
214.811	6.27
215.193	6.84
215.576	5.67
215.958	10.33
216.341	15.02
216.723	15.99
217.105	17.93
217.488	20.03
217.87	20.19
218.252	23.15
218.634	26.77
219.017	26.84
219.399	25.55
219.781	25.6
220.163	25.12
220.545	17.79
220.927	16.95
221.309	11.12
221.691	12.13
222.073	15.31
222.455	9.42
222.836	6.53
223.218	7.16
223.6	11.17
223.982	12.98
224.363	10.36
224.745	15.16
225.127	17.85
225.508	21.51
225.89	20.44
226.271	22.74
226.653	26.35
227.034	25.75
227.416	28.39
227.797	25.22
228.178	26.13
228.56	22.53
228.941	18.65
229.322	18.19
229.704	19.12
230.085	14.81
230.466	9.85
230.847	6.52
231.228	8.85
231.609	10.41
231.99	7.32
232.371	6.78
232.752	9.96
233.133	9.88
233.514	8.56
233.895	5.47
234.276	5.37
234.657	5.25
235.037	5.71
235.418	5.21
235.799	2.54
236.179	6.15
236.56	3.5
236.941	0.97
237.321	1.86
237.702	1.46
238.082	2.99
238.463	4.52
238.843	5.28
239.223	6.22
239.604	4.72
239.984	4.76
240.364	3.93
240.745	4.3
241.125	4.74
241.505	4.74
241.885	4.71
242.265	4.31
242.645	4.17
243.025	3.92
243.405	3.91
243.785	4.39
244.165	4.61
244.545	4.69
244.925	4.61
245.305	4.45
245.685	4.31
246.065	4.28
246.444	4.35
246.824	4.46
247.204	4.4
247.583	4.35
247.963	4.44
248.343	4.37
248.722	4.47
249.102	4.53
249.481	4.6
249.861	4.93
250.24	5.15
250.619	4.89
250.999	5.07
251.378	5.24
251.757	5.01
252.136	4.93
252.516	4.94
252.895	4.91
253.274	4.87
253.653	4.73
254.032	4.44
254.411	4.25
254.79	4.99
255.169	4.62
255.548	4.59
255.927	4.98
256.306	4.76
256.685	4.72
257.063	4.61
257.442	4.54
257.821	4.47
258.199	4.44
258.578	4.44
258.957	4.28
259.335	4.29
259.714	4.24
260.092	4.2
260.471	4.22
260.849	4.17
261.228	4.07
261.606	4.07
261.984	4.02
262.363	3.99
262.741	3.94
263.119	3.78
263.497	3.89
263.876	4.07
264.254	4.22
264.632	4.15
265.01	4.11
265.388	4.23
265.766	4.3
266.144	4.34
266.522	4.31
266.9	4.3
267.278	4.4
267.655	4.31
268.033	4.18
268.411	3.97
268.789	4.03
269.166	3.98
269.544	3.96
269.922	3.94
270.299	3.89
270.677	3.88
271.054	3.89
271.432	3.91
271.809	3.9
272.186	3.84
272.564	3.88
272.941	3.87
273.318	3.9
273.696	3.89
274.073	3.8
274.45	3.86
274.827	3.82
275.204	3.79
275.582	3.73
275.959	3.74
276.336	3.85
276.713	3.88
277.09	3.9
277.466	3.97
277.843	4.03
278.22	4.04
278.597	4.01
278.974	4.04
279.35	4.07
279.727	4.08
280.104	3.99
280.48	4.05
280.857	3.99
281.234	3.96
281.61	3.79
281.987	3.74
282.363	3.75
282.74	3.69
283.116	3.63
283.492	3.59
283.869	3.62
284.245	3.68
284.621	3.59
284.997	3.59
285.373	3.58
285.75	3.76
286.126	3.77
286.502	3.78
286.878	3.85
287.254	4
287.63	4.05
288.006	4.08
288.382	4.2
288.757	4.25
289.133	4.37
289.509	4.44
289.885	4.4
290.26	4.43
290.636	4.55
291.012	4.58
291.387	4.53
291.763	4.59
292.139	4.66
292.514	4.67
292.889	4.77
293.265	4.84
293.64	4.99
294.016	5.02
294.391	5.11
294.766	5.17
295.142	5.27
295.517	5.35
295.892	5.44
296.267	5.53
296.642	5.59
297.017	5.66
297.392	5.68
297.767	5.68
298.142	5.74
298.517	5.79
298.892	5.78
299.267	5.86
299.642	5.91
300.017	5.97
300.391	6
300.766	6.08
301.141	6.13
301.515	6.17
301.89	6.24
302.265	6.4
302.639	6.46
303.014	6.6
303.388	6.69
303.762	6.79
304.137	6.85
304.511	6.83
304.886	6.75
305.26	6.79
305.634	6.82
306.008	6.86
306.382	6.83
306.757	6.84
307.131	6.81
307.505	6.8
307.879	6.76
308.253	6.76
308.627	6.82
309.001	6.97
309.375	7.01
309.748	7.02
310.122	7.06
310.496	7.09
310.87	7.15
311.243	7.19
311.617	7.18
311.991	7.29
312.364	7.34
312.738	7.38
313.111	7.34
313.485	7.33
313.858	7.42
314.232	7.4
314.605	7.43
314.979	7.44
315.352	7.47
315.725	7.58
316.098	7.56
316.472	7.52
316.845	7.57
317.218	7.62
317.591	7.68
317.964	7.7
318.337	7.7
318.71	7.73
319.083	7.87
319.456	7.89
319.829	7.93
320.202	8.05
320.574	8.19
320.947	8.21
321.32	8.3
321.693	8.43
322.065	8.42
322.438	8.62
322.81	8.62
323.183	8.56
323.555	8.61
323.928	8.58
324.3	8.46
324.673	8.44
325.045	8.49
325.417	8.43
325.79	8.45
326.162	8.46
326.534	8.37
326.906	8.49
327.278	8.51
327.651	8.57
328.023	8.6
328.395	8.7
328.767	8.76
329.139	8.8
329.511	8.88
329.882	8.81
330.254	8.88
330.626	8.88
330.998	8.79
331.37	8.8
331.741	8.79
332.113	8.81
332.485	8.84
332.856	8.86
333.228	8.83
333.599	8.84
333.971	8.88
334.342	8.85
334.714	8.94
335.085	8.96
335.456	8.99
335.828	9.02
336.199	9.01
336.57	8.99
336.941	9.04
337.312	9.03
337.683	9.03
338.054	9.04
338.426	9.04
338.797	9.01
339.167	9.04
339.538	9.01
339.909	8.94
340.28	8.97
340.651	9.03
341.022	9
341.392	9.08
341.763	9.06
342.134	9.05
342.504	9.03
342.875	9.06
343.246	9.06
343.616	9.15
343.987	9.21
344.357	9.25
344.727	9.27
345.098	9.24
345.468	9.17
345.838	9.2
346.209	9.27
346.579	9.28
346.949	9.27
347.319	9.33
347.689	9.29
348.059	9.22
348.429	9.2
348.799	9.16
349.169	9.19
349.539	9.23
349.909	9.24
350.279	9.21
350.649	9.3
351.018	9.28
351.388	9.21
351.758	9.19
352.128	9.23
352.497	9.2
352.867	9.18
353.236	9.21
353.606	9.22
353.975	9.14
354.345	9.18
354.714	9.12
355.083	9.12
355.453	9.12
355.822	9.11
356.191	9.14
356.56	9.17
356.93	9.2
357.299	9.14
357.668	9.14
358.037	9.15
358.406	9.12
358.775	9.11
359.144	9.08
359.513	9.06
359.882	9.06
360.25	9.02
360.619	9.01
360.988	8.99
361.357	9.03
361.725	9.04
362.094	9.05
362.463	9.06
362.831	9.1
363.2	9.07
363.568	9.1
363.937	9.09
364.305	9.09
364.673	9.1
365.042	9.07
365.41	9.04
365.778	9.03
366.146	9.03
366.515	9.01
366.883	8.94
367.251	8.97
367.619	8.96
367.987	8.98
368.355	8.97
368.723	8.95
369.091	8.93
369.459	8.97
369.826	8.97
370.194	8.96
370.562	8.99
370.93	9.01
371.297	9
371.665	9.02
372.033	9.01
372.4	9.05
372.768	9.08
373.135	9.15
373.503	9.1
373.87	9.09
374.237	9.07
374.605	9.09
374.972	9.09
375.339	9.1
375.707	9.09
376.074	9.08
376.441	9.07
376.808	9.05
377.175	9.02
377.542	9.01
377.909	9.03
378.276	9.05
378.643	9.05
379.01	9.04
379.377	9.04
379.744	9.05
380.11	9.06
380.477	9.08
380.844	9.12
381.21	9.11
381.577	9.13
381.944	9.13
382.31	9.11
382.677	9.11
383.043	9.14
383.409	9.16
383.776	9.17
384.142	9.18
384.508	9.16
384.875	9.12
385.241	9.15
385.607	9.16
385.973	9.13
386.339	9.16
386.705	9.16
387.071	9.12
387.437	9.13
387.803	9.12
388.169	9.14
388.535	9.15
388.901	9.19
389.267	9.18
389.633	9.19
389.998	9.21
390.364	9.21
390.73	9.23
391.095	9.28
391.461	9.29
391.826	9.3
392.192	9.29
392.557	9.3
392.923	9.31
393.288	9.31
393.653	9.3
394.019	9.31
394.384	9.31
394.749	9.31
395.114	9.29
395.479	9.28
395.844	9.27
396.21	9.26
396.575	9.26
396.94	9.26
397.304	9.27
397.669	9.3
398.034	9.32
398.399	9.33
398.764	9.34
399.129	9.36
399.493	9.37
399.858	9.39
400.223	9.4
400.587	9.38
400.952	9.37
401.316	9.37
401.681	9.37
402.045	9.33
402.409	9.31
402.774	9.35
403.138	9.34
403.502	9.35
403.867	9.35
404.231	9.36
404.595	9.38
404.959	9.38
405.323	9.4
405.687	9.4
406.051	9.43
406.415	9.45
406.779	9.44
407.143	9.44
407.507	9.44
407.871	9.45
408.234	9.45
408.598	9.46
408.962	9.47
409.325	9.48
409.689	9.5
410.053	9.49
410.416	9.47
410.78	9.46
411.143	9.47
411.506	9.47
411.87	9.49
412.233	9.49
412.596	9.49
412.96	9.49
413.323	9.47
413.686	9.45
414.049	9.43
414.412	9.45
414.775	9.46
415.138	9.46
415.501	9.44
415.864	9.42
416.227	9.4
416.59	9.41
416.953	9.39
417.315	9.39
417.678	9.39
418.041	9.39
418.404	9.37
418.766	9.36
419.129	9.35
419.491	9.36
419.854	9.37
420.216	9.37
420.579	9.37
420.941	9.38
421.303	9.38
421.666	9.38
422.028	9.39
422.39	9.39
422.752	9.4
423.114	9.41
423.476	9.41
423.839	9.41
424.201	9.41
424.563	9.42
424.924	9.42
425.286	9.42
425.648	9.44
426.01	9.46
426.372	9.49
426.733	9.5
427.095	9.53
427.457	9.54
427.818	9.55
428.18	9.55
428.542	9.55
428.903	9.56
429.264	9.56
429.626	9.56
429.987	9.55
430.349	9.54
430.71	9.53
431.071	9.5
431.432	9.49
431.794	9.5
432.155	9.51
432.516	9.51
432.877	9.52
433.238	9.52
433.599	9.52
433.96	9.54
434.321	9.54
434.681	9.55
435.042	9.57
435.403	9.57
435.764	9.57
436.124	9.58
436.485	9.59
436.846	9.59
437.206	9.6
437.567	9.58
437.927	9.55
438.288	9.55
438.648	9.53
439.008	9.53
439.369	9.53
439.729	9.53
440.089	9.52
440.449	9.53
440.81	9.53
441.17	9.54
441.53	9.55
441.89	9.56
442.25	9.57
442.61	9.58
442.97	9.58
443.33	9.57
443.689	9.56
444.049	9.55
444.409	9.53
444.769	9.52
445.128	9.5
445.488	9.51
445.848	9.51
446.207	9.52
446.567	9.52
446.926	9.52
447.285	9.53
447.645	9.54
448.004	9.56
448.363	9.57
448.723	9.6
449.082	9.62
449.441	9.62
449.8	9.61
450.159	9.62
450.518	9.61
450.877	9.62
451.236	9.62
451.595	9.62
451.954	9.62
452.313	9.62
452.672	9.61
453.031	9.59
453.389	9.59
453.748	9.6
454.107	9.59
454.465	9.6
454.824	9.6
455.182	9.58
455.541	9.58
455.899	9.55
456.258	9.55
456.616	9.51
456.974	9.5
457.333	9.48
457.691	9.45
458.049	9.42
458.407	9.42
458.765	9.42
459.123	9.44
459.481	9.45
459.839	9.46
460.197	9.46
460.555	9.48
460.913	9.49
461.271	9.51
461.629	9.54
461.987	9.56
462.344	9.57
462.702	9.57
463.06	9.57
463.417	9.56
463.775	9.56
464.132	9.56
464.49	9.55
464.847	9.54
465.204	9.52
465.562	9.49
465.919	9.5
466.276	9.49
466.633	9.5
466.991	9.5
467.348	9.48
467.705	9.47
468.062	9.47
468.419	9.48
468.776	9.49
469.133	9.48
469.49	9.49
469.846	9.48
470.203	9.49
470.56	9.48
470.917	9.47
471.273	9.47
471.63	9.47
471.986	9.45
472.343	9.45
472.699	9.44
473.056	9.47
473.412	9.47
473.769	9.46
474.125	9.45
474.481	9.44
474.838	9.42
475.194	9.42
475.55	9.41
475.906	9.4
476.262	9.38
476.618	9.37
476.974	9.36
477.33	9.34
477.686	9.34
478.042	9.33
478.398	9.33
478.753	9.32
479.109	9.3
479.465	9.28
479.821	9.26
480.176	9.23
480.532	9.21
480.887	9.17
481.243	9.15
481.598	9.25
481.954	9.49
482.309	9.67
482.664	9.7
483.02	9.61
483.375	9.46
483.73	9.46
484.085	9.46
484.44	9.45
484.795	9.45
485.15	9.44
485.505	9.38
485.86	9.2
486.215	9.02
486.57	8.94
486.925	8.99
487.28	9.13
487.634	9.12
487.989	9.11
488.344	9.1
488.698	9.1
489.053	9.09
489.407	9.07
489.762	9.05
490.116	9.03
490.471	9.01
490.825	9
491.179	8.98
491.534	8.97
491.888	8.97
492.242	8.97
492.596	8.96
492.95	8.97
493.304	8.98
493.658	8.98
494.012	8.97
494.366	8.94
494.72	8.92
495.074	8.89
495.428	8.89
495.782	8.87
496.135	8.85
496.489	8.85
496.843	8.84
497.196	8.84
497.55	8.83
497.903	8.82
498.257	8.82
498.61	8.82
498.963	8.81
499.317	8.8
499.67	8.79
500.023	8.79
500.376	8.77
500.73	8.74
501.083	8.73
501.436	8.72
501.789	8.72
502.142	8.7
502.495	8.69
502.848	8.69
503.201	8.69
503.553	8.68
503.906	8.68
504.259	8.68
504.612	8.69
504.964	8.68
505.317	8.66
505.669	8.65
506.022	8.63
506.374	8.62
506.727	8.59
507.079	8.57
507.432	8.55
507.784	8.52
508.136	8.51
508.488	8.49
508.841	8.48
509.193	8.49
509.545	8.48
509.897	8.48
510.249	8.47
510.601	8.46
510.953	8.46
511.305	8.46
511.656	8.46
512.008	8.45
512.36	8.44
512.712	8.41
513.063	8.39
513.415	8.38
513.766	8.36
514.118	8.35
514.469	8.35
514.821	8.34
515.172	8.31
515.524	8.3
515.875	8.28
516.226	8.26
516.577	8.25
516.929	8.23
517.28	8.22
517.631	8.21
517.982	8.2
518.333	8.19
518.684	8.19
519.035	8.19
519.386	8.19
519.737	8.19
520.087	8.19
520.438	8.18
520.789	8.19
521.139	8.19
521.49	8.19
521.841	8.18
522.191	8.16
522.542	8.13
522.892	8.11
523.243	8.08
523.593	8.06
523.943	8.04
524.293	8.02
524.644	8
524.994	7.99
525.344	7.96
525.694	7.94
526.044	7.92
526.394	7.91
526.744	7.94
527.094	7.98
527.444	7.96
527.794	7.96
528.144	7.96
528.493	7.96
528.843	7.96
529.193	7.96
529.542	7.96
529.892	7.97
530.241	7.97
530.591	7.93
530.94	7.87
531.29	7.86
531.639	7.84
531.988	7.81
532.338	7.81
532.687	7.79
533.036	7.79
533.385	7.78
533.734	7.77
534.083	7.77
534.432	7.76
534.781	7.74
535.13	7.73
535.479	7.71
535.828	7.7
536.177	7.69
536.525	7.68
536.874	7.67
537.223	7.67
537.571	7.65
537.92	7.64
538.268	7.62
538.617	7.61
538.965	7.57
539.314	7.55
539.662	7.54
540.01	7.52
540.359	7.51
540.707	7.49
541.055	7.48
541.403	7.48
541.751	7.47
542.099	7.46
542.447	7.46
542.795	7.47
543.143	7.48
543.491	7.47
543.839	7.46
544.187	7.45
544.534	7.44
544.882	7.42
545.23	7.4
545.577	7.4
545.925	7.39
546.272	7.38
546.62	7.38
546.967	7.37
547.314	7.35
547.662	7.35
548.009	7.35
548.356	7.34
548.704	7.34
549.051	7.34
549.398	7.34
549.745	7.34
550.092	7.32
550.439	7.31
550.786	7.29
551.133	7.28
551.479	7.26
551.826	7.24
552.173	7.23
552.52	7.24
552.866	7.23
553.213	7.21
553.56	7.2
553.906	7.19
554.253	7.19
554.599	7.18
554.945	7.16
555.292	7.15
555.638	7.15
555.984	7.15
556.331	7.13
556.677	7.13
557.023	7.12
557.369	7.12
557.715	7.11
558.061	7.11
558.407	7.11
558.753	7.11
559.099	7.1
559.444	7.09
559.79	7.07
560.136	7.05
560.482	7.03
560.827	7.03
561.173	7
561.518	6.99
561.864	6.97
562.209	6.96
562.555	6.93
562.9	6.93
563.245	6.92
563.591	6.92
563.936	6.92
564.281	6.9
564.626	6.88
564.971	6.87
565.316	6.88
565.661	6.88
566.006	6.87
566.351	6.87
566.696	6.86
567.041	6.86
567.386	6.85
567.73	6.85
568.075	6.85
568.42	6.85
568.764	6.84
569.109	6.81
569.453	6.78
569.798	6.75
570.142	6.75
570.487	6.73
570.831	6.71
571.175	6.7
571.519	6.67
571.864	6.65
572.208	6.66
572.552	6.66
572.896	6.66
573.24	6.66
573.584	6.67
573.928	6.66
574.272	6.66
574.616	6.66
574.959	6.66
575.303	6.66
575.647	6.67
575.99	6.65
576.334	6.64
576.678	6.64
577.021	6.63
577.364	6.61
577.708	6.62
578.051	6.6
578.395	6.58
578.738	6.55
579.081	6.56
579.424	6.56
579.767	6.55
580.111	6.54
580.454	6.54
580.797	6.52
581.14	6.54
581.482	6.52
581.825	6.53
582.168	6.53
582.511	6.53
582.854	6.5
583.196	6.5
583.539	6.48
583.882	6.49
584.224	6.48
584.567	6.49
584.909	6.47
585.252	6.47
585.594	6.46
585.936	6.45
586.279	6.44
586.621	6.45
586.963	6.44
587.305	6.45
587.647	6.43
587.989	6.42
588.331	6.4
588.673	6.4
589.015	6.39
589.357	6.39
589.699	6.38
590.041	6.39
590.382	6.37
590.724	6.36
591.066	6.35
591.407	6.33
591.749	6.31
592.09	6.3
592.432	6.3
592.773	6.28
593.114	6.27
593.456	6.26
593.797	6.26
594.138	6.25
594.479	6.25
594.821	6.24
595.162	6.24
595.503	6.24
595.844	6.24
596.185	6.23
596.525	6.23
596.866	6.23
597.207	6.23
597.548	6.22
597.889	6.23
598.229	6.21
598.57	6.21
598.91	6.21
599.251	6.21
599.592	6.22
599.932	6.21
600.272	6.22
600.613	6.22
600.953	6.22
601.293	6.22
601.633	6.2
601.974	6.21
602.314	6.22
602.654	6.21
602.994	6.2
603.334	6.17
603.674	6.17
604.014	6.16
604.353	6.15
604.693	6.15
605.033	6.14
605.373	6.14
605.712	6.13
606.052	6.12
606.391	6.13
606.731	6.13
607.07	6.13
607.41	6.1
607.749	6.1
608.088	6.11
608.428	6.11
608.767	6.12
609.106	6.12
609.445	6.12
609.784	6.12
610.123	6.1
610.462	6.12
610.801	6.14
611.14	6.15
611.479	6.16
611.818	6.18
612.157	6.16
612.495	6.14
612.834	6.16
613.173	6.15
613.511	6.15
613.85	6.15
614.188	6.15
614.527	6.12
614.865	6.13
615.203	6.11
615.542	6.11
615.88	6.14
616.218	6.14
616.556	6.11
616.894	6.11
617.233	6.09
617.571	6.08
617.908	6.06
618.246	6.06
618.584	6.04
618.922	6.05
619.26	6.05
619.598	6.02
619.935	6
620.273	6.01
620.611	6.02
620.948	6.01
621.286	6.01
621.623	6.03
621.96	6.03
622.298	6.04
622.635	6.05
622.972	6.05
623.31	6.05
623.647	6.06
623.984	6.05
624.321	6.04
624.658	6.04
624.995	6.03
625.332	6
625.669	5.99
626.006	6
626.342	5.98
626.679	5.95
627.016	5.94
627.352	5.94
627.689	5.94
628.026	5.93
628.362	5.96
628.699	5.96
629.035	5.96
629.371	5.96
629.708	5.94
630.044	5.96
630.38	5.97
630.716	5.98
631.052	5.98
631.388	5.98
631.725	5.98
632.06	5.94
632.396	5.92
632.732	5.93
633.068	5.96
633.404	5.95
633.74	5.91
634.075	5.9
634.411	5.89
634.747	5.88
635.082	5.87
635.418	5.86
635.753	5.88
636.089	5.89
636.424	5.89
636.759	5.86
637.095	5.87
637.43	5.88
637.765	5.87
638.1	5.87
638.435	5.85
638.77	5.87
639.105	5.88
639.44	5.89
639.775	5.89
640.11	5.9
640.445	5.91
640.779	5.92
641.114	5.91
641.449	5.91
641.783	5.9
642.118	5.95
642.452	5.93
642.787	5.93
643.121	5.93
643.456	5.93
643.79	5.9
644.124	5.88
644.458	5.85
644.793	5.85
645.127	5.86
645.461	5.87
645.795	5.87
646.129	5.85
646.463	5.85
646.797	5.83
647.13	5.81
647.464	5.82
647.798	5.83
648.132	5.84
648.465	5.83
648.799	5.84
649.132	5.83
649.466	5.79
649.799	5.78
650.133	5.78
650.466	5.79
650.799	5.79
651.133	5.77
651.466	5.78
651.799	5.75
652.132	5.76
652.465	5.76
652.798	5.81
653.131	5.86
653.464	5.88
653.797	5.88
654.13	5.87
654.463	5.87
654.795	5.89
655.128	5.89
655.461	5.91
655.793	5.9
656.126	5.88
656.458	5.87
656.791	5.81
657.123	5.76
657.455	5.78
657.788	5.78
658.12	5.78
658.452	5.82
658.784	5.81
659.116	5.8
659.448	5.8
659.78	5.83
660.112	5.81
660.444	5.83
660.776	5.88
661.108	5.87
661.44	5.89
661.771	5.88
662.103	5.85
662.435	5.84
662.766	5.89
663.098	5.92
663.429	5.87
663.761	5.86
664.092	5.87
664.423	5.87
664.755	5.9
665.086	5.87
665.417	5.91
665.748	5.91
666.079	5.98
666.41	5.98
666.741	5.95
667.072	5.97
667.403	5.98
667.734	5.97
668.065	5.92
668.395	5.9
668.726	5.89
669.057	5.86
669.387	5.88
669.718	5.8
670.048	5.77
670.379	5.77
670.709	5.79
671.039	5.77
671.37	5.78
671.7	5.79
672.03	5.82
672.36	5.86
672.69	5.91
673.02	5.88
673.35	5.87
673.68	5.9
674.01	5.87
674.34	5.87
674.67	5.89
675	5.86
675.329	5.85
675.659	5.84
675.989	5.79
676.318	5.78
676.648	5.79
676.977	5.83
677.307	5.81
677.636	5.85
677.965	5.83
678.295	5.82
678.624	5.83
678.953	5.87
679.282	5.85
679.611	5.87
679.94	5.87
680.269	5.88
680.598	5.87
680.927	5.86
681.256	5.84
681.584	5.84
681.913	5.88
682.242	5.89
682.57	5.87
682.899	5.87
683.228	5.87
683.556	5.84
683.884	5.87
684.213	5.9
684.541	5.9
684.869	5.91
685.198	5.93
685.526	5.87
685.854	5.87
686.182	5.9
686.51	5.9
686.838	5.91
687.166	5.93
687.494	5.89
687.822	5.85
688.149	5.88
688.477	5.87
688.805	5.87
689.133	5.93
689.46	5.92
689.788	5.9
690.115	5.97
690.443	6.01
690.77	6.04
691.097	6.07
691.425	6.12
691.752	6.12
692.079	6.16
692.406	6.13
692.733	6.12
693.06	6.14
693.387	6.13
693.714	6.03
694.041	5.96
694.368	5.88
694.695	5.89
695.021	5.86
695.348	5.86
695.675	5.87
696.001	5.86
696.328	5.83
696.654	5.86
696.981	5.86
697.307	5.89
697.634	5.92
697.96	5.98
698.286	5.95
698.612	5.93
698.938	5.96
699.264	5.96
699.591	6.03
699.917	6.04
700.242	6.04
700.568	6.05
700.894	6.04
701.22	6.06
701.546	6.08
701.871	6.09
702.197	6.14
702.523	6.13
702.848	6.12
703.174	6.06
703.499	6.05
703.824	6.08
704.15	6.09
704.475	6.12
704.8	6.11
705.125	6.11
705.451	6.1
705.776	6.12
706.101	6.14
706.426	6.17
706.751	6.18
707.076	6.17
707.4	6.13
707.725	6.12
708.05	6.12
708.375	6.1
708.699	6.1
709.024	6.12
709.348	6.12
709.673	6.08
709.997	6.02
710.322	6.02
710.646	6.07
710.97	6.09
711.294	6.16
711.619	6.18
711.943	6.18
712.267	6.17
712.591	6.14
712.915	6.11
713.239	6.15
713.563	6.17
713.886	6.16
714.21	6.18
714.534	6.13
714.858	6.1
715.181	6.1
715.505	6.1
715.828	6.11
716.152	6.13
716.475	6.15
716.799	6.14
717.122	6.11
717.445	6.17
717.768	6.14
718.092	6.13
718.415	6.11
718.738	6.14
719.061	6.13
719.384	6.12
719.707	6.15
720.03	6.11
720.352	6.1
720.675	6.12
720.998	6.05
721.32	6
721.643	6.07
721.966	6.1
722.288	6.11
722.611	6.12
722.933	6.1
723.255	6.04
723.578	6.06
723.9	5.96
724.222	6
724.544	6.01
724.866	6.08
725.188	6.02
725.51	6.07
725.832	6.03
726.154	6.06
726.476	6.01
726.798	6.05
727.12	6.09
727.441	6.25
727.763	6.24
728.085	6.24
728.406	6.23
728.728	6.26
729.049	6.2
729.37	6.2
729.692	6.18
730.013	6.24
730.334	6.26
730.655	6.23
730.977	6.17
731.298	6.14
731.619	6.16
731.94	6.19
732.261	6.22
732.581	6.23
732.902	6.29
733.223	6.32
733.544	6.32
733.864	6.31
734.185	6.33
734.506	6.38
734.826	6.45
735.146	6.49
735.467	6.49
735.787	6.44
736.108	6.43
736.428	6.35
736.748	6.39
737.068	6.37
737.388	6.39
737.708	6.4
738.028	6.39
738.348	6.4
738.668	6.32
738.988	6.29
739.308	6.36
739.628	6.37
739.947	6.42
740.267	6.41
740.586	6.5
740.906	6.44
741.225	6.47
741.545	6.47
741.864	6.39
742.184	6.43
742.503	6.4
742.822	6.36
743.141	6.37
743.46	6.41
743.779	6.43
744.098	6.31
744.417	6.4
744.736	6.4
745.055	6.41
745.374	6.52
745.693	6.46
746.011	6.53
746.33	6.54
746.649	6.51
746.967	6.42
747.286	6.43
747.604	6.54
747.923	6.56
748.241	6.58
748.559	6.58
748.877	6.55
749.196	6.66
749.514	6.63
749.832	6.59
750.15	6.63
750.468	6.63
750.786	6.57
751.104	6.55
751.422	6.53
751.739	6.49
752.057	6.48
752.375	6.52
752.692	6.52
753.01	6.53
753.327	6.62
753.645	6.52
753.962	6.61
754.28	6.65
754.597	6.63
754.914	6.66
755.231	6.67
755.548	6.66
755.866	6.57
756.183	6.53
756.5	6.6
756.816	6.55
757.133	6.6
757.45	6.56
757.767	6.42
758.084	6.4
758.4	6.3
758.717	6.29
759.034	6.4
759.35	6.46
759.667	6.45
759.983	6.41
760.299	6.45
760.616	6.57
760.932	6.67
761.248	6.9
761.564	7.01
761.88	7.04
762.196	6.93
762.512	6.82
762.828	6.79
763.144	6.79
763.46	6.77
763.776	6.77
764.092	6.75
764.407	6.68
764.723	6.58
765.038	6.5
765.354	6.58
765.669	6.65
765.985	6.69
766.3	6.69
766.616	6.7
766.931	6.75
767.246	6.79
767.561	6.77
767.876	6.72
768.191	6.78
768.506	6.76
768.821	6.56
769.136	6.57
769.451	6.53
769.766	6.54
770.08	6.52
770.395	6.46
770.71	6.49
771.024	6.55
771.339	6.59
771.653	6.53
771.968	6.57
772.282	6.78
772.596	6.88
772.911	6.88
773.225	6.99
773.539	7
773.853	7.13
774.167	7.22
774.481	7.26
774.795	7.32
775.109	7.5
775.423	7.59
775.737	7.68
776.05	7.56
776.364	7.74
776.678	7.73
776.991	7.8
777.305	7.7
777.618	7.54
777.931	7.51
778.245	7.48
778.558	7.44
778.871	7.45
779.185	7.36
779.498	7.53
779.811	7.44
780.124	7.47
780.437	7.44
780.75	7.41
781.063	7.42
781.375	7.49
781.688	7.64
782.001	7.59
782.314	7.52
782.626	7.41
782.939	7.4
783.251	7.36
783.564	7.3
783.876	7.46
784.188	7.45
784.501	7.45
784.813	7.38
785.125	7.13
785.437	7.04
785.749	6.97
786.061	7.03
786.373	6.93
786.685	7.18
786.997	6.97
787.309	6.86
787.621	6.88
787.932	6.87
788.244	6.94
788.556	7.07
788.867	7.12
789.179	7.16
789.49	7.15
789.801	7.16
790.113	7.06
790.424	7.36
790.735	7.28
791.046	7.31
791.358	7.31
791.669	7.19
791.98	7.3
792.291	7.38
792.601	7.32
792.912	7.29
793.223	7.43
793.534	7.4
793.845	7.2
794.155	7.41
794.466	7.51
794.776	7.5
795.087	7.53
795.397	7.38
795.707	7.45
796.018	7.55
796.328	7.56
796.638	7.55
796.948	7.53
797.258	7.83
797.569	7.79
797.879	7.75
798.188	7.93
798.498	7.88
798.808	8.05
799.118	7.97
799.428	8.11
799.737	8.18
800.047	8.2
800.356	8.06
800.666	7.79
800.975	7.59
801.285	7.53
801.594	7.44
801.903	7.66
802.213	7.69
802.522	7.66
802.831	7.64
803.14	7.78
803.449	7.67
803.758	7.82
804.067	7.92
804.376	8.08
804.684	8.1
804.993	7.96
805.302	7.77
805.611	7.45
805.919	7.48
806.228	7.31
806.536	7.17
806.845	7.12
807.153	7.1
807.461	7
807.769	7.12
808.078	7.2
808.386	7.19
808.694	7.26
809.002	7.45
809.31	7.53
809.618	7.71
809.926	7.85
810.233	7.94
810.541	7.98
810.849	8.08
811.157	7.93
811.464	7.84
811.772	7.86
812.079	7.74
812.387	7.7
812.694	7.48
813.001	7.36
813.309	7.32
813.616	7.26
813.923	7.4
814.23	7.43
814.537	7.54
814.844	7.73
815.151	7.65
815.458	7.74
815.765	7.97
816.072	8.24
816.378	8.2
816.685	8.1
816.992	8.13
817.298	7.97
817.605	8.08
817.911	8
818.218	7.9
818.524	8.17
818.83	8.22
819.136	8.2
819.443	7.89
819.749	7.98
820.055	8.04
820.361	7.86
820.667	7.8
820.973	7.59
821.279	7.54
821.584	7.55
821.89	7.52
822.196	7.53
822.501	7.46
822.807	7.55
823.113	7.53
823.418	7.56
823.723	7.62
824.029	7.64
824.334	7.69
824.639	7.72
824.944	7.76
825.25	7.77
825.555	7.84
825.86	7.87
826.165	7.83
826.47	7.85
826.774	7.82
827.079	7.85
827.384	7.83
827.689	7.82
827.993	7.9
828.298	7.95
828.602	8.03
828.907	7.98
829.211	8.08
829.516	8.18
829.82	8.19
830.124	8.2
830.429	8.24
830.733	8.35
831.037	8.53
831.341	8.38
831.645	8.34
831.949	8.31
832.253	8.36
832.556	8.2
832.86	8.21
833.164	8.31
833.467	8.4
833.771	8.27
834.075	8.27
834.378	8.15
834.682	8.27
834.985	8.17
835.288	8.21
835.591	8.24
835.895	8.35
836.198	8.23
836.501	8.36
836.804	8.25
837.107	8.37
837.41	8.46
837.713	8.64
838.016	8.61
838.318	8.83
838.621	8.88
838.924	8.91
839.226	8.98
839.529	9.25
839.831	9.28
840.134	9.58
840.436	9.43
840.738	9.2
841.041	9.19
841.343	9.25
841.645	9.19
841.947	9.25
842.249	9.05
842.551	9.16
842.853	9.12
843.155	8.91
843.457	8.96
843.758	9.15
844.06	9.6
844.362	9.32
844.663	9.36
844.965	9.18
845.266	9.16
845.568	9.3
845.869	9.55
846.17	9.64
846.472	9.89
846.773	9.28
847.074	9.27
847.375	8.77
847.676	9.29
847.977	9.24
848.278	9.04
848.579	8.77
848.88	9.07
849.181	8.75
849.481	8.54
849.782	8.6
850.082	9.44
850.383	9.51
850.683	10.05
850.984	9.93
851.284	9.66
851.585	9.63
851.885	8.92
852.185	9.27
852.485	9.33
852.785	9.33
853.085	9.47
853.385	9.23
853.685	9.12
853.985	9.1
854.285	8.79
854.584	9.32
854.884	9.95
855.184	10.7
855.483	10.5
855.783	9.85
856.082	9.69
856.382	9.39
856.681	9.39
856.98	9.02
857.28	8.63
857.579	8.7
857.878	7.61
858.177	7.51
858.476	7.47
858.775	6.96
859.074	7.16
859.373	7.28
859.671	6.99
859.97	6.32
860.269	6.81
860.567	6.75
860.866	6.1
861.165	6.92
861.463	7.17
861.761	7.39
862.06	7.99
862.358	8.41
862.656	8.43
862.954	8.79
863.252	9.36
863.551	8.99
863.849	8.98
864.146	9.25
864.444	9.59
864.742	9.28
865.04	9.27
865.338	8.95
865.635	8.68
865.933	8.95
866.23	8.74
866.528	8.91
866.825	9.22
867.123	9.22
867.42	9.26
867.717	8.76
868.014	8.91
868.312	8.75
868.609	8.35
868.906	8.75
869.203	8.69
869.5	9
869.796	8.96
870.093	8.53
870.39	8.82
870.687	9.7
870.983	9.88
871.28	9.7
871.576	9.28
871.873	9.36
872.169	9.75
872.466	10.02
872.762	9.64
873.058	10.23
873.354	10.3
873.65	10.55
873.947	10.36
874.243	11.08
874.538	11.55
874.834	12.27
875.13	12.72
875.426	12.3
875.722	12.17
876.017	12.94
876.313	12.51
876.608	12.88
876.904	12.85
877.199	13.09
877.495	12.85
877.79	12.57
878.085	12.27
878.381	12.19
878.676	12.08
878.971	11.96
879.266	11.37
879.561	11.28
879.856	11.04
880.151	11.05
880.445	10.32
880.74	10.06
881.035	10.02
881.329	10.08
881.624	10.03
881.919	9.99
882.213	9.91
