177.169	324.49
177.554	372.48
177.94	597.74
178.326	2933.33
178.711	-3750
179.097	-457.89
179.482	694.96
179.868	-736.05
180.253	-1539.13
180.639	-91.3
181.024	445.16
181.409	176.05
181.795	372.48
182.18	308.68
182.565	448.79
182.95	861.04
183.336	-659.21
183.721	331.52
184.106	137.23
184.491	173.1
184.876	91.8
185.261	91.36
185.646	67.58
186.031	50.95
186.416	32.08
186.801	24.34
187.186	35.43
187.57	42.24
187.955	49.84
188.34	41.15
188.725	37.27
189.11	36.66
189.494	37.22
189.879	35.76
190.263	32.62
190.648	45.44
191.033	44.38
191.417	37.21
191.802	27.91
192.186	22.59
192.57	23.43
192.955	20.78
193.339	17.73
193.723	15.91
194.108	19.71
194.492	24.77
194.876	17.71
195.26	19.72
195.645	16.65
196.029	13.3
196.413	14.97
196.797	25.8
197.181	26.06
197.565	24.52
197.949	23.76
198.333	20.48
198.717	16.54
199.101	21.37
199.484	24.43
199.868	26.75
200.252	32.61
200.636	29.54
201.019	22.13
201.403	24.16
201.787	30.95
202.17	32.72
202.554	33.04
202.937	33.3
203.321	32.06
203.704	26.75
204.088	24.28
204.471	22.59
204.855	28.37
205.238	28
205.621	24.04
206.005	19.52
206.388	21.09
206.771	22.52
207.154	22.38
207.537	24.06
207.921	28.7
208.304	32.53
208.687	30.84
209.07	31.36
209.453	24.59
209.836	28.33
210.219	27.74
210.601	23.42
210.984	23.63
211.367	25.62
211.75	22.22
212.133	19.5
212.515	20.94
212.898	21.6
213.281	15.1
213.663	25.05
214.046	18.19
214.428	21.3
214.811	28.88
215.193	25.12
215.576	22.64
215.958	26.02
216.341	23.74
216.723	27.69
217.105	29.07
217.488	33.26
217.87	30.75
218.252	34.96
218.634	35.21
219.017	31.61
219.399	36.59
219.781	38.16
220.163	34.06
220.545	31.21
220.927	28.17
221.309	26.87
221.691	24.9
222.073	27.99
222.455	27.89
222.836	29.01
223.218	24.47
223.6	20.31
223.982	18.88
224.363	21.29
224.745	28.06
225.127	24.73
225.508	28.26
225.89	28.85
226.271	23.35
226.653	21.95
227.034	21.93
227.416	24.65
227.797	25.85
228.178	26.11
228.56	22.41
228.941	19.6
229.322	16.24
229.704	6.9
230.085	6.28
230.466	9.08
230.847	13.27
231.228	11.01
231.609	5.09
231.99	2.71
232.371	1.53
232.752	3.03
233.133	1.79
233.514	5.99
233.895	10.63
234.276	9.2
234.657	7.74
235.037	5.66
235.418	7.35
235.799	11.19
236.179	11.41
236.56	12.11
236.941	10.12
237.321	10.91
237.702	9
238.082	6.31
238.463	6.36
238.843	5.11
239.223	3.17
239.604	0.2
239.984	-0.43
240.364	0.38
240.745	0.6
241.125	1.32
241.505	1.73
241.885	1.74
242.265	2.49
242.645	2.36
243.025	2.99
243.405	3.36
243.785	3.15
244.165	3.22
244.545	3.01
244.925	2.78
245.305	2.59
245.685	2.21
246.065	2.12
246.444	1.85
246.824	1.73
247.204	1.75
247.583	1.8
247.963	2.07
248.343	2.01
248.722	1.82
249.102	1.84
249.481	1.8
249.861	1.76
250.24	1.89
250.619	1.99
250.999	2.3
251.378	2.08
251.757	1.87
252.136	1.76
252.516	1.95
252.895	2.18
253.274	2.18
253.653	2.12
254.032	2.32
254.411	2.51
254.79	2.32
255.169	2.27
255.548	2.37
255.927	2.4
256.306	2.39
256.685	2.19
257.063	1.71
257.442	1.52
257.821	1.59
258.199	1.36
258.578	1.24
258.957	1.29
259.335	1.3
259.714	1.26
260.092	1.28
260.471	1.26
260.849	1.37
261.228	1.52
261.606	1.7
261.984	1.76
262.363	2.04
262.741	2.36
263.119	2.55
263.497	2.33
263.876	2.19
264.254	2.18
264.632	2.06
265.01	1.68
265.388	1.52
265.766	1.32
266.144	1.25
266.522	1.39
266.9	1.3
267.278	1.24
267.655	1.35
268.033	1.33
268.411	1.26
268.789	1.34
269.166	1.47
269.544	1.46
269.922	1.39
270.299	1.29
270.677	1.06
271.054	1.08
271.432	1.05
271.809	1.07
272.186	1.1
272.564	1.15
272.941	1.06
273.318	1.04
273.696	1.16
274.073	1.29
274.45	1.31
274.827	1.38
275.204	1.29
275.582	1.33
275.959	1.32
276.336	1.45
276.713	1.41
277.09	1.59
277.466	1.52
277.843	1.47
278.22	1.44
278.597	1.46
278.974	1.43
279.35	1.44
279.727	1.4
280.104	1.37
280.48	1.32
280.857	1.35
281.234	1.34
281.61	1.4
281.987	1.38
282.363	1.3
282.74	1.22
283.116	1.29
283.492	1.39
283.869	1.46
284.245	1.48
284.621	1.47
284.997	1.43
285.373	1.4
285.75	1.38
286.126	1.43
286.502	1.46
286.878	1.6
287.254	1.56
287.63	1.56
288.006	1.59
288.382	1.62
288.757	1.58
289.133	1.62
289.509	1.67
289.885	1.67
290.26	1.64
290.636	1.68
291.012	1.7
291.387	1.78
291.763	1.75
292.139	1.7
292.514	1.68
292.889	1.77
293.265	1.82
293.64	1.85
294.016	1.91
294.391	1.94
294.766	1.94
295.142	1.88
295.517	1.81
295.892	1.83
296.267	1.88
296.642	1.94
297.017	1.98
297.392	2.01
297.767	2.05
298.142	2.04
298.517	2.07
298.892	2.08
299.267	2.2
299.642	2.3
300.017	2.34
300.391	2.34
300.766	2.38
301.141	2.38
301.515	2.36
301.89	2.32
302.265	2.4
302.639	2.39
303.014	2.41
303.388	2.43
303.762	2.44
304.137	2.52
304.511	2.61
304.886	2.5
305.26	2.43
305.634	2.47
306.008	2.54
306.382	2.65
306.757	2.69
307.131	2.7
307.505	2.67
307.879	2.69
308.253	2.74
308.627	2.7
309.001	2.78
309.375	2.82
309.748	2.84
310.122	2.87
310.496	2.82
310.87	2.88
311.243	2.9
311.617	2.93
311.991	3.03
312.364	3.03
312.738	3.1
313.111	3.14
313.485	3.26
313.858	3.33
314.232	3.37
314.605	3.3
314.979	3.33
315.352	3.42
315.725	3.47
316.098	3.38
316.472	3.46
316.845	3.47
317.218	3.51
317.591	3.6
317.964	3.72
318.337	3.78
318.71	3.97
319.083	4.05
319.456	4.04
319.829	4.07
320.202	4.15
320.574	4.14
320.947	4.14
321.32	4.26
321.693	4.24
322.065	4.17
322.438	4.23
322.81	4.22
323.183	4.17
323.555	4.19
323.928	4.16
324.3	4.19
324.673	4.19
325.045	4.24
325.417	4.21
325.79	4.17
326.162	4.2
326.534	4.17
326.906	4.18
327.278	4.21
327.651	4.23
328.023	4.25
328.395	4.28
328.767	4.33
329.139	4.37
329.511	4.37
329.882	4.47
330.254	4.51
330.626	4.47
330.998	4.44
331.37	4.44
331.741	4.48
332.113	4.54
332.485	4.51
332.856	4.62
333.228	4.68
333.599	4.71
333.971	4.68
334.342	4.72
334.714	4.81
335.085	4.95
335.456	5
335.828	5.04
336.199	5.09
336.57	5.1
336.941	4.97
337.312	4.96
337.683	5.03
338.054	5.12
338.426	5.07
338.797	5.06
339.167	5.01
339.538	4.96
339.909	5
340.28	5.04
340.651	5.06
341.022	5.14
341.392	5.13
341.763	5.12
342.134	5.1
342.504	5.17
342.875	5.21
343.246	5.24
343.616	5.31
343.987	5.28
344.357	5.27
344.727	5.35
345.098	5.4
345.468	5.41
345.838	5.47
346.209	5.46
346.579	5.49
346.949	5.53
347.319	5.56
347.689	5.55
348.059	5.63
348.429	5.61
348.799	5.62
349.169	5.59
349.539	5.66
349.909	5.62
350.279	5.69
350.649	5.64
351.018	5.6
351.388	5.6
351.758	5.67
352.128	5.64
352.497	5.68
352.867	5.67
353.236	5.7
353.606	5.69
353.975	5.72
354.345	5.73
354.714	5.77
355.083	5.81
355.453	5.79
355.822	5.71
356.191	5.73
356.56	5.75
356.93	5.77
357.299	5.78
357.668	5.73
358.037	5.69
358.406	5.69
358.775	5.68
359.144	5.69
359.513	5.69
359.882	5.73
360.25	5.75
360.619	5.77
360.988	5.78
361.357	5.79
361.725	5.87
362.094	5.96
362.463	5.96
362.831	6
363.2	6
363.568	6.09
363.937	6.14
364.305	6.16
364.673	6.16
365.042	6.23
365.41	6.22
365.778	6.19
366.146	6.18
366.515	6.19
366.883	6.21
367.251	6.24
367.619	6.19
367.987	6.2
368.355	6.22
368.723	6.21
369.091	6.2
369.459	6.25
369.826	6.21
370.194	6.2
370.562	6.22
370.93	6.21
371.297	6.22
371.665	6.26
372.033	6.27
372.4	6.23
372.768	6.25
373.135	6.25
373.503	6.26
373.87	6.3
374.237	6.32
374.605	6.34
374.972	6.36
375.339	6.34
375.707	6.35
376.074	6.33
376.441	6.36
376.808	6.38
377.175	6.4
377.542	6.39
377.909	6.42
378.276	6.39
378.643	6.4
379.01	6.4
379.377	6.43
379.744	6.43
380.11	6.46
380.477	6.47
380.844	6.48
381.21	6.46
381.577	6.47
381.944	6.48
382.31	6.51
382.677	6.51
383.043	6.53
383.409	6.53
383.776	6.54
384.142	6.54
384.508	6.53
384.875	6.53
385.241	6.54
385.607	6.52
385.973	6.5
386.339	6.51
386.705	6.52
387.071	6.52
387.437	6.53
387.803	6.52
388.169	6.52
388.535	6.53
388.901	6.52
389.267	6.5
389.633	6.49
389.998	6.53
390.364	6.49
390.73	6.48
391.095	6.49
391.461	6.47
391.826	6.48
392.192	6.48
392.557	6.48
392.923	6.51
393.288	6.55
393.653	6.59
394.019	6.56
394.384	6.57
394.749	6.59
395.114	6.6
395.479	6.63
395.844	6.64
396.21	6.66
396.575	6.69
396.94	6.68
397.304	6.68
397.669	6.67
398.034	6.68
398.399	6.72
398.764	6.72
399.129	6.74
399.493	6.74
399.858	6.73
400.223	6.73
400.587	6.72
400.952	6.73
401.316	6.75
401.681	6.75
402.045	6.76
402.409	6.74
402.774	6.72
403.138	6.7
403.502	6.71
403.867	6.7
404.231	6.7
404.595	6.71
404.959	6.71
405.323	6.71
405.687	6.71
406.051	6.72
406.415	6.72
406.779	6.73
407.143	6.74
407.507	6.75
407.871	6.78
408.234	6.79
408.598	6.77
408.962	6.79
409.325	6.8
409.689	6.81
410.053	6.82
410.416	6.86
410.78	6.9
411.143	6.9
411.506	6.9
411.87	6.89
412.233	6.89
412.596	6.93
412.96	6.94
413.323	6.91
413.686	6.92
414.049	6.93
414.412	6.89
414.775	6.85
415.138	6.84
415.501	6.84
415.864	6.82
416.227	6.79
416.59	6.77
416.953	6.74
417.315	6.74
417.678	6.71
418.041	6.71
418.404	6.69
418.766	6.68
419.129	6.66
419.491	6.65
419.854	6.65
420.216	6.66
420.579	6.67
420.941	6.68
421.303	6.67
421.666	6.67
422.028	6.66
422.39	6.68
422.752	6.68
423.114	6.69
423.476	6.71
423.839	6.71
424.201	6.72
424.563	6.72
424.924	6.73
425.286	6.73
425.648	6.75
426.01	6.79
426.372	6.81
426.733	6.84
427.095	6.85
427.457	6.87
427.818	6.88
428.18	6.89
428.542	6.91
428.903	6.92
429.264	6.94
429.626	6.93
429.987	6.91
430.349	6.9
430.71	6.87
431.071	6.86
431.432	6.84
431.794	6.83
432.155	6.82
432.516	6.82
432.877	6.82
433.238	6.82
433.599	6.82
433.96	6.83
434.321	6.84
434.681	6.87
435.042	6.9
435.403	6.91
435.764	6.91
436.124	6.92
436.485	6.92
436.846	6.92
437.206	6.91
437.567	6.89
437.927	6.88
438.288	6.86
438.648	6.84
439.008	6.83
439.369	6.83
439.729	6.83
440.089	6.84
440.449	6.85
440.81	6.85
441.17	6.86
441.53	6.87
441.89	6.87
442.25	6.89
442.61	6.9
442.97	6.89
443.33	6.87
443.689	6.84
444.049	6.83
444.409	6.8
444.769	6.78
445.128	6.77
445.488	6.77
445.848	6.77
446.207	6.77
446.567	6.78
446.926	6.8
447.285	6.82
447.645	6.85
448.004	6.88
448.363	6.9
448.723	6.92
449.082	6.95
449.441	6.96
449.8	6.98
450.159	6.99
450.518	6.98
450.877	6.98
451.236	6.98
451.595	6.98
451.954	6.97
452.313	6.96
452.672	6.96
453.031	6.95
453.389	6.95
453.748	6.95
454.107	6.93
454.465	6.94
454.824	6.94
455.182	6.95
455.541	6.96
455.899	6.95
456.258	6.93
456.616	6.93
456.974	6.9
457.333	6.88
457.691	6.85
458.049	6.85
458.407	6.85
458.765	6.86
459.123	6.86
459.481	6.86
459.839	6.87
460.197	6.9
460.555	6.91
460.913	6.94
461.271	6.99
461.629	7.02
461.987	7.04
462.344	7.06
462.702	7.06
463.06	7.07
463.417	7.08
463.775	7.08
464.132	7.08
464.49	7.08
464.847	7.08
465.204	7.07
465.562	7.07
465.919	7.08
466.276	7.07
466.633	7.09
466.991	7.09
467.348	7.08
467.705	7.08
468.062	7.06
468.419	7.06
468.776	7.06
469.133	7.06
469.49	7.07
469.846	7.06
470.203	7.08
470.56	7.09
470.917	7.09
471.273	7.1
471.63	7.11
471.986	7.14
472.343	7.15
472.699	7.15
473.056	7.16
473.412	7.18
473.769	7.17
474.125	7.16
474.481	7.14
474.838	7.13
475.194	7.11
475.55	7.1
475.906	7.07
476.262	7.07
476.618	7.06
476.974	7.05
477.33	7.03
477.686	7.03
478.042	7.04
478.398	7.04
478.753	7.05
479.109	7.04
479.465	7.03
479.821	7.01
480.176	7
480.532	6.97
480.887	6.92
481.243	6.86
481.598	6.81
481.954	6.91
482.309	7
482.664	6.99
483.02	6.92
483.375	6.9
483.73	6.91
484.085	6.91
484.44	6.91
484.795	6.91
485.15	6.92
485.505	6.93
485.86	6.86
486.215	6.76
486.57	6.74
486.925	6.82
487.28	6.85
487.634	6.85
487.989	6.85
488.344	6.86
488.698	6.87
489.053	6.87
489.407	6.87
489.762	6.86
490.116	6.87
490.471	6.88
490.825	6.89
491.179	6.89
491.534	6.89
491.888	6.9
492.242	6.9
492.596	6.92
492.95	6.96
493.304	7
493.658	7.05
494.012	7.1
494.366	7.11
494.72	7.1
495.074	7.1
495.428	7.09
495.782	7.08
496.135	7.07
496.489	7.08
496.843	7.08
497.196	7.07
497.55	7.07
497.903	7.08
498.257	7.09
498.61	7.12
498.963	7.1
499.317	7.12
499.67	7.14
500.023	7.15
500.376	7.14
500.73	7.15
501.083	7.16
501.436	7.16
501.789	7.15
502.142	7.14
502.495	7.12
502.848	7.11
503.201	7.1
503.553	7.09
503.906	7.1
504.259	7.1
504.612	7.1
504.964	7.1
505.317	7.1
505.669	7.09
506.022	7.09
506.374	7.08
506.727	7.07
507.079	7.06
507.432	7.04
507.784	7.01
508.136	7
508.488	6.99
508.841	6.98
509.193	6.97
509.545	6.97
509.897	6.97
510.249	6.98
510.601	6.98
510.953	6.98
511.305	7
511.656	7.02
512.008	7.03
512.36	7.03
512.712	7.03
513.063	7.03
513.415	7.04
513.766	7.06
514.118	7.05
514.469	7.05
514.821	7.06
515.172	7.04
515.524	7.02
515.875	7
516.226	6.98
516.577	6.95
516.929	6.92
517.28	6.91
517.631	6.89
517.982	6.89
518.333	6.89
518.684	6.9
519.035	6.91
519.386	6.92
519.737	6.94
520.087	6.95
520.438	6.99
520.789	7.02
521.139	7.02
521.49	7.04
521.841	7.05
522.191	7.04
522.542	7.02
522.892	7
523.243	6.97
523.593	6.92
523.943	6.88
524.293	6.85
524.644	6.83
524.994	6.83
525.344	6.81
525.694	6.79
526.044	6.76
526.394	6.73
526.744	6.71
527.094	6.71
527.444	6.73
527.794	6.74
528.144	6.76
528.493	6.77
528.843	6.78
529.193	6.78
529.542	6.8
529.892	6.82
530.241	6.85
530.591	6.87
530.94	6.86
531.29	6.84
531.639	6.82
531.988	6.78
532.338	6.78
532.687	6.78
533.036	6.79
533.385	6.78
533.734	6.79
534.083	6.78
534.432	6.78
534.781	6.79
535.13	6.81
535.479	6.83
535.828	6.86
536.177	6.87
536.525	6.86
536.874	6.86
537.223	6.87
537.571	6.88
537.92	6.9
538.268	6.91
538.617	6.91
538.965	6.89
539.314	6.84
539.662	6.79
540.01	6.77
540.359	6.76
540.707	6.76
541.055	6.75
541.403	6.75
541.751	6.75
542.099	6.76
542.447	6.78
542.795	6.81
543.143	6.85
543.491	6.88
543.839	6.9
544.187	6.91
544.534	6.91
544.882	6.91
545.23	6.9
545.577	6.9
545.925	6.91
546.272	6.93
546.62	6.94
546.967	6.96
547.314	6.99
547.662	7.01
548.009	7.02
548.356	7.04
548.704	7.07
549.051	7.11
549.398	7.13
549.745	7.14
550.092	7.11
550.439	7.1
550.786	7.08
551.133	7.06
551.479	7.05
551.826	7.05
552.173	7.03
552.52	7.03
552.866	7.03
553.213	7.04
553.56	7.03
553.906	7.06
554.253	7.07
554.599	7.08
554.945	7.07
555.292	7.07
555.638	7.09
555.984	7.1
556.331	7.12
556.677	7.1
557.023	7.11
557.369	7.11
557.715	7.09
558.061	7.1
558.407	7.1
558.753	7.12
559.099	7.11
559.444	7.11
559.79	7.1
560.136	7.09
560.482	7.11
560.827	7.08
561.173	7.08
561.518	7.07
561.864	7.05
562.209	7.06
562.555	7.06
562.9	7.06
563.245	7.06
563.591	7.05
563.936	7.03
564.281	7.01
564.626	7
564.971	6.98
565.316	6.98
565.661	6.97
566.006	6.96
566.351	6.94
566.696	6.95
567.041	6.95
567.386	6.96
567.73	6.97
568.075	6.97
568.42	6.99
568.764	7
569.109	7.01
569.453	7.01
569.798	6.98
570.142	6.97
570.487	6.95
570.831	6.95
571.175	6.95
571.519	6.95
571.864	6.96
572.208	6.94
572.552	6.94
572.896	6.91
573.24	6.93
573.584	6.94
573.928	6.94
574.272	6.96
574.616	6.94
574.959	6.94
575.303	6.95
575.647	6.95
575.99	6.97
576.334	6.99
576.678	7.02
577.021	7.02
577.364	7.04
577.708	7.09
578.051	7.1
578.395	7.12
578.738	7.14
579.081	7.14
579.424	7.14
579.767	7.15
580.111	7.14
580.454	7.12
580.797	7.12
581.14	7.12
581.482	7.12
581.825	7.13
582.168	7.12
582.511	7.11
582.854	7.12
583.196	7.14
583.539	7.14
583.882	7.12
584.224	7.12
584.567	7.13
584.909	7.13
585.252	7.13
585.594	7.09
585.936	7.11
586.279	7.09
586.621	7.09
586.963	7.08
587.305	7.05
587.647	7.04
587.989	7.06
588.331	7.05
588.673	7.04
589.015	7.03
589.357	7.03
589.699	7
590.041	7.01
590.382	7.02
590.724	7.01
591.066	7.04
591.407	7.06
591.749	7.07
592.09	7.06
592.432	7.06
592.773	7.05
593.114	7.06
593.456	7.06
593.797	7.06
594.138	7.06
594.479	7.05
594.821	7.03
595.162	7.01
595.503	6.97
595.844	6.96
596.185	6.95
596.525	6.96
596.866	6.96
597.207	6.97
597.548	6.97
597.889	6.97
598.229	6.98
598.57	7.01
598.91	7.03
599.251	7.07
599.592	7.09
599.932	7.1
600.272	7.07
600.613	7.06
600.953	7.05
601.293	7.02
601.633	6.98
601.974	6.95
602.314	6.92
602.654	6.9
602.994	6.85
603.334	6.84
603.674	6.85
604.014	6.87
604.353	6.89
604.693	6.9
605.033	6.94
605.373	6.96
605.712	6.98
606.052	7
606.391	7.03
606.731	7.06
607.07	7.08
607.41	7.07
607.749	7.05
608.088	7.02
608.428	7.01
608.767	7.01
609.106	7.02
609.445	7.04
609.784	7.03
610.123	7.02
610.462	7.04
610.801	7.06
611.14	7.1
611.479	7.14
611.818	7.18
612.157	7.2
612.495	7.19
612.834	7.19
613.173	7.19
613.511	7.2
613.85	7.22
614.188	7.24
614.527	7.22
614.865	7.2
615.203	7.19
615.542	7.2
615.88	7.2
616.218	7.21
616.556	7.21
616.894	7.2
617.233	7.19
617.571	7.21
617.908	7.19
618.246	7.21
618.584	7.2
618.922	7.19
619.26	7.18
619.598	7.14
619.935	7.16
620.273	7.14
620.611	7.14
620.948	7.16
621.286	7.16
621.623	7.14
621.96	7.14
622.298	7.13
622.635	7.14
622.972	7.15
623.31	7.21
623.647	7.18
623.984	7.2
624.321	7.2
624.658	7.16
624.995	7.13
625.332	7.13
625.669	7.11
626.006	7.12
626.342	7.11
626.679	7.08
627.016	7.07
627.352	7.04
627.689	7.03
628.026	7.03
628.362	7.04
628.699	7.05
629.035	7.07
629.371	7.09
629.708	7.1
630.044	7.1
630.38	7.11
630.716	7.13
631.052	7.18
631.388	7.19
631.725	7.2
632.06	7.19
632.396	7.2
632.732	7.16
633.068	7.14
633.404	7.11
633.74	7.12
634.075	7.1
634.411	7.07
634.747	7.07
635.082	7.09
635.418	7.11
635.753	7.13
636.089	7.15
636.424	7.18
636.759	7.19
637.095	7.22
637.43	7.25
637.765	7.28
638.1	7.31
638.435	7.31
638.77	7.33
639.105	7.32
639.44	7.32
639.775	7.31
640.11	7.32
640.445	7.36
640.779	7.38
641.114	7.34
641.449	7.32
641.783	7.31
642.118	7.32
642.452	7.3
642.787	7.31
643.121	7.29
643.456	7.28
643.79	7.3
644.124	7.27
644.458	7.26
644.793	7.28
645.127	7.31
645.461	7.31
645.795	7.26
646.129	7.25
646.463	7.24
646.797	7.3
647.13	7.28
647.464	7.28
647.798	7.29
648.132	7.3
648.465	7.3
648.799	7.29
649.132	7.32
649.466	7.37
649.799	7.35
650.133	7.34
650.466	7.29
650.799	7.37
651.133	7.37
651.466	7.38
651.799	7.39
652.132	7.4
652.465	7.42
652.798	7.41
653.131	7.43
653.464	7.48
653.797	7.46
654.13	7.5
654.463	7.46
654.795	7.44
655.128	7.44
655.461	7.43
655.793	7.41
656.126	7.39
656.458	7.4
656.791	7.33
657.123	7.25
657.455	7.27
657.788	7.23
658.12	7.19
658.452	7.18
658.784	7.16
659.116	7.14
659.448	7.15
659.78	7.17
660.112	7.16
660.444	7.19
660.776	7.24
661.108	7.26
661.44	7.3
661.771	7.34
662.103	7.38
662.435	7.42
662.766	7.47
663.098	7.48
663.429	7.47
663.761	7.5
664.092	7.55
664.423	7.54
664.755	7.52
665.086	7.54
665.417	7.56
665.748	7.55
666.079	7.53
666.41	7.56
666.741	7.54
667.072	7.55
667.403	7.53
667.734	7.49
668.065	7.48
668.395	7.51
668.726	7.51
669.057	7.53
669.387	7.52
669.718	7.5
670.048	7.49
670.379	7.51
670.709	7.52
671.039	7.56
671.37	7.57
671.7	7.59
672.03	7.55
672.36	7.54
672.69	7.55
673.02	7.59
673.35	7.61
673.68	7.61
674.01	7.61
674.34	7.6
674.67	7.56
675	7.54
675.329	7.53
675.659	7.55
675.989	7.54
676.318	7.5
676.648	7.44
676.977	7.42
677.307	7.41
677.636	7.35
677.965	7.33
678.295	7.35
678.624	7.38
678.953	7.36
679.282	7.34
679.611	7.32
679.94	7.32
680.269	7.36
680.598	7.39
680.927	7.43
681.256	7.48
681.584	7.5
681.913	7.5
682.242	7.5
682.57	7.56
682.899	7.58
683.228	7.63
683.556	7.67
683.884	7.66
684.213	7.67
684.541	7.63
684.869	7.62
685.198	7.63
685.526	7.66
685.854	7.71
686.182	7.73
686.51	7.72
686.838	7.72
687.166	7.74
687.494	7.78
687.822	7.76
688.149	7.78
688.477	7.79
688.805	7.77
689.133	7.75
689.46	7.72
689.788	7.67
690.115	7.71
690.443	7.73
690.77	7.69
691.097	7.67
691.425	7.69
691.752	7.71
692.079	7.75
692.406	7.77
692.733	7.77
693.06	7.79
693.387	7.83
693.714	7.79
694.041	7.78
694.368	7.84
694.695	7.82
695.021	7.79
695.348	7.76
695.675	7.75
696.001	7.72
696.328	7.72
696.654	7.69
696.981	7.63
697.307	7.59
697.634	7.5
697.96	7.46
698.286	7.5
698.612	7.52
698.938	7.55
699.264	7.56
699.591	7.58
699.917	7.58
700.242	7.59
700.568	7.62
700.894	7.71
701.22	7.85
701.546	7.92
701.871	7.91
702.197	7.9
702.523	7.85
702.848	7.86
703.174	7.87
703.499	7.88
703.824	7.84
704.15	7.85
704.475	7.84
704.8	7.8
705.125	7.79
705.451	7.77
705.776	7.76
706.101	7.81
706.426	7.75
706.751	7.73
707.076	7.78
707.4	7.82
707.725	7.78
708.05	7.81
708.375	7.82
708.699	7.82
709.024	7.9
709.348	7.98
709.673	8.01
709.997	8.05
710.322	8.05
710.646	8.03
710.97	8.07
711.294	8.12
711.619	8.1
711.943	8.06
712.267	8.01
712.591	7.97
712.915	7.9
713.239	7.91
713.563	7.91
713.886	7.93
714.21	7.92
714.534	7.82
714.858	7.8
715.181	7.79
715.505	7.84
715.828	7.85
716.152	7.83
716.475	7.86
716.799	7.8
717.122	7.8
717.445	7.81
717.768	7.84
718.092	7.91
718.415	7.91
718.738	7.9
719.061	7.91
719.384	7.96
719.707	8.02
720.03	8.03
720.352	8.12
720.675	8.06
720.998	8.09
721.32	8.1
721.643	8.12
721.966	8.14
722.288	8.15
722.611	8.07
722.933	8.03
723.255	8.02
723.578	8.02
723.9	7.99
724.222	8.05
724.544	8.07
724.866	8.06
725.188	8.09
725.51	8.02
725.832	8.05
726.154	8.09
726.476	8.12
726.798	8.09
727.12	8.1
727.441	8.1
727.763	8.12
728.085	8.07
728.406	8.06
728.728	7.99
729.049	8.04
729.37	8.02
729.692	7.97
730.013	7.95
730.334	8.01
730.655	8.11
730.977	8.1
731.298	8.13
731.619	8.13
731.94	8.17
732.261	8.17
732.581	8.16
732.902	8.22
733.223	8.33
733.544	8.34
733.864	8.3
734.185	8.23
734.506	8.35
734.826	8.36
735.146	8.38
735.467	8.35
735.787	8.39
736.108	8.46
736.428	8.48
736.748	8.47
737.068	8.5
737.388	8.47
737.708	8.51
738.028	8.53
738.348	8.54
738.668	8.57
738.988	8.61
739.308	8.54
739.628	8.62
739.947	8.6
740.267	8.58
740.586	8.57
740.906	8.6
741.225	8.63
741.545	8.59
741.864	8.61
742.184	8.7
742.503	8.67
742.822	8.87
743.141	8.83
743.46	8.82
743.779	8.84
744.098	8.85
744.417	8.9
744.736	8.79
745.055	8.78
745.374	8.64
745.693	8.49
746.011	8.58
746.33	8.48
746.649	8.49
746.967	8.46
747.286	8.48
747.604	8.5
747.923	8.46
748.241	8.61
748.559	8.58
748.877	8.69
749.196	8.81
749.514	8.85
749.832	8.77
750.15	8.74
750.468	8.84
750.786	8.76
751.104	8.83
751.422	8.92
751.739	8.78
752.057	8.71
752.375	8.68
752.692	8.66
753.01	8.63
753.327	8.74
753.645	8.77
753.962	8.64
754.28	8.67
754.597	8.71
754.914	8.68
755.231	8.73
755.548	8.72
755.866	8.72
756.183	8.74
756.5	8.75
756.816	8.74
757.133	8.65
757.45	8.69
757.767	8.71
758.084	8.61
758.4	8.55
758.717	8.59
759.034	8.74
759.35	8.76
759.667	8.72
759.983	8.72
760.299	8.73
760.616	8.8
760.932	8.83
761.248	8.85
761.564	8.86
761.88	8.87
762.196	8.88
762.512	8.79
762.828	8.86
763.144	8.94
763.46	8.93
763.776	8.84
764.092	8.87
764.407	8.88
764.723	8.89
765.038	8.87
765.354	8.98
765.669	8.98
765.985	9.02
766.3	8.91
766.616	8.89
766.931	8.84
767.246	9.01
767.561	8.96
767.876	8.82
768.191	8.87
768.506	8.93
768.821	8.8
769.136	8.87
769.451	8.93
769.766	9.09
770.08	9.14
770.395	9.34
770.71	9.2
771.024	9.32
771.339	9.45
771.653	9.47
771.968	9.54
772.282	9.56
772.596	9.45
772.911	9.38
773.225	9.25
773.539	9.14
773.853	8.93
774.167	8.94
774.481	8.96
774.795	8.97
775.109	8.96
775.423	8.77
775.737	8.69
776.05	8.64
776.364	8.61
776.678	8.73
776.991	8.87
777.305	8.97
777.618	9.06
777.931	9.18
778.245	9.31
778.558	9.29
778.871	9.47
779.185	9.5
779.498	9.59
779.811	9.76
780.124	9.63
780.437	9.48
780.75	9.51
781.063	9.51
781.375	9.19
781.688	9.21
782.001	9.16
782.314	9
782.626	9.14
782.939	9.01
783.251	9.12
783.564	9.24
783.876	9.33
784.188	9.38
784.501	9.5
784.813	9.62
785.125	9.56
785.437	9.76
785.749	9.86
786.061	9.8
786.373	9.85
786.685	9.78
786.997	9.75
787.309	9.65
787.621	9.85
787.932	9.76
788.244	9.9
788.556	9.95
788.867	9.78
789.179	9.93
789.49	10
789.801	10.08
790.113	10.03
790.424	10.1
790.735	10.13
791.046	9.9
791.358	9.95
791.669	9.84
791.98	9.86
792.291	10.08
792.601	9.98
792.912	10.04
793.223	9.95
793.534	10.04
793.845	10.05
794.155	10.2
794.466	10.26
794.776	10.19
795.087	10.27
795.397	10.23
795.707	10.05
796.018	10.01
796.328	9.98
796.638	9.98
796.948	9.74
797.258	9.67
797.569	9.62
797.879	9.59
798.188	9.49
798.498	9.49
798.808	9.67
799.118	9.84
799.428	9.84
799.737	10.05
800.047	10.01
800.356	10.26
800.666	10.28
800.975	10.37
801.285	10.55
801.594	10.87
801.903	10.93
802.213	10.66
802.522	10.47
802.831	10.48
803.14	10.09
803.449	10.22
803.758	10.23
804.067	10.32
804.376	10.53
804.684	10.18
804.993	9.94
805.302	9.94
805.611	10.08
805.919	10.09
806.228	10.12
806.536	10.25
806.845	10.25
807.153	10.11
807.461	10.19
807.769	9.99
808.078	10.27
808.386	10.53
808.694	10.46
809.002	10.55
809.31	10.47
809.618	10.6
809.926	10.85
810.233	10.83
810.541	11.15
810.849	11.27
811.157	11.33
811.464	11.09
811.772	11.24
812.079	11.3
812.387	11.04
812.694	11.23
813.001	11.2
813.309	11.11
813.616	11.25
813.923	10.97
814.23	10.77
814.537	10.72
814.844	11.1
815.151	10.94
815.458	11.06
815.765	11.03
816.072	10.94
816.378	10.62
816.685	10.53
816.992	10.55
817.298	10.67
817.605	10.67
817.911	10.64
818.218	10.7
818.524	10.66
818.83	10.66
819.136	11.07
819.443	11.29
819.749	11.51
820.055	11.42
820.361	11.47
820.667	11.4
820.973	11.33
821.279	11.23
821.584	11.08
821.89	11
822.196	10.92
822.501	10.8
822.807	10.77
823.113	10.82
823.418	10.8
823.723	10.86
824.029	10.88
824.334	10.94
824.639	10.98
824.944	11.05
825.25	11.11
825.555	11.2
825.86	11.39
826.165	11.47
826.47	11.51
826.774	11.57
827.079	11.53
827.384	11.65
827.689	11.51
827.993	11.49
828.298	11.52
828.602	11.57
828.907	11.52
829.211	11.47
829.516	11.5
829.82	11.48
830.124	11.64
830.429	11.65
830.733	11.5
831.037	11.67
831.341	11.67
831.645	11.68
831.949	11.77
832.253	11.74
832.556	11.72
832.86	11.54
833.164	11.46
833.467	11.31
833.771	11.36
834.075	11.31
834.378	11.34
834.682	11.45
834.985	11.48
835.288	11.36
835.591	11.37
835.895	11.33
836.198	11.48
836.501	11.53
836.804	11.61
837.107	11.76
837.41	11.87
837.713	11.93
838.016	11.96
838.318	11.97
838.621	12.04
838.924	12.48
839.226	12.56
839.529	12.65
839.831	12.81
840.134	12.85
840.436	12.78
840.738	12.8
841.041	12.97
841.343	12.8
841.645	12.58
841.947	12.78
842.249	12.54
842.551	12.69
842.853	12.58
843.155	12.71
843.457	12.61
843.758	12.4
844.06	12.01
844.362	11.87
844.663	11.77
844.965	12.41
845.266	12.49
845.568	12.41
845.869	12.25
846.17	12.96
846.472	12.81
846.773	13.01
847.074	13.39
847.375	13.91
847.676	13.61
847.977	14.31
848.278	13.77
848.579	13.89
848.88	14.13
849.181	14.11
849.481	13.76
849.782	14.4
850.082	14.5
850.383	14.47
850.683	15.24
850.984	15.91
851.284	15.62
851.585	16.29
851.885	16.13
852.185	16.05
852.485	16.33
852.785	15.67
853.085	14.97
853.385	14.72
853.685	15.18
853.985	14.18
854.285	13.74
854.584	13.64
854.884	12.72
855.184	12.65
855.483	12.65
855.783	13.03
856.082	13.34
856.382	13.16
856.681	13.27
856.98	12.76
857.28	13.6
857.579	13.77
857.878	14.19
858.177	15.22
858.476	15.77
858.775	15.54
859.074	15.58
859.373	15.76
859.671	16.11
859.97	17.01
860.269	17.08
860.567	16.32
860.866	16.82
861.165	17.35
861.463	17.5
861.761	17.2
862.06	17.29
862.358	16.76
862.656	16.02
862.954	16.22
863.252	15.52
863.551	14.57
863.849	14.77
864.146	14.85
864.444	14.06
864.742	13.53
865.04	13.29
865.338	14.2
865.635	14.54
865.933	15.94
866.23	16.37
866.528	16.5
866.825	17.41
867.123	17.28
867.42	16.72
867.717	17.41
868.014	17.5
868.312	17.84
868.609	17.79
868.906	17.65
869.203	16.73
869.5	16.23
869.796	16.66
870.093	16.18
870.39	16.5
870.687	16.68
870.983	16.51
871.28	16.35
871.576	16.13
871.873	15.74
872.169	16.02
872.466	16.56
872.762	16.41
873.058	15.52
873.354	15.84
873.65	15.88
873.947	15.57
874.243	14.71
874.538	14.82
874.834	14.32
875.13	13.94
875.426	13.79
875.722	13.89
876.017	14.26
876.313	15.11
876.608	14.83
876.904	15.31
877.199	15.7
877.495	16.56
877.79	17.37
878.085	17.8
878.381	17.96
878.676	18.28
878.971	17.86
879.266	17.32
879.561	16.41
879.856	16.09
880.151	15.21
880.445	15.13
880.74	14.78
881.035	14.28
881.329	14.1
881.624	14.02
881.919	13.66
882.213	13.52
