177.169	306.12
177.554	309.06
177.94	462.41
178.326	1716.67
178.711	-2681.25
179.097	-367.89
179.482	290.29
179.868	-312.21
180.253	-619.57
180.639	828.26
181.024	82.26
181.409	119.46
181.795	309.06
182.18	263.83
182.565	272.78
182.95	621.43
183.336	-641.45
183.721	284.24
184.106	104.32
184.491	146.11
184.876	111.29
185.261	104.81
185.646	93.62
186.031	66.59
186.416	58.6
186.801	54.65
187.186	50.95
187.57	52.14
187.955	35.13
188.34	38.03
188.725	34.45
189.11	29.2
189.494	33.73
189.879	22.78
190.263	20.92
190.648	23.69
191.033	20.01
191.417	12.11
191.802	6.91
192.186	20.06
192.57	15.8
192.955	10.47
193.339	-1.21
193.723	-5.75
194.108	-1.8
194.492	2.88
194.876	-10.87
195.26	-14.58
195.645	-10.3
196.029	-14.2
196.413	-20.68
196.797	-12.7
197.181	-16.85
197.565	-10.7
197.949	-13.64
198.333	-15.87
198.717	-26.85
199.101	-7.44
199.484	-3.05
199.868	3.15
200.252	9.23
200.636	12.8
201.019	14.16
201.403	24.06
201.787	28.63
202.17	33.01
202.554	30.06
202.937	33.39
203.321	25.54
203.704	29.3
204.088	24.96
204.471	18.78
204.855	18.67
205.238	20.76
205.621	16.62
206.005	17.58
206.388	19.56
206.771	20.89
207.154	21.18
207.537	25.25
207.921	27.66
208.304	28.63
208.687	31.58
209.07	29.76
209.453	21.98
209.836	19.83
210.219	17.61
210.601	12.84
210.984	12.39
211.367	16.74
211.75	16.56
212.133	14.71
212.515	16.3
212.898	17.21
213.281	14.46
213.663	21.55
214.046	25.54
214.428	28.45
214.811	36.07
215.193	38.22
215.576	34.05
215.958	34.4
216.341	31.03
216.723	34.94
217.105	35.73
217.488	42.47
217.87	40.72
218.252	41.47
218.634	40.56
219.017	40.16
219.399	43.5
219.781	44.39
220.163	41.39
220.545	42.44
220.927	37.51
221.309	35.16
221.691	29.47
222.073	27.92
222.455	24.16
222.836	25.65
223.218	19.52
223.6	12.68
223.982	9.57
224.363	9.2
224.745	12.39
225.127	13.37
225.508	13.97
225.89	17.72
226.271	16.4
226.653	15.61
227.034	15.47
227.416	17.67
227.797	17.28
228.178	17.3
228.56	16.14
228.941	14.84
229.322	10.51
229.704	9.02
230.085	7.48
230.466	10.53
230.847	13.7
231.228	12.31
231.609	10.04
231.99	6.23
232.371	7.4
232.752	5.31
233.133	4.27
233.514	7.56
233.895	9.26
234.276	8.64
234.657	5.08
235.037	4.2
235.418	4.71
235.799	5.79
236.179	7.26
236.56	6.83
236.941	5.53
237.321	6.73
237.702	5.49
238.082	3.74
238.463	3.52
238.843	3.42
239.223	2.03
239.604	0.75
239.984	0.72
240.364	2.11
240.745	2.08
241.125	2.74
241.505	2.65
241.885	2.61
242.265	2.77
242.645	1.9
243.025	2.05
243.405	2.03
243.785	1.58
244.165	1.45
244.545	1.29
244.925	1.23
245.305	1.11
245.685	1.12
246.065	1.27
246.444	1.12
246.824	1.52
247.204	1.78
247.583	1.94
247.963	2.27
248.343	2.2
248.722	1.93
249.102	1.88
249.481	2.07
249.861	1.97
250.24	1.94
250.619	2.01
250.999	1.76
251.378	1.35
251.757	1.29
252.136	1.1
252.516	1.29
252.895	1.56
253.274	1.59
253.653	1.44
254.032	1.26
254.411	1.06
254.79	1.08
255.169	1.24
255.548	1.19
255.927	1.06
256.306	0.76
256.685	0.69
257.063	0.56
257.442	0.78
257.821	0.96
258.199	1.01
258.578	1.03
258.957	1.07
259.335	1.07
259.714	1.13
260.092	1.2
260.471	1.34
260.849	1.45
261.228	1.47
261.606	1.51
261.984	1.49
262.363	1.6
262.741	1.84
263.119	2.03
263.497	1.98
263.876	1.9
264.254	1.79
264.632	1.67
265.01	1.46
265.388	1.45
265.766	1.37
266.144	1.37
266.522	1.5
266.9	1.39
267.278	1.3
267.655	1.33
268.033	1.25
268.411	1.25
268.789	1.27
269.166	1.24
269.544	1.31
269.922	1.18
270.299	1.08
270.677	0.98
271.054	0.89
271.432	0.81
271.809	0.84
272.186	0.88
272.564	0.92
272.941	0.96
273.318	0.91
273.696	0.91
274.073	1.04
274.45	1.1
274.827	1.14
275.204	1.27
275.582	1.32
275.959	1.35
276.336	1.33
276.713	1.19
277.09	1.14
277.466	1.22
277.843	1.16
278.22	1.18
278.597	1.24
278.974	1.16
279.35	1.1
279.727	1.1
280.104	1.08
280.48	1.12
280.857	1.15
281.234	1.14
281.61	1.19
281.987	1.22
282.363	1.16
282.74	1.1
283.116	1.16
283.492	1.22
283.869	1.2
284.245	1.14
284.621	1.15
284.997	1.23
285.373	1.19
285.75	1.16
286.126	1.15
286.502	1.13
286.878	1.12
287.254	1.09
287.63	1.07
288.006	1.05
288.382	1.06
288.757	1.01
289.133	0.97
289.509	1.03
289.885	0.96
290.26	0.96
290.636	0.98
291.012	1
291.387	0.97
291.763	0.88
292.139	0.87
292.514	0.87
292.889	0.88
293.265	0.86
293.64	0.85
294.016	0.92
294.391	0.9
294.766	0.96
295.142	0.98
295.517	1.06
295.892	1.14
296.267	1.16
296.642	1.19
297.017	1.23
297.392	1.3
297.767	1.33
298.142	1.33
298.517	1.37
298.892	1.36
299.267	1.45
299.642	1.39
300.017	1.4
300.391	1.43
300.766	1.45
301.141	1.43
301.515	1.35
301.89	1.32
302.265	1.31
302.639	1.25
303.014	1.21
303.388	1.18
303.762	1.21
304.137	1.25
304.511	1.26
304.886	1.22
305.26	1.17
305.634	1.24
306.008	1.27
306.382	1.4
306.757	1.46
307.131	1.53
307.505	1.43
307.879	1.53
308.253	1.44
308.627	1.41
309.001	1.47
309.375	1.49
309.748	1.43
310.122	1.43
310.496	1.36
310.87	1.37
311.243	1.36
311.617	1.41
311.991	1.35
312.364	1.36
312.738	1.39
313.111	1.39
313.485	1.44
313.858	1.5
314.232	1.45
314.605	1.47
314.979	1.52
315.352	1.49
315.725	1.57
316.098	1.59
316.472	1.59
316.845	1.63
317.218	1.62
317.591	1.69
317.964	1.7
318.337	1.75
318.71	1.78
319.083	1.79
319.456	1.78
319.829	1.7
320.202	1.72
320.574	1.81
320.947	1.77
321.32	1.77
321.693	1.68
322.065	1.56
322.438	1.61
322.81	1.56
323.183	1.5
323.555	1.5
323.928	1.49
324.3	1.44
324.673	1.41
325.045	1.38
325.417	1.34
325.79	1.36
326.162	1.37
326.534	1.34
326.906	1.33
327.278	1.36
327.651	1.37
328.023	1.33
328.395	1.45
328.767	1.52
329.139	1.57
329.511	1.52
329.882	1.48
330.254	1.55
330.626	1.47
330.998	1.46
331.37	1.41
331.741	1.37
332.113	1.35
332.485	1.22
332.856	1.18
333.228	1.14
333.599	1.18
333.971	1.17
334.342	1.14
334.714	1.19
335.085	1.22
335.456	1.24
335.828	1.31
336.199	1.27
336.57	1.31
336.941	1.21
337.312	1.21
337.683	1.25
338.054	1.32
338.426	1.3
338.797	1.27
339.167	1.28
339.538	1.24
339.909	1.25
340.28	1.36
340.651	1.29
341.022	1.38
341.392	1.37
341.763	1.36
342.134	1.3
342.504	1.36
342.875	1.35
343.246	1.29
343.616	1.3
343.987	1.26
344.357	1.23
344.727	1.29
345.098	1.27
345.468	1.31
345.838	1.28
346.209	1.29
346.579	1.26
346.949	1.32
347.319	1.4
347.689	1.39
348.059	1.42
348.429	1.39
348.799	1.39
349.169	1.37
349.539	1.38
349.909	1.33
350.279	1.33
350.649	1.32
351.018	1.27
351.388	1.24
351.758	1.26
352.128	1.26
352.497	1.3
352.867	1.3
353.236	1.36
353.606	1.37
353.975	1.43
354.345	1.43
354.714	1.49
355.083	1.46
355.453	1.46
355.822	1.45
356.191	1.43
356.56	1.43
356.93	1.4
357.299	1.35
357.668	1.27
358.037	1.27
358.406	1.28
358.775	1.26
359.144	1.26
359.513	1.25
359.882	1.25
360.25	1.25
360.619	1.27
360.988	1.28
361.357	1.29
361.725	1.37
362.094	1.41
362.463	1.45
362.831	1.43
363.2	1.41
363.568	1.46
363.937	1.47
364.305	1.49
364.673	1.45
365.042	1.5
365.41	1.52
365.778	1.49
366.146	1.46
366.515	1.38
366.883	1.42
367.251	1.45
367.619	1.39
367.987	1.39
368.355	1.41
368.723	1.42
369.091	1.36
369.459	1.37
369.826	1.35
370.194	1.3
370.562	1.33
370.93	1.28
371.297	1.28
371.665	1.31
372.033	1.31
372.4	1.26
372.768	1.27
373.135	1.3
373.503	1.26
373.87	1.25
374.237	1.32
374.605	1.32
374.972	1.33
375.339	1.36
375.707	1.35
376.074	1.35
376.441	1.36
376.808	1.38
377.175	1.36
377.542	1.34
377.909	1.37
378.276	1.34
378.643	1.34
379.01	1.35
379.377	1.35
379.744	1.35
380.11	1.39
380.477	1.4
380.844	1.39
381.21	1.38
381.577	1.4
381.944	1.37
382.31	1.34
382.677	1.3
383.043	1.32
383.409	1.33
383.776	1.32
384.142	1.28
384.508	1.26
384.875	1.24
385.241	1.27
385.607	1.25
385.973	1.27
386.339	1.27
386.705	1.3
387.071	1.29
387.437	1.27
387.803	1.27
388.169	1.27
388.535	1.28
388.901	1.25
389.267	1.24
389.633	1.24
389.998	1.22
390.364	1.23
390.73	1.24
391.095	1.24
391.461	1.25
391.826	1.26
392.192	1.26
392.557	1.25
392.923	1.26
393.288	1.28
393.653	1.29
394.019	1.29
394.384	1.28
394.749	1.27
395.114	1.26
395.479	1.25
395.844	1.24
396.21	1.24
396.575	1.27
396.94	1.28
397.304	1.28
397.669	1.27
398.034	1.26
398.399	1.3
398.764	1.31
399.129	1.31
399.493	1.3
399.858	1.29
400.223	1.31
400.587	1.29
400.952	1.28
401.316	1.29
401.681	1.29
402.045	1.27
402.409	1.26
402.774	1.24
403.138	1.24
403.502	1.25
403.867	1.24
404.231	1.24
404.595	1.23
404.959	1.21
405.323	1.19
405.687	1.2
406.051	1.22
406.415	1.2
406.779	1.19
407.143	1.18
407.507	1.19
407.871	1.2
408.234	1.2
408.598	1.22
408.962	1.23
409.325	1.24
409.689	1.24
410.053	1.26
410.416	1.27
410.78	1.28
411.143	1.3
411.506	1.3
411.87	1.3
412.233	1.31
412.596	1.31
412.96	1.31
413.323	1.31
413.686	1.31
414.049	1.29
414.412	1.29
414.775	1.28
415.138	1.28
415.501	1.28
415.864	1.27
416.227	1.25
416.59	1.24
416.953	1.24
417.315	1.23
417.678	1.23
418.041	1.22
418.404	1.21
418.766	1.2
419.129	1.18
419.491	1.17
419.854	1.17
420.216	1.17
420.579	1.18
420.941	1.18
421.303	1.18
421.666	1.18
422.028	1.17
422.39	1.18
422.752	1.19
423.114	1.2
423.476	1.21
423.839	1.2
424.201	1.21
424.563	1.2
424.924	1.2
425.286	1.2
425.648	1.19
426.01	1.19
426.372	1.19
426.733	1.19
427.095	1.2
427.457	1.21
427.818	1.22
428.18	1.23
428.542	1.23
428.903	1.25
429.264	1.26
429.626	1.27
429.987	1.26
430.349	1.27
430.71	1.25
431.071	1.23
431.432	1.23
431.794	1.22
432.155	1.22
432.516	1.23
432.877	1.23
433.238	1.23
433.599	1.23
433.96	1.22
434.321	1.22
434.681	1.24
435.042	1.25
435.403	1.25
435.764	1.26
436.124	1.27
436.485	1.26
436.846	1.25
437.206	1.25
437.567	1.25
437.927	1.27
438.288	1.26
438.648	1.24
439.008	1.23
439.369	1.24
439.729	1.23
440.089	1.23
440.449	1.22
440.81	1.23
441.17	1.23
441.53	1.24
441.89	1.24
442.25	1.23
442.61	1.24
442.97	1.25
443.33	1.25
443.689	1.25
444.049	1.25
444.409	1.25
444.769	1.25
445.128	1.24
445.488	1.24
445.848	1.23
446.207	1.24
446.567	1.24
446.926	1.24
447.285	1.25
447.645	1.25
448.004	1.26
448.363	1.28
448.723	1.29
449.082	1.3
449.441	1.31
449.8	1.32
450.159	1.33
450.518	1.32
450.877	1.31
451.236	1.31
451.595	1.31
451.954	1.31
452.313	1.3
452.672	1.29
453.031	1.3
453.389	1.29
453.748	1.29
454.107	1.29
454.465	1.29
454.824	1.3
455.182	1.31
455.541	1.31
455.899	1.3
456.258	1.3
456.616	1.31
456.974	1.3
457.333	1.3
457.691	1.3
458.049	1.3
458.407	1.29
458.765	1.3
459.123	1.28
459.481	1.28
459.839	1.29
460.197	1.29
460.555	1.28
460.913	1.29
461.271	1.29
461.629	1.3
461.987	1.3
462.344	1.32
462.702	1.32
463.06	1.34
463.417	1.34
463.775	1.33
464.132	1.33
464.49	1.34
464.847	1.34
465.204	1.33
465.562	1.33
465.919	1.34
466.276	1.33
466.633	1.33
466.991	1.31
467.348	1.31
467.705	1.31
468.062	1.31
468.419	1.3
468.776	1.29
469.133	1.29
469.49	1.29
469.846	1.29
470.203	1.31
470.56	1.31
470.917	1.33
471.273	1.34
471.63	1.34
471.986	1.35
472.343	1.37
472.699	1.38
473.056	1.38
473.412	1.39
473.769	1.39
474.125	1.38
474.481	1.37
474.838	1.37
475.194	1.36
475.55	1.36
475.906	1.34
476.262	1.32
476.618	1.31
476.974	1.31
477.33	1.31
477.686	1.31
478.042	1.31
478.398	1.31
478.753	1.3
479.109	1.3
479.465	1.31
479.821	1.32
480.176	1.33
480.532	1.33
480.887	1.33
481.243	1.32
481.598	1.31
481.954	1.32
482.309	1.33
482.664	1.33
483.02	1.32
483.375	1.31
483.73	1.3
484.085	1.3
484.44	1.3
484.795	1.3
485.15	1.3
485.505	1.3
485.86	1.29
486.215	1.28
486.57	1.27
486.925	1.29
487.28	1.3
487.634	1.3
487.989	1.3
488.344	1.3
488.698	1.3
489.053	1.3
489.407	1.31
489.762	1.31
490.116	1.31
490.471	1.31
490.825	1.31
491.179	1.32
491.534	1.32
491.888	1.32
492.242	1.32
492.596	1.32
492.95	1.32
493.304	1.32
493.658	1.33
494.012	1.34
494.366	1.35
494.72	1.35
495.074	1.38
495.428	1.38
495.782	1.38
496.135	1.39
496.489	1.39
496.843	1.39
497.196	1.39
497.55	1.39
497.903	1.4
498.257	1.39
498.61	1.41
498.963	1.38
499.317	1.38
499.67	1.4
500.023	1.39
500.376	1.39
500.73	1.4
501.083	1.39
501.436	1.4
501.789	1.38
502.142	1.38
502.495	1.37
502.848	1.37
503.201	1.38
503.553	1.38
503.906	1.39
504.259	1.39
504.612	1.39
504.964	1.4
505.317	1.41
505.669	1.41
506.022	1.42
506.374	1.43
506.727	1.44
507.079	1.42
507.432	1.42
507.784	1.41
508.136	1.41
508.488	1.41
508.841	1.41
509.193	1.39
509.545	1.41
509.897	1.4
510.249	1.4
510.601	1.4
510.953	1.41
511.305	1.41
511.656	1.41
512.008	1.41
512.36	1.41
512.712	1.41
513.063	1.42
513.415	1.41
513.766	1.41
514.118	1.4
514.469	1.39
514.821	1.39
515.172	1.39
515.524	1.39
515.875	1.39
516.226	1.39
516.577	1.38
516.929	1.37
517.28	1.37
517.631	1.37
517.982	1.37
518.333	1.37
518.684	1.38
519.035	1.38
519.386	1.38
519.737	1.37
520.087	1.38
520.438	1.39
520.789	1.4
521.139	1.4
521.49	1.4
521.841	1.4
522.191	1.41
522.542	1.39
522.892	1.39
523.243	1.38
523.593	1.38
523.943	1.37
524.293	1.36
524.644	1.35
524.994	1.35
525.344	1.35
525.694	1.35
526.044	1.34
526.394	1.35
526.744	1.35
527.094	1.34
527.444	1.35
527.794	1.35
528.144	1.35
528.493	1.35
528.843	1.35
529.193	1.35
529.542	1.36
529.892	1.36
530.241	1.36
530.591	1.37
530.94	1.37
531.29	1.37
531.639	1.37
531.988	1.37
532.338	1.37
532.687	1.37
533.036	1.37
533.385	1.36
533.734	1.37
534.083	1.37
534.432	1.37
534.781	1.37
535.13	1.37
535.479	1.38
535.828	1.38
536.177	1.37
536.525	1.37
536.874	1.38
537.223	1.39
537.571	1.39
537.92	1.38
538.268	1.39
538.617	1.38
538.965	1.38
539.314	1.37
539.662	1.37
540.01	1.36
540.359	1.37
540.707	1.36
541.055	1.36
541.403	1.35
541.751	1.35
542.099	1.36
542.447	1.37
542.795	1.37
543.143	1.38
543.491	1.38
543.839	1.39
544.187	1.39
544.534	1.39
544.882	1.4
545.23	1.41
545.577	1.42
545.925	1.42
546.272	1.41
546.62	1.42
546.967	1.43
547.314	1.44
547.662	1.44
548.009	1.45
548.356	1.46
548.704	1.47
549.051	1.48
549.398	1.49
549.745	1.49
550.092	1.5
550.439	1.5
550.786	1.51
551.133	1.5
551.479	1.5
551.826	1.49
552.173	1.47
552.52	1.47
552.866	1.46
553.213	1.46
553.56	1.47
553.906	1.47
554.253	1.47
554.599	1.46
554.945	1.47
555.292	1.46
555.638	1.48
555.984	1.48
556.331	1.49
556.677	1.49
557.023	1.51
557.369	1.52
557.715	1.53
558.061	1.54
558.407	1.54
558.753	1.55
559.099	1.56
559.444	1.56
559.79	1.56
560.136	1.54
560.482	1.54
560.827	1.53
561.173	1.53
561.518	1.51
561.864	1.51
562.209	1.5
562.555	1.51
562.9	1.51
563.245	1.52
563.591	1.52
563.936	1.52
564.281	1.52
564.626	1.52
564.971	1.52
565.316	1.53
565.661	1.52
566.006	1.53
566.351	1.51
566.696	1.51
567.041	1.52
567.386	1.53
567.73	1.53
568.075	1.52
568.42	1.53
568.764	1.53
569.109	1.53
569.453	1.53
569.798	1.53
570.142	1.54
570.487	1.52
570.831	1.51
571.175	1.5
571.519	1.51
571.864	1.51
572.208	1.5
572.552	1.5
572.896	1.48
573.24	1.49
573.584	1.49
573.928	1.49
574.272	1.5
574.616	1.5
574.959	1.51
575.303	1.51
575.647	1.5
575.99	1.51
576.334	1.51
576.678	1.53
577.021	1.53
577.364	1.54
577.708	1.54
578.051	1.54
578.395	1.56
578.738	1.56
579.081	1.56
579.424	1.57
579.767	1.57
580.111	1.57
580.454	1.56
580.797	1.56
581.14	1.56
581.482	1.56
581.825	1.57
582.168	1.56
582.511	1.55
582.854	1.55
583.196	1.56
583.539	1.55
583.882	1.56
584.224	1.54
584.567	1.54
584.909	1.53
585.252	1.53
585.594	1.52
585.936	1.53
586.279	1.52
586.621	1.52
586.963	1.52
587.305	1.51
587.647	1.5
587.989	1.5
588.331	1.51
588.673	1.5
589.015	1.5
589.357	1.51
589.699	1.52
590.041	1.53
590.382	1.54
590.724	1.54
591.066	1.54
591.407	1.55
591.749	1.55
592.09	1.55
592.432	1.58
592.773	1.57
593.114	1.55
593.456	1.55
593.797	1.55
594.138	1.55
594.479	1.55
594.821	1.56
595.162	1.56
595.503	1.56
595.844	1.56
596.185	1.56
596.525	1.57
596.866	1.57
597.207	1.57
597.548	1.57
597.889	1.56
598.229	1.56
598.57	1.56
598.91	1.58
599.251	1.58
599.592	1.58
599.932	1.58
600.272	1.56
600.613	1.56
600.953	1.55
601.293	1.54
601.633	1.54
601.974	1.55
602.314	1.54
602.654	1.52
602.994	1.5
603.334	1.5
603.674	1.51
604.014	1.53
604.353	1.55
604.693	1.55
605.033	1.55
605.373	1.56
605.712	1.54
606.052	1.57
606.391	1.58
606.731	1.61
607.07	1.61
607.41	1.61
607.749	1.6
608.088	1.58
608.428	1.59
608.767	1.59
609.106	1.6
609.445	1.59
609.784	1.58
610.123	1.58
610.462	1.58
610.801	1.61
611.14	1.61
611.479	1.63
611.818	1.65
612.157	1.65
612.495	1.65
612.834	1.64
613.173	1.65
613.511	1.65
613.85	1.65
614.188	1.65
614.527	1.63
614.865	1.64
615.203	1.63
615.542	1.62
615.88	1.62
616.218	1.64
616.556	1.65
616.894	1.64
617.233	1.66
617.571	1.67
617.908	1.69
618.246	1.69
618.584	1.68
618.922	1.68
619.26	1.67
619.598	1.67
619.935	1.67
620.273	1.65
620.611	1.65
620.948	1.64
621.286	1.64
621.623	1.62
621.96	1.62
622.298	1.6
622.635	1.62
622.972	1.64
623.31	1.67
623.647	1.68
623.984	1.7
624.321	1.73
624.658	1.71
624.995	1.7
625.332	1.71
625.669	1.7
626.006	1.71
626.342	1.7
626.679	1.67
627.016	1.65
627.352	1.62
627.689	1.62
628.026	1.62
628.362	1.63
628.699	1.63
629.035	1.62
629.371	1.64
629.708	1.64
630.044	1.65
630.38	1.67
630.716	1.68
631.052	1.69
631.388	1.68
631.725	1.65
632.06	1.63
632.396	1.63
632.732	1.62
633.068	1.59
633.404	1.58
633.74	1.55
634.075	1.56
634.411	1.56
634.747	1.57
635.082	1.57
635.418	1.6
635.753	1.62
636.089	1.62
636.424	1.64
636.759	1.65
637.095	1.68
637.43	1.71
637.765	1.71
638.1	1.72
638.435	1.7
638.77	1.73
639.105	1.73
639.44	1.75
639.775	1.72
640.11	1.73
640.445	1.74
640.779	1.73
641.114	1.72
641.449	1.68
641.783	1.68
642.118	1.71
642.452	1.7
642.787	1.7
643.121	1.68
643.456	1.69
643.79	1.7
644.124	1.7
644.458	1.71
644.793	1.71
645.127	1.74
645.461	1.73
645.795	1.72
646.129	1.72
646.463	1.72
646.797	1.73
647.13	1.71
647.464	1.71
647.798	1.7
648.132	1.69
648.465	1.69
648.799	1.7
649.132	1.73
649.466	1.77
649.799	1.74
650.133	1.74
650.466	1.74
650.799	1.77
651.133	1.78
651.466	1.77
651.799	1.78
652.132	1.79
652.465	1.8
652.798	1.78
653.131	1.76
653.464	1.79
653.797	1.77
654.13	1.76
654.463	1.78
654.795	1.8
655.128	1.84
655.461	1.81
655.793	1.81
656.126	1.8
656.458	1.8
656.791	1.77
657.123	1.74
657.455	1.77
657.788	1.75
658.12	1.74
658.452	1.69
658.784	1.67
659.116	1.7
659.448	1.72
659.78	1.71
660.112	1.7
660.444	1.73
660.776	1.75
661.108	1.76
661.44	1.77
661.771	1.75
662.103	1.82
662.435	1.83
662.766	1.81
663.098	1.83
663.429	1.84
663.761	1.9
664.092	1.92
664.423	1.91
664.755	1.92
665.086	1.95
665.417	2.02
665.748	2
666.079	2.02
666.41	2.04
666.741	2.02
667.072	2.05
667.403	2.03
667.734	2.01
668.065	1.95
668.395	1.94
668.726	1.93
669.057	1.94
669.387	1.93
669.718	1.93
670.048	1.92
670.379	1.92
670.709	1.86
671.039	1.86
671.37	1.81
671.7	1.87
672.03	1.86
672.36	1.85
672.69	1.81
673.02	1.82
673.35	1.79
673.68	1.77
674.01	1.77
674.34	1.79
674.67	1.77
675	1.76
675.329	1.76
675.659	1.75
675.989	1.74
676.318	1.74
676.648	1.71
676.977	1.73
677.307	1.69
677.636	1.67
677.965	1.64
678.295	1.65
678.624	1.71
678.953	1.72
679.282	1.74
679.611	1.74
679.94	1.75
680.269	1.75
680.598	1.77
680.927	1.79
681.256	1.82
681.584	1.85
681.913	1.87
682.242	1.84
682.57	1.82
682.899	1.78
683.228	1.8
683.556	1.81
683.884	1.79
684.213	1.78
684.541	1.76
684.869	1.73
685.198	1.75
685.526	1.77
685.854	1.83
686.182	1.93
686.51	2
686.838	2.01
687.166	2
687.494	2.03
687.822	2.04
688.149	2.05
688.477	2.06
688.805	2.09
689.133	2.06
689.46	2.02
689.788	1.95
690.115	1.92
690.443	1.94
690.77	1.91
691.097	1.91
691.425	1.93
691.752	1.95
692.079	1.95
692.406	1.96
692.733	1.98
693.06	2.03
693.387	2.05
693.714	2.06
694.041	2.09
694.368	2.14
694.695	2.14
695.021	2.12
695.348	2.12
695.675	2.18
696.001	2.11
696.328	2.08
696.654	2.07
696.981	2.05
697.307	2.03
697.634	1.96
697.96	1.97
698.286	2
698.612	2.02
698.938	2.04
699.264	2.02
699.591	2.04
699.917	2.06
700.242	2.02
700.568	2.02
700.894	2.05
701.22	2.12
701.546	2.16
701.871	2.14
702.197	2.16
702.523	2.12
702.848	2.1
703.174	2.08
703.499	2.09
703.824	2.13
704.15	2.15
704.475	2.14
704.8	2.12
705.125	2.09
705.451	2.11
705.776	2.15
706.101	2.18
706.426	2.17
706.751	2.21
707.076	2.2
707.4	2.3
707.725	2.28
708.05	2.3
708.375	2.26
708.699	2.29
709.024	2.33
709.348	2.31
709.673	2.32
709.997	2.38
710.322	2.39
710.646	2.4
710.97	2.35
711.294	2.4
711.619	2.36
711.943	2.37
712.267	2.34
712.591	2.32
712.915	2.3
713.239	2.29
713.563	2.29
713.886	2.29
714.21	2.27
714.534	2.22
714.858	2.2
715.181	2.23
715.505	2.24
715.828	2.22
716.152	2.17
716.475	2.14
716.799	2.09
717.122	2.06
717.445	2.05
717.768	2.03
718.092	2.06
718.415	2.04
718.738	2
719.061	1.98
719.384	2.02
719.707	2.09
720.03	2.13
720.352	2.18
720.675	2.21
720.998	2.28
721.32	2.32
721.643	2.39
721.966	2.4
722.288	2.42
722.611	2.43
722.933	2.43
723.255	2.42
723.578	2.46
723.9	2.47
724.222	2.47
724.544	2.4
724.866	2.4
725.188	2.35
725.51	2.37
725.832	2.39
726.154	2.44
726.476	2.45
726.798	2.45
727.12	2.37
727.441	2.33
727.763	2.32
728.085	2.3
728.406	2.29
728.728	2.24
729.049	2.28
729.37	2.24
729.692	2.24
730.013	2.24
730.334	2.22
730.655	2.27
730.977	2.31
731.298	2.36
731.619	2.32
731.94	2.33
732.261	2.32
732.581	2.26
732.902	2.29
733.223	2.3
733.544	2.26
733.864	2.21
734.185	2.21
734.506	2.3
734.826	2.33
735.146	2.37
735.467	2.32
735.787	2.36
736.108	2.41
736.428	2.38
736.748	2.41
737.068	2.43
737.388	2.46
737.708	2.5
738.028	2.5
738.348	2.47
738.668	2.45
738.988	2.57
739.308	2.55
739.628	2.65
739.947	2.73
740.267	2.63
740.586	2.69
740.906	2.71
741.225	2.74
741.545	2.69
741.864	2.67
742.184	2.82
742.503	2.81
742.822	2.94
743.141	2.8
743.46	2.71
743.779	2.81
744.098	2.65
744.417	2.65
744.736	2.55
745.055	2.5
745.374	2.48
745.693	2.32
746.011	2.29
746.33	2.21
746.649	2.23
746.967	2.29
747.286	2.21
747.604	2.36
747.923	2.4
748.241	2.47
748.559	2.52
748.877	2.5
749.196	2.56
749.514	2.54
749.832	2.46
750.15	2.47
750.468	2.49
750.786	2.48
751.104	2.53
751.422	2.62
751.739	2.48
752.057	2.36
752.375	2.39
752.692	2.39
753.01	2.51
753.327	2.67
753.645	2.76
753.962	2.7
754.28	2.75
754.597	2.88
754.914	2.79
755.231	2.91
755.548	2.93
755.866	2.9
756.183	2.9
756.5	2.81
756.816	2.71
757.133	2.66
757.45	2.77
757.767	2.81
758.084	2.59
758.4	2.57
758.717	2.66
759.034	2.79
759.35	2.95
759.667	3.01
759.983	3.01
760.299	3.04
760.616	2.97
760.932	2.89
761.248	2.84
761.564	2.88
761.88	2.89
762.196	2.79
762.512	2.8
762.828	2.68
763.144	2.61
763.46	2.6
763.776	2.56
764.092	2.62
764.407	2.62
764.723	2.62
765.038	2.62
765.354	2.63
765.669	2.58
765.985	2.55
766.3	2.53
766.616	2.57
766.931	2.54
767.246	2.67
767.561	2.66
767.876	2.62
768.191	2.66
768.506	2.69
768.821	2.68
769.136	2.86
769.451	2.86
769.766	2.89
770.08	2.91
770.395	3.03
770.71	2.91
771.024	3.07
771.339	3.19
771.653	3.3
771.968	3.33
772.282	3.4
772.596	3.28
772.911	3.33
773.225	3.36
773.539	3.37
773.853	3.42
774.167	3.56
774.481	3.38
774.795	3.41
775.109	3.34
775.423	3.18
775.737	3.03
776.05	3.04
776.364	2.93
776.678	2.98
776.991	3.14
777.305	3.1
777.618	3.2
777.931	3.36
778.245	3.28
778.558	3.2
778.871	3.36
779.185	3.49
779.498	3.59
779.811	3.73
780.124	3.66
780.437	3.58
780.75	3.6
781.063	3.42
781.375	3.2
781.688	3.17
782.001	3.19
782.314	3.13
782.626	3.12
782.939	3.05
783.251	3.28
783.564	3.36
783.876	3.37
784.188	3.35
784.501	3.48
784.813	3.62
785.125	3.63
785.437	3.78
785.749	3.83
786.061	3.84
786.373	3.75
786.685	3.67
786.997	3.44
787.309	3.39
787.621	3.44
787.932	3.33
788.244	3.33
788.556	3.37
788.867	3.23
789.179	3.17
789.49	3.22
789.801	3.47
790.113	3.4
790.424	3.66
790.735	3.62
791.046	3.59
791.358	3.61
791.669	3.62
791.98	3.72
792.291	3.8
792.601	3.93
792.912	4.02
793.223	3.96
793.534	4.01
793.845	3.9
794.155	4.08
794.466	4.07
794.776	3.78
795.087	3.65
795.397	3.53
795.707	3.52
796.018	3.36
796.328	3.2
796.638	3.16
796.948	2.92
797.258	2.9
797.569	2.7
797.879	2.58
798.188	2.71
798.498	2.91
798.808	2.95
799.118	3.05
799.428	3.09
799.737	3.22
800.047	3.1
800.356	3.25
800.666	3.38
800.975	3.48
801.285	3.69
801.594	3.89
801.903	3.93
802.213	3.92
802.522	3.68
802.831	3.79
803.14	3.58
803.449	3.5
803.758	3.48
804.067	3.3
804.376	3.38
804.684	3.2
804.993	3.18
805.302	2.96
805.611	3.06
805.919	3.16
806.228	2.99
806.536	3.07
806.845	3.12
807.153	3.06
807.461	3.27
807.769	3.15
808.078	3.47
808.386	3.5
808.694	3.4
809.002	3.24
809.31	3.26
809.618	3.3
809.926	3.36
810.233	3.51
810.541	3.66
810.849	3.62
811.157	3.57
811.464	3.24
811.772	3.37
812.079	3.66
812.387	3.67
812.694	3.67
813.001	3.69
813.309	3.84
813.616	3.89
813.923	3.76
814.23	3.86
814.537	3.92
814.844	4.15
815.151	4.02
815.458	4.14
815.765	4.1
816.072	4.14
816.378	4.04
816.685	4
816.992	4.2
817.298	4.35
817.605	4.13
817.911	4.08
818.218	4.07
818.524	4.11
818.83	3.8
819.136	4.06
819.443	4.14
819.749	4.28
820.055	4.29
820.361	4.18
820.667	4.23
820.973	4.36
821.279	4.34
821.584	4.25
821.89	4.13
822.196	4.15
822.501	4.08
822.807	4.05
823.113	4.08
823.418	4.03
823.723	4.05
824.029	4.02
824.334	3.97
824.639	3.95
824.944	3.94
825.25	3.96
825.555	3.93
825.86	3.98
826.165	4.01
826.47	3.97
826.774	4.02
827.079	4.03
827.384	4.11
827.689	4.1
827.993	4.18
828.298	4.23
828.602	4.34
828.907	4.42
829.211	4.39
829.516	4.37
829.82	4.44
830.124	4.53
830.429	4.51
830.733	4.42
831.037	4.4
831.341	4.29
831.645	4.32
831.949	4.29
832.253	4.38
832.556	4.44
832.86	4.54
833.164	4.49
833.467	4.34
833.771	4.3
834.075	4.32
834.378	4.43
834.682	4.47
834.985	4.45
835.288	4.31
835.591	4.23
835.895	4.14
836.198	4.19
836.501	4.22
836.804	4.31
837.107	4.44
837.41	4.47
837.713	4.72
838.016	4.87
838.318	4.94
838.621	5.01
838.924	5.29
839.226	5.44
839.529	5.33
839.831	5.32
840.134	5.03
840.436	4.75
840.738	4.52
841.041	4.19
841.343	3.9
841.645	3.83
841.947	4.09
842.249	3.86
842.551	4.08
842.853	4.07
843.155	4.02
843.457	4.29
843.758	4.28
844.06	3.86
844.362	3.78
844.663	3.67
844.965	3.68
845.266	3.59
845.568	3.39
845.869	3.06
846.17	3.55
846.472	3.51
846.773	3.09
847.074	3.29
847.375	4.28
847.676	4.17
847.977	4.05
848.278	3.86
848.579	3.94
848.88	4.23
849.181	4.45
849.481	4.1
849.782	4.67
850.082	5.24
850.383	5.6
850.683	5.87
850.984	6.04
851.284	6.63
851.585	6.87
851.885	6.94
852.185	7.08
852.485	6.93
852.785	6.85
853.085	6.29
853.385	6.33
853.685	6.72
853.985	6.12
854.285	6.23
854.584	6.03
854.884	5.65
855.184	5.43
855.483	5.22
855.783	5.73
856.082	5.61
856.382	5.79
856.681	6.07
856.98	5.82
857.28	6.14
857.579	5.69
857.878	5.88
858.177	6.54
858.476	6.8
858.775	7.18
859.074	6.93
859.373	6.92
859.671	7.13
859.97	7.7
860.269	7.35
860.567	7.25
860.866	8.02
861.165	7.46
861.463	7.72
861.761	7.34
862.06	7.22
862.358	7.21
862.656	6.4
862.954	6.43
863.252	5.6
863.551	5.85
863.849	6.11
864.146	5.77
864.444	6.33
864.742	6.51
865.04	6.01
865.338	6.74
865.635	6.43
865.933	8.55
866.23	8.88
866.528	9.21
866.825	9.35
867.123	9.04
867.42	8.65
867.717	9.3
868.014	8.94
868.312	9.71
868.609	8.97
868.906	9.46
869.203	8.72
869.5	8.5
869.796	9.12
870.093	9.05
870.39	9.35
870.687	9.6
870.983	9.43
871.28	9.78
871.576	9.6
871.873	9.97
872.169	9.62
872.466	9.26
872.762	9.13
873.058	8.06
873.354	8.06
873.65	8.08
873.947	8.15
874.243	7.96
874.538	7.77
874.834	7.92
875.13	6.82
875.426	7.19
875.722	7.66
876.017	7.48
876.313	8.09
876.608	8.18
876.904	8.16
877.199	8.21
877.495	8.38
877.79	8.2
878.085	8.19
878.381	8.89
878.676	8.83
878.971	8.25
879.266	8.24
879.561	7.61
879.856	7.49
880.151	7.52
880.445	7.1
880.74	6.66
881.035	6.56
881.329	6.46
881.624	6.33
881.919	6.21
882.213	6.21
