177.169	-133.33
177.554	106.79
177.94	488.89
178.326	-583.33
178.711	-1072.22
179.097	887.78
179.482	519.91
179.868	215.85
180.253	203.56
180.639	133.51
181.024	119.98
181.409	4.86
181.795	106.79
182.18	238.06
182.565	-295769861891538.9
182.95	-281.17
183.336	398.78
183.721	340.03
184.106	205.64
184.491	137.06
184.876	108.16
185.261	71.94
185.646	52.87
186.031	29.32
186.416	15.84
186.801	11.8
187.186	13.7
187.57	-23.12
187.955	-22.25
188.34	-9.61
188.725	-12.58
189.11	-16.44
189.494	-27.46
189.879	-8.99
190.263	3.6
190.648	-3.2
191.033	6.38
191.417	7.24
191.802	14.41
192.186	20.5
192.57	19.5
192.955	29.39
193.339	29.53
193.723	33.66
194.108	29.16
194.492	30.92
194.876	37.62
195.26	32.69
195.645	29.14
196.029	32.2
196.413	28.02
196.797	32.77
197.181	32.96
197.565	34.11
197.949	37.34
198.333	37.11
198.717	36
199.101	34.02
199.484	36.73
199.868	33.44
200.252	33.72
200.636	37.88
201.019	33.84
201.403	29.48
201.787	25.47
202.17	22.73
202.554	17.54
202.937	16.99
203.321	12.44
203.704	14.58
204.088	16.11
204.471	13.68
204.855	10.83
205.238	6
205.621	11.82
206.005	18.19
206.388	25.32
206.771	29.9
207.154	32.34
207.537	29.63
207.921	22.76
208.304	25.02
208.687	23.6
209.07	23.27
209.453	31.36
209.836	26.3
210.219	18.64
210.601	12.75
210.984	4.85
211.367	7.75
211.75	15.04
212.133	20.04
212.515	21.19
212.898	20.52
213.281	26.54
213.663	31.22
214.046	33.73
214.428	31.93
214.811	31.97
215.193	38.14
215.576	33.38
215.958	30.02
216.341	30.46
216.723	31.73
217.105	35.84
217.488	27.46
217.87	19.96
218.252	17.05
218.634	19.59
219.017	15.22
219.399	16.69
219.781	17.92
220.163	22.57
220.545	19.31
220.927	18.27
221.309	15.42
221.691	12.04
222.073	16.17
222.455	17.79
222.836	18.52
223.218	20.41
223.6	20.81
223.982	20
224.363	20
224.745	21.2
225.127	21.33
225.508	21.79
225.89	23.58
226.271	22.03
226.653	19.61
227.034	22.7
227.416	19.72
227.797	16.11
228.178	16.31
228.56	12.8
228.941	15.61
229.322	18.07
229.704	16.99
230.085	15.91
230.466	13.32
230.847	11.24
231.228	6.68
231.609	9.92
231.99	9.98
232.371	8.2
232.752	8.7
233.133	4.62
233.514	1.56
233.895	1.26
234.276	4.37
234.657	5.5
235.037	9.8
235.418	8.79
235.799	9.45
236.179	10.62
236.56	11.9
236.941	13.15
237.321	14.1
237.702	13.03
238.082	13.33
238.463	11.58
238.843	9.64
239.223	7.81
239.604	8.5
239.984	7.62
240.364	6.54
240.745	5.87
241.125	5.18
241.505	5.08
241.885	5.51
242.265	5.17
242.645	5.01
243.025	5.8
243.405	6.05
243.785	5.76
244.165	5.44
244.545	5.37
244.925	5.25
245.305	5.23
245.685	5.09
246.065	4.95
246.444	4.93
246.824	4.98
247.204	4.81
247.583	4.53
247.963	4.61
248.343	4.66
248.722	4.61
249.102	4.75
249.481	4.66
249.861	4.72
250.24	4.74
250.619	4.82
250.999	4.86
251.378	4.8
251.757	4.97
252.136	5.05
252.516	5.03
252.895	5.2
253.274	5.19
253.653	5.3
254.032	5.25
254.411	5.18
254.79	5.41
255.169	5.64
255.548	5.63
255.927	5.72
256.306	5.39
256.685	5.3
257.063	5.22
257.442	5.09
257.821	5.01
258.199	4.72
258.578	4.62
258.957	4.53
259.335	4.43
259.714	4.43
260.092	4.4
260.471	4.47
260.849	4.48
261.228	4.48
261.606	4.36
261.984	4.28
262.363	4.5
262.741	4.58
263.119	4.55
263.497	4.57
263.876	4.45
264.254	4.46
264.632	4.27
265.01	4.14
265.388	4.12
265.766	4.27
266.144	4.39
266.522	4.44
266.9	4.49
267.278	4.52
267.655	4.55
268.033	4.51
268.411	4.5
268.789	4.53
269.166	4.55
269.544	4.41
269.922	4.24
270.299	4.06
270.677	3.93
271.054	3.79
271.432	3.63
271.809	3.54
272.186	3.54
272.564	3.52
272.941	3.53
273.318	3.46
273.696	3.42
274.073	3.49
274.45	3.44
274.827	3.41
275.204	3.34
275.582	3.45
275.959	3.48
276.336	3.53
276.713	3.44
277.09	3.43
277.466	3.5
277.843	3.57
278.22	3.52
278.597	3.62
278.974	3.64
279.35	3.62
279.727	3.61
280.104	3.62
280.48	3.6
280.857	3.64
281.234	3.55
281.61	3.48
281.987	3.5
282.363	3.52
282.74	3.54
283.116	3.54
283.492	3.63
283.869	3.68
284.245	3.69
284.621	3.66
284.997	3.69
285.373	3.73
285.75	3.82
286.126	3.89
286.502	3.88
286.878	3.98
287.254	4.11
287.63	4.22
288.006	4.27
288.382	4.38
288.757	4.44
289.133	4.54
289.509	4.7
289.885	4.73
290.26	4.74
290.636	4.97
291.012	4.99
291.387	5.02
291.763	5.1
292.139	5.34
292.514	5.48
292.889	5.7
293.265	5.89
293.64	6.01
294.016	6.21
294.391	6.4
294.766	6.5
295.142	6.68
295.517	6.81
295.892	6.96
296.267	6.99
296.642	7.12
297.017	7.23
297.392	7.36
297.767	7.49
298.142	7.62
298.517	7.74
298.892	7.88
299.267	7.98
299.642	8.16
300.017	8.34
300.391	8.48
300.766	8.63
301.141	8.77
301.515	8.89
301.89	9
302.265	9.15
302.639	9.24
303.014	9.33
303.388	9.53
303.762	9.67
304.137	9.8
304.511	9.97
304.886	10.14
305.26	10.43
305.634	10.49
306.008	10.66
306.382	10.86
306.757	11.13
307.131	11.37
307.505	11.59
307.879	11.73
308.253	11.88
308.627	12
309.001	12.14
309.375	12.23
309.748	12.4
310.122	12.5
310.496	12.63
310.87	12.77
311.243	12.92
311.617	13.03
311.991	13.15
312.364	13.37
312.738	13.58
313.111	13.74
313.485	13.93
313.858	14.22
314.232	14.53
314.605	14.72
314.979	14.88
315.352	15
315.725	15.2
316.098	15.45
316.472	15.63
316.845	15.93
317.218	16.11
317.591	16.3
317.964	16.47
318.337	16.6
318.71	16.8
319.083	16.94
319.456	17.05
319.829	17.22
320.202	17.42
320.574	17.64
320.947	17.66
321.32	17.86
321.693	17.9
322.065	17.93
322.438	18.04
322.81	18.14
323.183	18.25
323.555	18.42
323.928	18.4
324.3	18.39
324.673	18.44
325.045	18.52
325.417	18.67
325.79	18.82
326.162	18.98
326.534	19.07
326.906	19.22
327.278	19.34
327.651	19.45
328.023	19.64
328.395	19.76
328.767	19.8
329.139	19.92
329.511	19.93
329.882	19.98
330.254	20
330.626	20.09
330.998	20.05
331.37	20.1
331.741	20.18
332.113	20.15
332.485	20.22
332.856	20.32
333.228	20.43
333.599	20.54
333.971	20.59
334.342	20.75
334.714	20.84
335.085	20.92
335.456	20.95
335.828	20.97
336.199	21.06
336.57	21.18
336.941	21.26
337.312	21.27
337.683	21.27
338.054	21.41
338.426	21.47
338.797	21.55
339.167	21.53
339.538	21.56
339.909	21.6
340.28	21.71
340.651	21.65
341.022	21.66
341.392	21.67
341.763	21.7
342.134	21.66
342.504	21.64
342.875	21.61
343.246	21.71
343.616	21.75
343.987	21.78
344.357	21.8
344.727	21.87
345.098	21.92
345.468	22
345.838	22.1
346.209	22.22
346.579	22.28
346.949	22.34
347.319	22.47
347.689	22.59
348.059	22.69
348.429	22.71
348.799	22.81
349.169	22.85
349.539	22.89
349.909	22.92
350.279	22.88
350.649	22.94
351.018	23.02
351.388	23.01
351.758	23.01
352.128	23.04
352.497	23.04
352.867	23.02
353.236	23.03
353.606	23
353.975	22.92
354.345	22.99
354.714	22.99
355.083	22.95
355.453	22.92
355.822	22.9
356.191	22.91
356.56	22.96
356.93	23.02
357.299	23.06
357.668	23.13
358.037	23.16
358.406	23.12
358.775	23.08
359.144	23.06
359.513	23.01
359.882	22.94
360.25	22.87
360.619	22.83
360.988	22.83
361.357	22.81
361.725	22.83
362.094	22.9
362.463	22.91
362.831	22.97
363.2	23.05
363.568	23.18
363.937	23.32
364.305	23.47
364.673	23.61
365.042	23.68
365.41	23.75
365.778	23.82
366.146	23.87
366.515	23.95
366.883	24
367.251	24.05
367.619	24.09
367.987	24.15
368.355	24.19
368.723	24.21
369.091	24.23
369.459	24.24
369.826	24.22
370.194	24.21
370.562	24.22
370.93	24.27
371.297	24.28
371.665	24.31
372.033	24.33
372.4	24.32
372.768	24.32
373.135	24.31
373.503	24.34
373.87	24.36
374.237	24.35
374.605	24.37
374.972	24.31
375.339	24.28
375.707	24.2
376.074	24.18
376.441	24.16
376.808	24.16
377.175	24.19
377.542	24.19
377.909	24.2
378.276	24.21
378.643	24.28
379.01	24.32
379.377	24.34
379.744	24.43
380.11	24.46
380.477	24.5
380.844	24.51
381.21	24.55
381.577	24.56
381.944	24.55
382.31	24.54
382.677	24.5
383.043	24.52
383.409	24.54
383.776	24.53
384.142	24.54
384.508	24.56
384.875	24.56
385.241	24.54
385.607	24.57
385.973	24.6
386.339	24.68
386.705	24.69
387.071	24.71
387.437	24.76
387.803	24.79
388.169	24.81
388.535	24.82
388.901	24.83
389.267	24.78
389.633	24.75
389.998	24.73
390.364	24.69
390.73	24.7
391.095	24.69
391.461	24.67
391.826	24.61
392.192	24.6
392.557	24.59
392.923	24.6
393.288	24.66
393.653	24.73
394.019	24.79
394.384	24.84
394.749	24.87
395.114	24.92
395.479	24.94
395.844	25.02
396.21	25.07
396.575	25.1
396.94	25.15
397.304	25.18
397.669	25.19
398.034	25.17
398.399	25.18
398.764	25.21
399.129	25.22
399.493	25.25
399.858	25.25
400.223	25.27
400.587	25.3
400.952	25.29
401.316	25.3
401.681	25.24
402.045	25.23
402.409	25.18
402.774	25.1
403.138	25.08
403.502	25.07
403.867	25.06
404.231	25.05
404.595	25.04
404.959	25.06
405.323	25.08
405.687	25.15
406.051	25.2
406.415	25.26
406.779	25.35
407.143	25.4
407.507	25.42
407.871	25.41
408.234	25.41
408.598	25.43
408.962	25.45
409.325	25.46
409.689	25.47
410.053	25.46
410.416	25.48
410.78	25.5
411.143	25.49
411.506	25.49
411.87	25.54
412.233	25.58
412.596	25.58
412.96	25.56
413.323	25.5
413.686	25.46
414.049	25.4
414.412	25.33
414.775	25.27
415.138	25.21
415.501	25.14
415.864	25.08
416.227	24.97
416.59	24.91
416.953	24.83
417.315	24.79
417.678	24.73
418.041	24.67
418.404	24.61
418.766	24.53
419.129	24.48
419.491	24.45
419.854	24.45
420.216	24.44
420.579	24.44
420.941	24.44
421.303	24.43
421.666	24.42
422.028	24.4
422.39	24.4
422.752	24.42
423.114	24.44
423.476	24.46
423.839	24.46
424.201	24.51
424.563	24.52
424.924	24.56
425.286	24.61
425.648	24.68
426.01	24.78
426.372	24.87
426.733	24.96
427.095	25.05
427.457	25.14
427.818	25.22
428.18	25.24
428.542	25.31
428.903	25.34
429.264	25.35
429.626	25.36
429.987	25.33
430.349	25.32
430.71	25.29
431.071	25.23
431.432	25.17
431.794	25.12
432.155	25.09
432.516	25.06
432.877	25.06
433.238	25.06
433.599	25.06
433.96	25.07
434.321	25.1
434.681	25.13
435.042	25.18
435.403	25.23
435.764	25.26
436.124	25.29
436.485	25.28
436.846	25.23
437.206	25.18
437.567	25.12
437.927	25.04
438.288	24.98
438.648	24.92
439.008	24.86
439.369	24.82
439.729	24.81
440.089	24.82
440.449	24.83
440.81	24.86
441.17	24.88
441.53	24.92
441.89	24.98
442.25	24.98
442.61	25
442.97	25.01
443.33	25.01
443.689	24.98
444.049	24.9
444.409	24.84
444.769	24.78
445.128	24.74
445.488	24.72
445.848	24.7
446.207	24.73
446.567	24.78
446.926	24.82
447.285	24.87
447.645	24.93
448.004	25.02
448.363	25.12
448.723	25.24
449.082	25.34
449.441	25.42
449.8	25.49
450.159	25.51
450.518	25.49
450.877	25.48
451.236	25.47
451.595	25.47
451.954	25.46
452.313	25.46
452.672	25.45
453.031	25.46
453.389	25.46
453.748	25.48
454.107	25.51
454.465	25.54
454.824	25.58
455.182	25.6
455.541	25.61
455.899	25.61
456.258	25.56
456.616	25.53
456.974	25.44
457.333	25.35
457.691	25.24
458.049	25.16
458.407	25.13
458.765	25.11
459.123	25.13
459.481	25.14
459.839	25.17
460.197	25.23
460.555	25.28
460.913	25.36
461.271	25.46
461.629	25.61
461.987	25.72
462.344	25.82
462.702	25.9
463.06	25.92
463.417	25.95
463.775	25.98
464.132	25.97
464.49	25.97
464.847	25.98
465.204	25.99
465.562	25.97
465.919	26
466.276	26.04
466.633	26.08
466.991	26.13
467.348	26.15
467.705	26.12
468.062	26.12
468.419	26.13
468.776	26.12
469.133	26.12
469.49	26.15
469.846	26.15
470.203	26.13
470.56	26.12
470.917	26.11
471.273	26.13
471.63	26.17
471.986	26.2
472.343	26.22
472.699	26.25
473.056	26.25
473.412	26.24
473.769	26.24
474.125	26.24
474.481	26.21
474.838	26.15
475.194	26.11
475.55	26.05
475.906	25.99
476.262	25.95
476.618	25.89
476.974	25.87
477.33	25.87
477.686	25.88
478.042	25.88
478.398	25.9
478.753	25.92
479.109	25.93
479.465	25.89
479.821	25.87
480.176	25.81
480.532	25.75
480.887	25.66
481.243	25.53
481.598	25.6
481.954	26.14
482.309	26.56
482.664	26.6
483.02	26.3
483.375	25.93
483.73	25.94
484.085	25.94
484.44	25.92
484.795	25.91
485.15	25.9
485.505	25.81
485.86	25.39
486.215	24.94
486.57	24.76
486.925	24.94
487.28	25.28
487.634	25.27
487.989	25.28
488.344	25.31
488.698	25.34
489.053	25.35
489.407	25.34
489.762	25.33
490.116	25.32
490.471	25.34
490.825	25.35
491.179	25.38
491.534	25.39
491.888	25.4
492.242	25.42
492.596	25.46
492.95	25.54
493.304	25.65
493.658	25.76
494.012	25.88
494.366	25.92
494.72	25.9
495.074	25.86
495.428	25.83
495.782	25.79
496.135	25.76
496.489	25.73
496.843	25.71
497.196	25.69
497.55	25.7
497.903	25.72
498.257	25.77
498.61	25.83
498.963	25.9
499.317	25.95
499.67	26.02
500.023	26.07
500.376	26.14
500.73	26.17
501.083	26.2
501.436	26.22
501.789	26.2
502.142	26.18
502.495	26.18
502.848	26.14
503.201	26.13
503.553	26.1
503.906	26.11
504.259	26.1
504.612	26.11
504.964	26.1
505.317	26.09
505.669	26.09
506.022	26.07
506.374	26.03
506.727	26
507.079	25.95
507.432	25.9
507.784	25.85
508.136	25.82
508.488	25.78
508.841	25.77
509.193	25.76
509.545	25.76
509.897	25.76
510.249	25.77
510.601	25.78
510.953	25.79
511.305	25.82
511.656	25.86
512.008	25.87
512.36	25.9
512.712	25.94
513.063	25.97
513.415	26.03
513.766	26.06
514.118	26.12
514.469	26.16
514.821	26.19
515.172	26.16
515.524	26.1
515.875	26.03
516.226	25.92
516.577	25.8
516.929	25.69
517.28	25.59
517.631	25.56
517.982	25.51
518.333	25.49
518.684	25.49
519.035	25.5
519.386	25.53
519.737	25.58
520.087	25.66
520.438	25.75
520.789	25.84
521.139	25.91
521.49	25.96
521.841	25.99
522.191	26
522.542	25.97
522.892	25.94
523.243	25.85
523.593	25.74
523.943	25.62
524.293	25.54
524.644	25.49
524.994	25.47
525.344	25.42
525.694	25.39
526.044	25.31
526.394	25.27
526.744	25.29
527.094	25.36
527.444	25.38
527.794	25.44
528.144	25.47
528.493	25.49
528.843	25.5
529.193	25.51
529.542	25.53
529.892	25.57
530.241	25.61
530.591	25.59
530.94	25.52
531.29	25.46
531.639	25.37
531.988	25.32
532.338	25.29
532.687	25.28
533.036	25.29
533.385	25.3
533.734	25.31
534.083	25.31
534.432	25.31
534.781	25.31
535.13	25.34
535.479	25.39
535.828	25.44
536.177	25.47
536.525	25.5
536.874	25.5
537.223	25.51
537.571	25.52
537.92	25.53
538.268	25.56
538.617	25.58
538.965	25.55
539.314	25.44
539.662	25.33
540.01	25.26
540.359	25.24
540.707	25.23
541.055	25.22
541.403	25.2
541.751	25.19
542.099	25.2
542.447	25.22
542.795	25.29
543.143	25.38
543.491	25.47
543.839	25.52
544.187	25.53
544.534	25.5
544.882	25.48
545.23	25.47
545.577	25.47
545.925	25.48
546.272	25.52
546.62	25.56
546.967	25.57
547.314	25.65
547.662	25.72
548.009	25.8
548.356	25.89
548.704	26
549.051	26.12
549.398	26.22
549.745	26.3
550.092	26.3
550.439	26.27
550.786	26.23
551.133	26.15
551.479	26.09
551.826	26.07
552.173	26.09
552.52	26.1
552.866	26.12
553.213	26.14
553.56	26.16
553.906	26.19
554.253	26.24
554.599	26.32
554.945	26.39
555.292	26.45
555.638	26.48
555.984	26.5
556.331	26.5
556.677	26.5
557.023	26.51
557.369	26.5
557.715	26.49
558.061	26.5
558.407	26.48
558.753	26.47
559.099	26.47
559.444	26.45
559.79	26.4
560.136	26.4
560.482	26.4
560.827	26.37
561.173	26.37
561.518	26.39
561.864	26.38
562.209	26.39
562.555	26.38
562.9	26.37
563.245	26.35
563.591	26.32
563.936	26.24
564.281	26.14
564.626	26.07
564.971	25.99
565.316	25.92
565.661	25.9
566.006	25.89
566.351	25.9
566.696	25.9
567.041	25.92
567.386	25.94
567.73	25.98
568.075	26.02
568.42	26.07
568.764	26.13
569.109	26.14
569.453	26.1
569.798	26.01
570.142	25.91
570.487	25.85
570.831	25.78
571.175	25.76
571.519	25.76
571.864	25.77
572.208	25.77
572.552	25.76
572.896	25.76
573.24	25.74
573.584	25.77
573.928	25.81
574.272	25.85
574.616	25.91
574.959	25.93
575.303	25.94
575.647	25.94
575.99	25.96
576.334	26
576.678	26.05
577.021	26.15
577.364	26.24
577.708	26.32
578.051	26.39
578.395	26.42
578.738	26.47
579.081	26.5
579.424	26.56
579.767	26.61
580.111	26.62
580.454	26.65
580.797	26.67
581.14	26.66
581.482	26.67
581.825	26.67
582.168	26.68
582.511	26.69
582.854	26.7
583.196	26.69
583.539	26.71
583.882	26.72
584.224	26.71
584.567	26.7
584.909	26.71
585.252	26.68
585.594	26.68
585.936	26.67
586.279	26.66
586.621	26.62
586.963	26.59
587.305	26.54
587.647	26.49
587.989	26.43
588.331	26.37
588.673	26.33
589.015	26.3
589.357	26.29
589.699	26.28
590.041	26.27
590.382	26.28
590.724	26.29
591.066	26.28
591.407	26.29
591.749	26.33
592.09	26.35
592.432	26.31
592.773	26.28
593.114	26.24
593.456	26.21
593.797	26.19
594.138	26.14
594.479	26.08
594.821	26
595.162	25.88
595.503	25.78
595.844	25.71
596.185	25.71
596.525	25.72
596.866	25.74
597.207	25.76
597.548	25.79
597.889	25.84
598.229	25.89
598.57	25.97
598.91	26.07
599.251	26.18
599.592	26.27
599.932	26.34
600.272	26.36
600.613	26.35
600.953	26.32
601.293	26.23
601.633	26.13
601.974	26.02
602.314	25.92
602.654	25.84
602.994	25.77
603.334	25.69
603.674	25.6
604.014	25.58
604.353	25.58
604.693	25.6
605.033	25.65
605.373	25.7
605.712	25.78
606.052	25.84
606.391	25.91
606.731	25.97
607.07	26.02
607.41	26.03
607.749	25.96
608.088	25.88
608.428	25.82
608.767	25.77
609.106	25.73
609.445	25.72
609.784	25.72
610.123	25.76
610.462	25.78
610.801	25.87
611.14	25.96
611.479	26.09
611.818	26.2
612.157	26.3
612.495	26.37
612.834	26.45
613.173	26.49
613.511	26.53
613.85	26.52
614.188	26.51
614.527	26.48
614.865	26.46
615.203	26.45
615.542	26.49
615.88	26.48
616.218	26.48
616.556	26.49
616.894	26.49
617.233	26.48
617.571	26.51
617.908	26.53
618.246	26.55
618.584	26.59
618.922	26.59
619.26	26.59
619.598	26.61
619.935	26.6
620.273	26.58
620.611	26.56
620.948	26.55
621.286	26.52
621.623	26.51
621.96	26.52
622.298	26.5
622.635	26.52
622.972	26.5
623.31	26.51
623.647	26.48
623.984	26.41
624.321	26.33
624.658	26.25
624.995	26.18
625.332	26.11
625.669	26.02
626.006	25.99
626.342	25.94
626.679	25.92
627.016	25.89
627.352	25.89
627.689	25.93
628.026	26
628.362	26.04
628.699	26.1
629.035	26.16
629.371	26.22
629.708	26.24
630.044	26.3
630.38	26.34
630.716	26.35
631.052	26.39
631.388	26.4
631.725	26.37
632.06	26.36
632.396	26.31
632.732	26.28
633.068	26.28
633.404	26.25
633.74	26.22
634.075	26.2
634.411	26.2
634.747	26.18
635.082	26.2
635.418	26.2
635.753	26.24
636.089	26.28
636.424	26.3
636.759	26.34
637.095	26.36
637.43	26.37
637.765	26.36
638.1	26.39
638.435	26.37
638.77	26.37
639.105	26.37
639.44	26.39
639.775	26.41
640.11	26.41
640.445	26.4
640.779	26.46
641.114	26.45
641.449	26.46
641.783	26.47
642.118	26.49
642.452	26.45
642.787	26.46
643.121	26.45
643.456	26.45
643.79	26.44
644.124	26.45
644.458	26.45
644.793	26.47
645.127	26.47
645.461	26.49
645.795	26.52
646.129	26.56
646.463	26.56
646.797	26.57
647.13	26.57
647.464	26.6
647.798	26.62
648.132	26.58
648.465	26.58
648.799	26.52
649.132	26.51
649.466	26.48
649.799	26.44
650.133	26.41
650.466	26.37
650.799	26.33
651.133	26.28
651.466	26.26
651.799	26.27
652.132	26.27
652.465	26.29
652.798	26.26
653.131	26.27
653.464	26.28
653.797	26.29
654.13	26.29
654.463	26.3
654.795	26.31
655.128	26.27
655.461	26.25
655.793	26.2
656.126	26.25
656.458	26.22
656.791	26.15
657.123	26.06
657.455	25.97
657.788	25.92
658.12	25.84
658.452	25.79
658.784	25.77
659.116	25.72
659.448	25.72
659.78	25.68
660.112	25.7
660.444	25.7
660.776	25.75
661.108	25.83
661.44	25.89
661.771	26
662.103	26.07
662.435	26.08
662.766	26.14
663.098	26.2
663.429	26.2
663.761	26.22
664.092	26.29
664.423	26.33
664.755	26.34
665.086	26.34
665.417	26.34
665.748	26.34
666.079	26.38
666.41	26.37
666.741	26.31
667.072	26.35
667.403	26.31
667.734	26.25
668.065	26.21
668.395	26.21
668.726	26.2
669.057	26.18
669.387	26.16
669.718	26.17
670.048	26.17
670.379	26.21
670.709	26.2
671.039	26.22
671.37	26.28
671.7	26.33
672.03	26.35
672.36	26.35
672.69	26.32
673.02	26.33
673.35	26.37
673.68	26.38
674.01	26.33
674.34	26.35
674.67	26.37
675	26.32
675.329	26.27
675.659	26.25
675.989	26.28
676.318	26.28
676.648	26.25
676.977	26.16
677.307	26.13
677.636	26.13
677.965	26.03
678.295	25.92
678.624	25.84
678.953	25.8
679.282	25.74
679.611	25.66
679.94	25.65
680.269	25.65
680.598	25.69
680.927	25.73
681.256	25.72
681.584	25.8
681.913	25.9
682.242	25.98
682.57	26.06
682.899	26.12
683.228	26.23
683.556	26.31
683.884	26.32
684.213	26.39
684.541	26.39
684.869	26.46
685.198	26.43
685.526	26.43
685.854	26.44
686.182	26.49
686.51	26.53
686.838	26.52
687.166	26.54
687.494	26.61
687.822	26.55
688.149	26.51
688.477	26.5
688.805	26.54
689.133	26.52
689.46	26.53
689.788	26.49
690.115	26.41
690.443	26.36
690.77	26.29
691.097	26.21
691.425	26.22
691.752	26.24
692.079	26.24
692.406	26.21
692.733	26.2
693.06	26.18
693.387	26.13
693.714	26.19
694.041	26.16
694.368	26.14
694.695	26.16
695.021	26.14
695.348	26.12
695.675	26.08
696.001	26.1
696.328	26.03
696.654	25.94
696.981	25.81
697.307	25.71
697.634	25.64
697.96	25.58
698.286	25.55
698.612	25.53
698.938	25.52
699.264	25.54
699.591	25.55
699.917	25.59
700.242	25.64
700.568	25.73
700.894	25.78
701.22	25.91
701.546	26.02
701.871	26.06
702.197	26.08
702.523	26.11
702.848	26.01
703.174	25.96
703.499	25.92
703.824	25.94
704.15	25.95
704.475	26.01
704.8	26
705.125	25.91
705.451	25.9
705.776	25.91
706.101	25.96
706.426	26.07
706.751	26.05
707.076	26.08
707.4	26.11
707.725	26.11
708.05	26.13
708.375	26.17
708.699	26.23
709.024	26.2
709.348	26.27
709.673	26.27
709.997	26.31
710.322	26.38
710.646	26.46
710.97	26.45
711.294	26.46
711.619	26.4
711.943	26.35
712.267	26.37
712.591	26.38
712.915	26.31
713.239	26.29
713.563	26.2
713.886	26.15
714.21	25.99
714.534	25.91
714.858	25.88
715.181	25.88
715.505	25.82
715.828	25.78
716.152	25.78
716.475	25.78
716.799	25.76
717.122	25.73
717.445	25.74
717.768	25.82
718.092	25.83
718.415	25.78
718.738	25.8
719.061	25.88
719.384	25.93
719.707	25.96
720.03	26
720.352	26.06
720.675	26.11
720.998	26.13
721.32	26.15
721.643	26.23
721.966	26.34
722.288	26.41
722.611	26.42
722.933	26.39
723.255	26.43
723.578	26.39
723.9	26.36
724.222	26.38
724.544	26.41
724.866	26.45
725.188	26.44
725.51	26.39
725.832	26.37
726.154	26.37
726.476	26.35
726.798	26.23
727.12	26.19
727.441	26.15
727.763	26.12
728.085	26.08
728.406	26
728.728	25.96
729.049	25.93
729.37	25.97
729.692	25.96
730.013	25.99
730.334	26.11
730.655	26.18
730.977	26.22
731.298	26.19
731.619	26.16
731.94	26.13
732.261	26.11
732.581	26.11
732.902	26
733.223	25.96
733.544	25.95
733.864	25.84
734.185	25.81
734.506	25.84
734.826	25.95
735.146	25.97
735.467	26.07
735.787	26.17
736.108	26.21
736.428	26.29
736.748	26.29
737.068	26.34
737.388	26.44
737.708	26.53
738.028	26.53
738.348	26.54
738.668	26.52
738.988	26.51
739.308	26.48
739.628	26.55
739.947	26.54
740.267	26.62
740.586	26.55
740.906	26.57
741.225	26.46
741.545	26.37
741.864	26.36
742.184	26.43
742.503	26.34
742.822	26.24
743.141	26.17
743.46	26.12
743.779	26.04
744.098	26.02
744.417	26.07
744.736	26.17
745.055	26.24
745.374	26.17
745.693	26.01
746.011	26.16
746.33	26.33
746.649	26.23
746.967	26.31
747.286	26.36
747.604	26.42
747.923	26.22
748.241	26.3
748.559	26.31
748.877	26.35
749.196	26.46
749.514	26.29
749.832	26.29
750.15	26.34
750.468	26.31
750.786	26.3
751.104	26.31
751.422	26.37
751.739	26.18
752.057	26.05
752.375	25.98
752.692	26
753.01	26
753.327	25.88
753.645	25.87
753.962	25.82
754.28	25.82
754.597	25.79
754.914	25.88
755.231	25.96
755.548	26.2
755.866	26.26
756.183	26.22
756.5	26.32
756.816	26.39
757.133	26.5
757.45	26.56
757.767	26.57
758.084	26.58
758.4	26.55
758.717	26.46
759.034	26.42
759.35	26.35
759.667	26.37
759.983	26.41
760.299	26.41
760.616	26.38
760.932	26.4
761.248	26.43
761.564	26.57
761.88	26.62
762.196	26.68
762.512	26.62
762.828	26.63
763.144	26.58
763.46	26.54
763.776	26.52
764.092	26.46
764.407	26.43
764.723	26.35
765.038	26.34
765.354	26.38
765.669	26.38
765.985	26.29
766.3	26.32
766.616	26.37
766.931	26.29
767.246	26.28
767.561	26.28
767.876	26.23
768.191	26.15
768.506	25.98
768.821	25.78
769.136	25.71
769.451	25.77
769.766	25.66
770.08	25.65
770.395	25.66
770.71	25.5
771.024	25.42
771.339	25.5
771.653	25.63
771.968	25.53
772.282	25.51
772.596	25.51
772.911	25.3
773.225	25.3
773.539	25.23
773.853	25.2
774.167	25.37
774.481	25.59
774.795	25.63
775.109	25.69
775.423	25.72
775.737	25.58
776.05	25.56
776.364	25.78
776.678	25.77
776.991	25.78
777.305	25.85
777.618	25.76
777.931	25.58
778.245	25.62
778.558	25.64
778.871	25.57
779.185	25.81
779.498	25.87
779.811	25.86
780.124	25.99
780.437	25.87
780.75	25.65
781.063	25.68
781.375	25.81
781.688	25.67
782.001	25.46
782.314	25.7
782.626	25.35
782.939	25.28
783.251	25.23
783.564	25.25
783.876	25.34
784.188	25.63
784.501	25.56
784.813	25.49
785.125	25.41
785.437	25.51
785.749	25.38
786.061	25.69
786.373	25.66
786.685	25.76
786.997	25.64
787.309	25.66
787.621	25.61
787.932	25.7
788.244	25.6
788.556	25.62
788.867	25.64
789.179	25.82
789.49	25.77
789.801	25.67
790.113	25.58
790.424	25.56
790.735	25.52
791.046	25.54
791.358	25.51
791.669	25.55
791.98	25.54
792.291	25.49
792.601	25.29
792.912	25.18
793.223	25.44
793.534	25.41
793.845	25.56
794.155	25.55
794.466	25.49
794.776	25.62
795.087	25.65
795.397	25.58
795.707	25.7
796.018	25.69
796.328	25.88
796.638	25.94
796.948	25.96
797.258	25.75
797.569	25.9
797.879	25.89
798.188	25.75
798.498	25.8
798.808	25.88
799.118	25.9
799.428	25.9
799.737	25.91
800.047	25.73
800.356	25.76
800.666	25.79
800.975	25.69
801.285	25.65
801.594	25.68
801.903	25.73
802.213	25.9
802.522	25.82
802.831	25.71
803.14	25.71
803.449	25.96
803.758	26.03
804.067	26.17
804.376	26.29
804.684	26.36
804.993	26.49
805.302	26.42
805.611	26.38
805.919	26.33
806.228	26.5
806.536	26.6
806.845	26.59
807.153	26.47
807.461	26.49
807.769	26.23
808.078	26.25
808.386	26.08
808.694	26.07
809.002	25.88
809.31	26.11
809.618	26.1
809.926	26.17
810.233	25.99
810.541	26.06
810.849	26.08
811.157	26.13
811.464	26.31
811.772	26.52
812.079	26.66
812.387	26.71
812.694	26.79
813.001	26.8
813.309	26.63
813.616	26.64
813.923	26.52
814.23	26.58
814.537	26.72
814.844	26.46
815.151	26.15
815.458	26.06
815.765	26.09
816.072	25.81
816.378	25.88
816.685	25.55
816.992	25.46
817.298	25.63
817.605	25.44
817.911	25.43
818.218	25.44
818.524	25.77
818.83	25.85
819.136	25.83
819.443	26.02
819.749	26.05
820.055	26.38
820.361	26.45
820.667	26.59
820.973	26.87
821.279	27.06
821.584	27.13
821.89	27.1
822.196	27.02
822.501	27.1
822.807	27.05
823.113	27.02
823.418	27
823.723	27.02
824.029	27
824.334	26.95
824.639	26.88
824.944	26.9
825.25	26.96
825.555	27.11
825.86	27.16
826.165	27.18
826.47	27.22
826.774	27.27
827.079	27.24
827.384	27.2
827.689	27.17
827.993	27.21
828.298	27.19
828.602	27.09
828.907	26.97
829.211	26.78
829.516	26.81
829.82	26.88
830.124	26.87
830.429	26.98
830.733	27.1
831.037	27.16
831.341	27.16
831.645	27.08
831.949	26.96
832.253	26.83
832.556	26.94
832.86	26.89
833.164	26.6
833.467	26.37
833.771	26.32
834.075	26.26
834.378	26.24
834.682	26.14
834.985	26.08
835.288	26.17
835.591	26.29
835.895	26.38
836.198	26.36
836.501	26.51
836.804	26.58
837.107	26.56
837.41	26.47
837.713	26.44
838.016	26.56
838.318	26.75
838.621	26.71
838.924	26.65
839.226	26.49
839.529	26.63
839.831	26.45
840.134	26.32
840.436	26.26
840.738	26.5
841.041	26.68
841.343	26.69
841.645	26.78
841.947	26.58
842.249	26.6
842.551	26.82
842.853	26.49
843.155	26.6
843.457	26.83
843.758	26.79
844.06	26.62
844.362	26.53
844.663	26.68
844.965	26.69
845.266	26.98
845.568	26.8
845.869	26.44
846.17	26.82
846.472	27.02
846.773	27.15
847.074	27
847.375	27.18
847.676	27.19
847.977	26.5
848.278	26.04
848.579	26.02
848.88	26.42
849.181	26.66
849.481	26.48
849.782	26.61
850.082	26.47
850.383	26.67
850.683	27.02
850.984	27.05
851.284	27.59
851.585	27.42
851.885	27.2
852.185	27.41
852.485	27.35
852.785	27.1
853.085	26.71
853.385	26.68
853.685	27.05
853.985	26.62
854.285	26.4
854.584	26.94
854.884	27.48
855.184	27.64
855.483	26.73
855.783	26.3
856.082	26.44
856.382	26.56
856.681	26.38
856.98	25.92
857.28	25.73
857.579	25.75
857.878	25.26
858.177	24.85
858.476	25
858.775	26.12
859.074	26.02
859.373	26.48
859.671	26.7
859.97	26.82
860.269	27.09
860.567	26.9
860.866	27.42
861.165	27.05
861.463	27.72
861.761	28.02
862.06	27.95
862.358	28.43
862.656	28.18
862.954	28.31
863.252	28.1
863.551	27.57
863.849	27.79
864.146	27.29
864.444	27.59
864.742	27.46
865.04	26.92
865.338	25.86
865.635	25.52
865.933	25.78
866.23	25.44
866.528	25.88
866.825	26.77
867.123	27.08
867.42	27.15
867.717	26.83
868.014	25.97
868.312	26.18
868.609	26.86
868.906	27.16
869.203	26.63
869.5	26.43
869.796	26.4
870.093	26.36
870.39	26.26
870.687	27.02
870.983	27.63
871.28	28.1
871.576	27.89
871.873	27.9
872.169	28.04
872.466	28.68
872.762	29.31
873.058	29.57
873.354	28.84
873.65	28.83
873.947	27.8
874.243	27.14
874.538	27.2
874.834	26.94
875.13	26.26
875.426	26.38
875.722	26.31
876.017	25.87
876.313	25.55
876.608	25.63
876.904	25.34
877.199	25.68
877.495	25.78
877.79	25.22
878.085	25.16
878.381	25.66
878.676	25.17
878.971	24.77
879.266	24.49
879.561	24.58
879.856	25.26
880.151	25.63
880.445	25.95
880.74	26.34
881.035	26.62
881.329	26.89
881.624	26.89
881.919	27.01
882.213	27.23
