177.169	-356.76
177.554	-465.96
177.94	-651.43
178.326	468.42
178.711	-742.11
179.097	439.23
179.482	468.51
179.868	-440.19
180.253	280.11
180.639	79.01
181.024	32.41
181.409	21.29
181.795	-465.96
182.18	274.96
182.565	159.86
182.95	288.55
183.336	156.09
183.721	166.59
184.106	211.44
184.491	174.84
184.876	-2318.18
185.261	-1771.23
185.646	-585.34
186.031	-138.97
186.416	-20.02
186.801	-19.18
187.186	6.6
187.57	6.41
187.955	8.36
188.34	-0.26
188.725	-13.52
189.11	-12.99
189.494	-14.15
189.879	-3.96
190.263	-8.77
190.648	-3.42
191.033	0.5
191.417	5.92
191.802	18.79
192.186	12.83
192.57	12.39
192.955	16.39
193.339	17.56
193.723	19.47
194.108	19.4
194.492	30.45
194.876	24.56
195.26	11.59
195.645	-7.91
196.029	-20.9
196.413	-9.12
196.797	0.76
197.181	1.98
197.565	-0.21
197.949	-3.29
198.333	-6.35
198.717	-5.19
199.101	-7.72
199.484	-2.63
199.868	6.76
200.252	10.88
200.636	8.39
201.019	3.57
201.403	-3.98
201.787	-9.7
202.17	-8.96
202.554	-6.4
202.937	-9.88
203.321	-1
203.704	-0.58
204.088	1.91
204.471	2.41
204.855	1.39
205.238	-2.73
205.621	-1.37
206.005	7.42
206.388	6.02
206.771	8.35
207.154	10.36
207.537	5.64
207.921	11.4
208.304	10.77
208.687	10.18
209.07	12.34
209.453	17.66
209.836	18.77
210.219	4.97
210.601	7.59
210.984	8.28
211.367	6.77
211.75	4.81
212.133	-4.43
212.515	3.89
212.898	-0.68
213.281	-1
213.663	4.41
214.046	11.06
214.428	25.6
214.811	24.74
215.193	28.03
215.576	26.84
215.958	37.78
216.341	43.85
216.723	41.2
217.105	37.19
217.488	37.72
217.87	37.67
218.252	38.99
218.634	43.52
219.017	38.81
219.399	31.66
219.781	36.09
220.163	32.43
220.545	31.09
220.927	25.02
221.309	27.14
221.691	23.48
222.073	24.24
222.455	20.61
222.836	10.72
223.218	10.73
223.6	14.38
223.982	15.42
224.363	8.04
224.745	4.54
225.127	13.7
225.508	18.58
225.89	23.37
226.271	18.27
226.653	17.18
227.034	16.34
227.416	22.09
227.797	15.61
228.178	13.8
228.56	14.66
228.941	12.45
229.322	9.43
229.704	7.82
230.085	5.38
230.466	0.52
230.847	2.44
231.228	3.35
231.609	1.8
231.99	7.32
232.371	6.34
232.752	6.63
233.133	10.53
233.514	10.59
233.895	10.69
234.276	12.67
234.657	17.8
235.037	15.57
235.418	17.12
235.799	15.04
236.179	12.69
236.56	11.38
236.941	12.99
237.321	11.37
237.702	10.83
238.082	10.9
238.463	8.32
238.843	7.72
239.223	7.52
239.604	6.36
239.984	6.34
240.364	5.74
240.745	5.49
241.125	5.44
241.505	5.42
241.885	5.33
242.265	5.02
242.645	4.95
243.025	4.45
243.405	4.34
243.785	4.35
244.165	4.35
244.545	4.56
244.925	4.43
245.305	3.83
245.685	3.79
246.065	3.72
246.444	3.63
246.824	3.63
247.204	3.72
247.583	3.69
247.963	3.55
248.343	3.57
248.722	3.54
249.102	3.71
249.481	3.73
249.861	3.57
250.24	3.49
250.619	3.67
250.999	3.72
251.378	3.8
251.757	3.57
252.136	3.76
252.516	3.54
252.895	3.64
253.274	3.37
253.653	3.64
254.032	4
254.411	3.85
254.79	4.03
255.169	4.13
255.548	3.96
255.927	4
256.306	3.81
256.685	3.82
257.063	3.51
257.442	3.4
257.821	3.28
258.199	3.09
258.578	3.09
258.957	2.98
259.335	2.92
259.714	2.92
260.092	2.91
260.471	2.91
260.849	2.97
261.228	2.94
261.606	2.97
261.984	2.96
262.363	3.06
262.741	3.19
263.119	3.24
263.497	3.19
263.876	3.06
264.254	3.17
264.632	3.19
265.01	3.18
265.388	3.27
265.766	3.05
266.144	2.99
266.522	3
266.9	2.89
267.278	2.77
267.655	2.88
268.033	2.8
268.411	2.79
268.789	2.69
269.166	2.6
269.544	2.5
269.922	2.56
270.299	2.62
270.677	2.62
271.054	2.69
271.432	2.78
271.809	2.86
272.186	3
272.564	3
272.941	3.03
273.318	2.97
273.696	3.01
274.073	3.11
274.45	3.01
274.827	2.98
275.204	2.94
275.582	2.93
275.959	2.72
276.336	2.67
276.713	2.7
277.09	2.85
277.466	2.9
277.843	2.85
278.22	2.9
278.597	2.96
278.974	2.97
279.35	3.06
279.727	2.98
280.104	2.99
280.48	3
280.857	2.95
281.234	2.94
281.61	2.92
281.987	2.91
282.363	2.94
282.74	2.87
283.116	2.77
283.492	2.72
283.869	2.74
284.245	2.7
284.621	2.73
284.997	2.75
285.373	2.72
285.75	2.76
286.126	2.85
286.502	2.83
286.878	3.02
287.254	3.09
287.63	3.1
288.006	3.16
288.382	3.19
288.757	3.2
289.133	3.14
289.509	3.17
289.885	3.16
290.26	3.11
290.636	3.11
291.012	3.02
291.387	3.03
291.763	3.05
292.139	3.13
292.514	3.14
292.889	3.12
293.265	3.11
293.64	3
294.016	3.02
294.391	3.05
294.766	3.03
295.142	3.02
295.517	2.99
295.892	2.9
296.267	2.83
296.642	2.81
297.017	2.78
297.392	2.83
297.767	2.88
298.142	2.78
298.517	2.71
298.892	2.71
299.267	2.67
299.642	2.72
300.017	2.76
300.391	2.68
300.766	2.73
301.141	2.7
301.515	2.72
301.89	2.64
302.265	2.8
302.639	2.85
303.014	2.84
303.388	2.95
303.762	2.92
304.137	3
304.511	2.98
304.886	2.92
305.26	2.93
305.634	2.89
306.008	2.99
306.382	2.95
306.757	2.96
307.131	3.02
307.505	2.9
307.879	2.83
308.253	2.78
308.627	2.88
309.001	2.98
309.375	2.99
309.748	2.94
310.122	2.92
310.496	2.95
310.87	3
311.243	2.9
311.617	2.93
311.991	2.93
312.364	2.95
312.738	2.98
313.111	2.91
313.485	2.88
313.858	2.89
314.232	2.83
314.605	2.72
314.979	2.71
315.352	2.74
315.725	2.71
316.098	2.75
316.472	2.85
316.845	2.77
317.218	2.75
317.591	2.78
317.964	2.88
318.337	2.92
318.71	2.93
319.083	2.88
319.456	2.88
319.829	2.86
320.202	2.9
320.574	2.76
320.947	2.82
321.32	2.84
321.693	2.91
322.065	2.79
322.438	2.83
322.81	2.87
323.183	2.84
323.555	2.86
323.928	2.89
324.3	2.9
324.673	2.93
325.045	2.92
325.417	2.97
325.79	2.94
326.162	3.05
326.534	3.07
326.906	3.05
327.278	3.05
327.651	2.97
328.023	2.93
328.395	2.9
328.767	2.86
329.139	2.86
329.511	2.82
329.882	2.74
330.254	2.7
330.626	2.75
330.998	2.82
331.37	2.82
331.741	2.87
332.113	2.92
332.485	2.89
332.856	2.92
333.228	2.89
333.599	2.91
333.971	2.99
334.342	2.96
334.714	2.95
335.085	2.94
335.456	2.99
335.828	3.02
336.199	3
336.57	3.11
336.941	3.08
337.312	3.05
337.683	3
338.054	3.01
338.426	3.03
338.797	2.94
339.167	2.96
339.538	2.95
339.909	2.96
340.28	2.96
340.651	2.87
341.022	2.92
341.392	3.04
341.763	3.11
342.134	3.09
342.504	3.08
342.875	3.11
343.246	3.1
343.616	3.16
343.987	3.1
344.357	3.05
344.727	3.01
345.098	2.99
345.468	2.9
345.838	2.85
346.209	2.82
346.579	2.81
346.949	2.81
347.319	2.82
347.689	2.75
348.059	2.8
348.429	2.84
348.799	2.93
349.169	2.89
349.539	2.9
349.909	2.92
350.279	2.94
350.649	2.94
351.018	2.94
351.388	2.92
351.758	2.92
352.128	2.88
352.497	2.91
352.867	2.84
353.236	2.89
353.606	2.89
353.975	2.9
354.345	2.94
354.714	2.96
355.083	2.98
355.453	3
355.822	3.05
356.191	3.1
356.56	3.11
356.93	3.11
357.299	3.1
357.668	3.12
358.037	3.12
358.406	3.14
358.775	3.15
359.144	3.16
359.513	3.15
359.882	3.11
360.25	3.08
360.619	3.07
360.988	3.09
361.357	3.1
361.725	3.08
362.094	3.08
362.463	3.03
362.831	3
363.2	2.98
363.568	2.96
363.937	2.95
364.305	2.94
364.673	2.92
365.042	2.91
365.41	2.92
365.778	2.92
366.146	2.91
366.515	2.92
366.883	2.96
367.251	2.93
367.619	2.96
367.987	2.97
368.355	2.96
368.723	2.95
369.091	2.95
369.459	2.94
369.826	2.97
370.194	2.96
370.562	3
370.93	3
371.297	3.07
371.665	3.04
372.033	3.04
372.4	3.03
372.768	3.07
373.135	3.08
373.503	3.06
373.87	3.06
374.237	3.09
374.605	3.1
374.972	3.09
375.339	3.04
375.707	3.03
376.074	3.04
376.441	3.07
376.808	3.1
377.175	3.1
377.542	3.1
377.909	3.12
378.276	3.07
378.643	3.06
379.01	3.06
379.377	3.05
379.744	3.07
380.11	3.1
380.477	3.13
380.844	3.1
381.21	3.1
381.577	3.09
381.944	3.09
382.31	3.11
382.677	3.13
383.043	3.15
383.409	3.15
383.776	3.16
384.142	3.11
384.508	3.11
384.875	3.14
385.241	3.14
385.607	3.16
385.973	3.15
386.339	3.16
386.705	3.15
387.071	3.15
387.437	3.18
387.803	3.17
388.169	3.16
388.535	3.16
388.901	3.12
389.267	3.1
389.633	3.12
389.998	3.15
390.364	3.16
390.73	3.15
391.095	3.16
391.461	3.15
391.826	3.15
392.192	3.16
392.557	3.16
392.923	3.17
393.288	3.19
393.653	3.17
394.019	3.14
394.384	3.14
394.749	3.16
395.114	3.14
395.479	3.15
395.844	3.16
396.21	3.19
396.575	3.19
396.94	3.2
397.304	3.2
397.669	3.2
398.034	3.2
398.399	3.18
398.764	3.17
399.129	3.18
399.493	3.17
399.858	3.16
400.223	3.16
400.587	3.16
400.952	3.17
401.316	3.18
401.681	3.18
402.045	3.22
402.409	3.25
402.774	3.26
403.138	3.27
403.502	3.28
403.867	3.27
404.231	3.26
404.595	3.26
404.959	3.27
405.323	3.26
405.687	3.28
406.051	3.29
406.415	3.28
406.779	3.29
407.143	3.29
407.507	3.29
407.871	3.29
408.234	3.3
408.598	3.31
408.962	3.29
409.325	3.31
409.689	3.31
410.053	3.28
410.416	3.28
410.78	3.3
411.143	3.33
411.506	3.33
411.87	3.38
412.233	3.38
412.596	3.38
412.96	3.4
413.323	3.41
413.686	3.43
414.049	3.44
414.412	3.44
414.775	3.44
415.138	3.42
415.501	3.4
415.864	3.38
416.227	3.38
416.59	3.37
416.953	3.37
417.315	3.38
417.678	3.38
418.041	3.38
418.404	3.37
418.766	3.36
419.129	3.36
419.491	3.37
419.854	3.36
420.216	3.36
420.579	3.36
420.941	3.37
421.303	3.36
421.666	3.35
422.028	3.35
422.39	3.37
422.752	3.37
423.114	3.38
423.476	3.38
423.839	3.39
424.201	3.4
424.563	3.4
424.924	3.4
425.286	3.42
425.648	3.43
426.01	3.45
426.372	3.46
426.733	3.48
427.095	3.49
427.457	3.5
427.818	3.53
428.18	3.54
428.542	3.56
428.903	3.57
429.264	3.56
429.626	3.58
429.987	3.56
430.349	3.55
430.71	3.54
431.071	3.53
431.432	3.53
431.794	3.52
432.155	3.51
432.516	3.51
432.877	3.52
433.238	3.52
433.599	3.52
433.96	3.53
434.321	3.55
434.681	3.57
435.042	3.59
435.403	3.6
435.764	3.62
436.124	3.64
436.485	3.65
436.846	3.65
437.206	3.65
437.567	3.66
437.927	3.65
438.288	3.64
438.648	3.64
439.008	3.64
439.369	3.65
439.729	3.65
440.089	3.65
440.449	3.66
440.81	3.67
441.17	3.69
441.53	3.69
441.89	3.7
442.25	3.71
442.61	3.73
442.97	3.73
443.33	3.74
443.689	3.75
444.049	3.75
444.409	3.75
444.769	3.74
445.128	3.73
445.488	3.74
445.848	3.75
446.207	3.75
446.567	3.75
446.926	3.75
447.285	3.75
447.645	3.76
448.004	3.77
448.363	3.79
448.723	3.8
449.082	3.81
449.441	3.83
449.8	3.84
450.159	3.86
450.518	3.87
450.877	3.88
451.236	3.89
451.595	3.89
451.954	3.91
452.313	3.9
452.672	3.92
453.031	3.92
453.389	3.91
453.748	3.91
454.107	3.9
454.465	3.92
454.824	3.94
455.182	3.96
455.541	3.97
455.899	3.98
456.258	4
456.616	4.01
456.974	4.02
457.333	4.02
457.691	4.03
458.049	4.03
458.407	4.02
458.765	4.02
459.123	4.01
459.481	4.01
459.839	4.02
460.197	4.03
460.555	4.03
460.913	4.04
461.271	4.06
461.629	4.07
461.987	4.1
462.344	4.14
462.702	4.15
463.06	4.19
463.417	4.21
463.775	4.23
464.132	4.24
464.49	4.24
464.847	4.26
465.204	4.27
465.562	4.28
465.919	4.29
466.276	4.3
466.633	4.33
466.991	4.34
467.348	4.34
467.705	4.34
468.062	4.34
468.419	4.35
468.776	4.37
469.133	4.37
469.49	4.38
469.846	4.39
470.203	4.4
470.56	4.41
470.917	4.42
471.273	4.44
471.63	4.44
471.986	4.45
472.343	4.48
472.699	4.49
473.056	4.51
473.412	4.51
473.769	4.52
474.125	4.53
474.481	4.51
474.838	4.52
475.194	4.53
475.55	4.55
475.906	4.57
476.262	4.57
476.618	4.56
476.974	4.56
477.33	4.57
477.686	4.6
478.042	4.6
478.398	4.62
478.753	4.65
479.109	4.65
479.465	4.66
479.821	4.67
480.176	4.69
480.532	4.71
480.887	4.74
481.243	4.75
481.598	4.76
481.954	4.79
482.309	4.81
482.664	4.77
483.02	4.77
483.375	4.76
483.73	4.76
484.085	4.77
484.44	4.77
484.795	4.76
485.15	4.77
485.505	4.77
485.86	4.75
486.215	4.73
486.57	4.77
486.925	4.78
487.28	4.8
487.634	4.81
487.989	4.82
488.344	4.83
488.698	4.85
489.053	4.87
489.407	4.89
489.762	4.91
490.116	4.92
490.471	4.93
490.825	4.95
491.179	4.96
491.534	4.98
491.888	4.99
492.242	4.99
492.596	5
492.95	5
493.304	5.02
493.658	5.05
494.012	5.08
494.366	5.11
494.72	5.15
495.074	5.18
495.428	5.19
495.782	5.21
496.135	5.22
496.489	5.23
496.843	5.26
497.196	5.26
497.55	5.27
497.903	5.28
498.257	5.3
498.61	5.32
498.963	5.33
499.317	5.36
499.67	5.38
500.023	5.4
500.376	5.43
500.73	5.46
501.083	5.49
501.436	5.51
501.789	5.54
502.142	5.56
502.495	5.57
502.848	5.57
503.201	5.58
503.553	5.6
503.906	5.61
504.259	5.62
504.612	5.63
504.964	5.65
505.317	5.66
505.669	5.67
506.022	5.69
506.374	5.71
506.727	5.74
507.079	5.76
507.432	5.78
507.784	5.8
508.136	5.82
508.488	5.83
508.841	5.84
509.193	5.86
509.545	5.87
509.897	5.89
510.249	5.9
510.601	5.93
510.953	5.95
511.305	5.97
511.656	5.98
512.008	6.01
512.36	6.03
512.712	6.06
513.063	6.08
513.415	6.1
513.766	6.14
514.118	6.16
514.469	6.18
514.821	6.21
515.172	6.24
515.524	6.27
515.875	6.3
516.226	6.33
516.577	6.35
516.929	6.37
517.28	6.39
517.631	6.4
517.982	6.41
518.333	6.43
518.684	6.45
519.035	6.46
519.386	6.47
519.737	6.48
520.087	6.5
520.438	6.52
520.789	6.56
521.139	6.59
521.49	6.63
521.841	6.67
522.191	6.69
522.542	6.72
522.892	6.74
523.243	6.77
523.593	6.79
523.943	6.8
524.293	6.81
524.644	6.83
524.994	6.84
525.344	6.86
525.694	6.91
526.044	6.94
526.394	6.97
526.744	7
527.094	7.02
527.444	7.03
527.794	7.04
528.144	7.07
528.493	7.08
528.843	7.1
529.193	7.11
529.542	7.11
529.892	7.12
530.241	7.14
530.591	7.16
530.94	7.2
531.29	7.25
531.639	7.3
531.988	7.33
532.338	7.34
532.687	7.37
533.036	7.39
533.385	7.42
533.734	7.44
534.083	7.47
534.432	7.49
534.781	7.51
535.13	7.54
535.479	7.56
535.828	7.6
536.177	7.64
536.525	7.69
536.874	7.72
537.223	7.75
537.571	7.77
537.92	7.8
538.268	7.85
538.617	7.9
538.965	7.96
539.314	8.01
539.662	8.04
540.01	8.06
540.359	8.07
540.707	8.09
541.055	8.1
541.403	8.11
541.751	8.12
542.099	8.14
542.447	8.16
542.795	8.18
543.143	8.21
543.491	8.24
543.839	8.29
544.187	8.33
544.534	8.37
544.882	8.41
545.23	8.46
545.577	8.49
545.925	8.52
546.272	8.55
546.62	8.59
546.967	8.63
547.314	8.66
547.662	8.7
548.009	8.75
548.356	8.81
548.704	8.85
549.051	8.91
549.398	9
549.745	9.06
550.092	9.1
550.439	9.15
550.786	9.16
551.133	9.2
551.479	9.25
551.826	9.26
552.173	9.28
552.52	9.32
552.866	9.35
553.213	9.36
553.56	9.4
553.906	9.43
554.253	9.47
554.599	9.52
554.945	9.57
555.292	9.62
555.638	9.67
555.984	9.72
556.331	9.76
556.677	9.82
557.023	9.87
557.369	9.9
557.715	9.95
558.061	9.98
558.407	10.02
558.753	10.06
559.099	10.08
559.444	10.11
559.79	10.13
560.136	10.17
560.482	10.18
560.827	10.2
561.173	10.24
561.518	10.27
561.864	10.3
562.209	10.34
562.555	10.38
562.9	10.43
563.245	10.49
563.591	10.52
563.936	10.56
564.281	10.6
564.626	10.63
564.971	10.66
565.316	10.68
565.661	10.73
566.006	10.76
566.351	10.79
566.696	10.81
567.041	10.85
567.386	10.9
567.73	10.94
568.075	10.99
568.42	11.06
568.764	11.12
569.109	11.18
569.453	11.23
569.798	11.26
570.142	11.31
570.487	11.35
570.831	11.38
571.175	11.42
571.519	11.45
571.864	11.48
572.208	11.51
572.552	11.55
572.896	11.57
573.24	11.6
573.584	11.65
573.928	11.68
574.272	11.73
574.616	11.78
574.959	11.8
575.303	11.84
575.647	11.88
575.99	11.92
576.334	11.96
576.678	12.02
577.021	12.08
577.364	12.14
577.708	12.19
578.051	12.25
578.395	12.3
578.738	12.34
579.081	12.39
579.424	12.44
579.767	12.49
580.111	12.54
580.454	12.57
580.797	12.6
581.14	12.64
581.482	12.67
581.825	12.69
582.168	12.72
582.511	12.77
582.854	12.81
583.196	12.88
583.539	12.93
583.882	12.97
584.224	13.01
584.567	13.07
584.909	13.1
585.252	13.16
585.594	13.22
585.936	13.27
586.279	13.33
586.621	13.38
586.963	13.41
587.305	13.44
587.647	13.45
587.989	13.52
588.331	13.55
588.673	13.58
589.015	13.61
589.357	13.65
589.699	13.7
590.041	13.75
590.382	13.8
590.724	13.84
591.066	13.91
591.407	13.96
591.749	14.02
592.09	14.08
592.432	14.13
592.773	14.2
593.114	14.26
593.456	14.31
593.797	14.34
594.138	14.4
594.479	14.45
594.821	14.49
595.162	14.53
595.503	14.53
595.844	14.57
596.185	14.61
596.525	14.64
596.866	14.67
597.207	14.71
597.548	14.73
597.889	14.75
598.229	14.79
598.57	14.83
598.91	14.88
599.251	14.95
599.592	15
599.932	15.05
600.272	15.11
600.613	15.15
600.953	15.18
601.293	15.22
601.633	15.27
601.974	15.29
602.314	15.33
602.654	15.37
602.994	15.42
603.334	15.43
603.674	15.46
604.014	15.49
604.353	15.53
604.693	15.57
605.033	15.63
605.373	15.66
605.712	15.7
606.052	15.74
606.391	15.79
606.731	15.81
607.07	15.89
607.41	15.94
607.749	15.97
608.088	16
608.428	16.02
608.767	16.05
609.106	16.1
609.445	16.11
609.784	16.15
610.123	16.19
610.462	16.24
610.801	16.27
611.14	16.33
611.479	16.4
611.818	16.46
612.157	16.52
612.495	16.59
612.834	16.62
613.173	16.7
613.511	16.7
613.85	16.7
614.188	16.75
614.527	16.8
614.865	16.84
615.203	16.86
615.542	16.92
615.88	16.99
616.218	17.01
616.556	17.07
616.894	17.11
617.233	17.21
617.571	17.28
617.908	17.33
618.246	17.41
618.584	17.43
618.922	17.54
619.26	17.59
619.598	17.62
619.935	17.65
620.273	17.71
620.611	17.76
620.948	17.77
621.286	17.8
621.623	17.86
621.96	17.86
622.298	17.94
622.635	17.9
622.972	17.92
623.31	17.99
623.647	18.03
623.984	18.08
624.321	18.11
624.658	18.16
624.995	18.2
625.332	18.22
625.669	18.27
626.006	18.29
626.342	18.32
626.679	18.38
627.016	18.36
627.352	18.38
627.689	18.4
628.026	18.44
628.362	18.47
628.699	18.53
629.035	18.56
629.371	18.59
629.708	18.63
630.044	18.7
630.38	18.74
630.716	18.79
631.052	18.88
631.388	18.9
631.725	18.95
632.06	19.04
632.396	19.09
632.732	19.15
633.068	19.19
633.404	19.24
633.74	19.27
634.075	19.3
634.411	19.37
634.747	19.38
635.082	19.42
635.418	19.48
635.753	19.47
636.089	19.48
636.424	19.54
636.759	19.59
637.095	19.63
637.43	19.66
637.765	19.69
638.1	19.69
638.435	19.76
638.77	19.82
639.105	19.82
639.44	19.9
639.775	19.95
640.11	20.01
640.445	20.08
640.779	20.15
641.114	20.21
641.449	20.28
641.783	20.41
642.118	20.44
642.452	20.5
642.787	20.57
643.121	20.61
643.456	20.66
643.79	20.66
644.124	20.68
644.458	20.73
644.793	20.76
645.127	20.79
645.461	20.77
645.795	20.83
646.129	20.85
646.463	20.93
646.797	20.99
647.13	21.03
647.464	21.05
647.798	21.07
648.132	21.09
648.465	21.17
648.799	21.2
649.132	21.23
649.466	21.32
649.799	21.41
650.133	21.43
650.466	21.47
650.799	21.51
651.133	21.53
651.466	21.55
651.799	21.6
652.132	21.63
652.465	21.68
652.798	21.76
653.131	21.75
653.464	21.72
653.797	21.72
654.13	21.77
654.463	21.8
654.795	21.94
655.128	22.03
655.461	22.07
655.793	22.11
656.126	22.12
656.458	22.15
656.791	22.19
657.123	22.31
657.455	22.37
657.788	22.39
658.12	22.41
658.452	22.41
658.784	22.42
659.116	22.47
659.448	22.51
659.78	22.57
660.112	22.58
660.444	22.63
660.776	22.62
661.108	22.67
661.44	22.71
661.771	22.8
662.103	22.84
662.435	22.92
662.766	22.91
663.098	22.94
663.429	22.98
663.761	23.03
664.092	23.04
664.423	23.06
664.755	23.12
665.086	23.13
665.417	23.16
665.748	23.23
666.079	23.19
666.41	23.27
666.741	23.27
667.072	23.32
667.403	23.35
667.734	23.42
668.065	23.45
668.395	23.46
668.726	23.57
669.057	23.55
669.387	23.58
669.718	23.65
670.048	23.63
670.379	23.72
670.709	23.73
671.039	23.8
671.37	23.76
671.7	23.84
672.03	23.87
672.36	23.89
672.69	23.99
673.02	24.02
673.35	24.1
673.68	24.19
674.01	24.2
674.34	24.24
674.67	24.28
675	24.32
675.329	24.3
675.659	24.35
675.989	24.41
676.318	24.41
676.648	24.41
676.977	24.41
677.307	24.41
677.636	24.48
677.965	24.58
678.295	24.58
678.624	24.67
678.953	24.74
679.282	24.78
679.611	24.79
679.94	24.82
680.269	24.86
680.598	24.91
680.927	24.93
681.256	24.98
681.584	24.99
681.913	25.01
682.242	25.02
682.57	25.01
682.899	25.03
683.228	25.07
683.556	25.19
683.884	25.25
684.213	25.25
684.541	25.27
684.869	25.24
685.198	25.2
685.526	25.25
685.854	25.29
686.182	25.38
686.51	25.39
686.838	25.34
687.166	25.31
687.494	25.24
687.822	25.21
688.149	25.28
688.477	25.35
688.805	25.4
689.133	25.38
689.46	25.45
689.788	25.42
690.115	25.45
690.443	25.52
690.77	25.55
691.097	25.61
691.425	25.71
691.752	25.71
692.079	25.73
692.406	25.77
692.733	25.85
693.06	25.88
693.387	25.97
693.714	26.01
694.041	26.08
694.368	26.07
694.695	26.15
695.021	26.17
695.348	26.22
695.675	26.24
696.001	26.28
696.328	26.32
696.654	26.35
696.981	26.45
697.307	26.5
697.634	26.45
697.96	26.5
698.286	26.61
698.612	26.67
698.938	26.71
699.264	26.72
699.591	26.74
699.917	26.77
700.242	26.77
700.568	26.76
700.894	26.82
701.22	26.95
701.546	26.99
701.871	26.97
702.197	26.98
702.523	27
702.848	27.06
703.174	27.11
703.499	27.07
703.824	27.14
704.15	27.21
704.475	27.25
704.8	27.23
705.125	27.33
705.451	27.36
705.776	27.43
706.101	27.46
706.426	27.5
706.751	27.57
707.076	27.73
707.4	27.72
707.725	27.69
708.05	27.67
708.375	27.66
708.699	27.68
709.024	27.74
709.348	27.75
709.673	27.81
709.997	27.92
710.322	27.96
710.646	27.98
710.97	28.09
711.294	28.22
711.619	28.24
711.943	28.33
712.267	28.33
712.591	28.35
712.915	28.38
713.239	28.4
713.563	28.4
713.886	28.41
714.21	28.42
714.534	28.38
714.858	28.33
715.181	28.42
715.505	28.45
715.828	28.46
716.152	28.53
716.475	28.54
716.799	28.62
717.122	28.71
717.445	28.68
717.768	28.77
718.092	28.84
718.415	28.94
718.738	28.97
719.061	29
719.384	29.13
719.707	29.15
720.03	29.28
720.352	29.36
720.675	29.44
720.998	29.48
721.32	29.48
721.643	29.6
721.966	29.63
722.288	29.55
722.611	29.56
722.933	29.56
723.255	29.53
723.578	29.56
723.9	29.63
724.222	29.62
724.544	29.75
724.866	29.73
725.188	29.7
725.51	29.73
725.832	29.85
726.154	29.87
726.476	29.87
726.798	29.87
727.12	29.91
727.441	29.8
727.763	29.72
728.085	29.72
728.406	29.79
728.728	29.73
729.049	29.74
729.37	29.84
729.692	29.91
730.013	30
730.334	30.14
730.655	30.21
730.977	30.27
731.298	30.22
731.619	30.31
731.94	30.32
732.261	30.4
732.581	30.51
732.902	30.52
733.223	30.61
733.544	30.56
733.864	30.49
734.185	30.5
734.506	30.51
734.826	30.68
735.146	30.68
735.467	30.72
735.787	30.75
736.108	30.75
736.428	30.79
736.748	30.87
737.068	30.92
737.388	31.03
737.708	31.08
738.028	31.19
738.348	31.21
738.668	31.2
738.988	31.22
739.308	31.31
739.628	31.32
739.947	31.25
740.267	31.12
740.586	31.12
740.906	31.13
741.225	31.09
741.545	31.12
741.864	31.12
742.184	31.2
742.503	31.33
742.822	31.35
743.141	31.41
743.46	31.55
743.779	31.53
744.098	31.75
744.417	31.9
744.736	31.89
745.055	31.96
745.374	31.95
745.693	31.94
746.011	31.92
746.33	32.06
746.649	32.02
746.967	31.94
747.286	32.1
747.604	32.19
747.923	32.12
748.241	32.11
748.559	32.07
748.877	32.15
749.196	32.12
749.514	32.15
749.832	32.07
750.15	32.11
750.468	32.25
750.786	32.37
751.104	32.11
751.422	32.14
751.739	32.29
752.057	32.37
752.375	32.35
752.692	32.36
753.01	32.38
753.327	32.37
753.645	32.39
753.962	32.29
754.28	32.17
754.597	32.31
754.914	32.31
755.231	32.37
755.548	32.27
755.866	32.36
756.183	32.49
756.5	32.48
756.816	32.65
757.133	32.74
757.45	32.93
757.767	33.03
758.084	32.94
758.4	33
758.717	32.89
759.034	32.98
759.35	32.94
759.667	32.84
759.983	32.9
760.299	32.83
760.616	32.82
760.932	32.8
761.248	32.81
761.564	33.02
761.88	33.06
762.196	33.07
762.512	33.14
762.828	33.15
763.144	33.29
763.46	33.29
763.776	33.29
764.092	33.36
764.407	33.36
764.723	33.29
765.038	33.33
765.354	33.3
765.669	33.41
765.985	33.43
766.3	33.5
766.616	33.47
766.931	33.5
767.246	33.51
767.561	33.52
767.876	33.68
768.191	33.85
768.506	33.85
768.821	34.04
769.136	34.14
769.451	34.19
769.766	34.23
770.08	34.49
770.395	34.61
770.71	34.71
771.024	34.67
771.339	34.49
771.653	34.45
771.968	34.37
772.282	34.28
772.596	34.37
772.911	34.31
773.225	34.27
773.539	34.21
773.853	34.05
774.167	34.02
774.481	34.07
774.795	34.23
775.109	34.35
775.423	34.26
775.737	34.37
776.05	34.32
776.364	34.36
776.678	34.48
776.991	34.39
777.305	34.38
777.618	34.44
777.931	34.47
778.245	34.45
778.558	34.4
778.871	34.4
779.185	34.44
779.498	34.27
779.811	34.25
780.124	34.44
780.437	34.35
780.75	34.39
781.063	34.37
781.375	34.44
781.688	34.44
782.001	34.54
782.314	34.72
782.626	34.65
782.939	34.84
783.251	34.97
783.564	34.81
783.876	35.15
784.188	35.35
784.501	35.33
784.813	35.37
785.125	35.48
785.437	35.38
785.749	35.48
786.061	35.52
786.373	35.59
786.685	35.55
786.997	35.37
787.309	35.25
787.621	35.22
787.932	35.29
788.244	35.37
788.556	35.28
788.867	35.29
789.179	35.31
789.49	35.2
789.801	35.09
790.113	35.18
790.424	35.32
790.735	35.24
791.046	35.44
791.358	35.37
791.669	35.33
791.98	35.19
792.291	35.22
792.601	35.27
792.912	35.45
793.223	35.45
793.534	35.41
793.845	35.31
794.155	35.46
794.466	35.4
794.776	35.49
795.087	35.64
795.397	36.01
795.707	36.08
796.018	35.94
796.328	35.71
796.638	35.83
796.948	35.79
797.258	36
797.569	35.84
797.879	35.88
798.188	35.97
798.498	35.54
798.808	35.31
799.118	35.36
799.428	35.54
799.737	35.83
800.047	35.79
800.356	35.69
800.666	35.71
800.975	35.82
801.285	35.75
801.594	35.54
801.903	35.93
802.213	36.16
802.522	36.18
802.831	35.88
803.14	35.99
803.449	35.83
803.758	35.88
804.067	35.86
804.376	35.95
804.684	35.96
804.993	36.11
805.302	36.03
805.611	35.88
805.919	35.9
806.228	36.51
806.536	36.32
806.845	36.54
807.153	36.63
807.461	36.87
807.769	36.68
808.078	36.68
808.386	36.69
808.694	36.45
809.002	36.57
809.31	36.55
809.618	36
809.926	36.11
810.233	36.13
810.541	36.32
810.849	36.07
811.157	36.5
811.464	36.64
811.772	36.81
812.079	37.15
812.387	36.94
812.694	37.29
813.001	37.62
813.309	37.4
813.616	37.24
813.923	37.14
814.23	37.37
814.537	37.14
814.844	37.04
815.151	36.89
815.458	36.86
815.765	37.33
816.072	37.07
816.378	36.96
816.685	37.38
816.992	37.65
817.298	37.65
817.605	37.61
817.911	37.49
818.218	37.37
818.524	37.36
818.83	37.24
819.136	37.14
819.443	37.34
819.749	37.09
820.055	37.07
820.361	36.9
820.667	36.68
820.973	36.64
821.279	36.87
821.584	37.01
821.89	37.13
822.196	37.19
822.501	37.29
822.807	37.24
823.113	37.33
823.418	37.32
823.723	37.37
824.029	37.43
824.334	37.45
824.639	37.4
824.944	37.4
825.25	37.35
825.555	37.33
825.86	37.27
826.165	37.33
826.47	37.41
826.774	37.42
827.079	37.39
827.384	37.43
827.689	37.48
827.993	37.54
828.298	37.57
828.602	37.69
828.907	37.74
829.211	37.75
829.516	37.72
829.82	37.68
830.124	37.76
830.429	37.96
830.733	38.08
831.037	38.14
831.341	38.09
831.645	38.21
831.949	38.1
832.253	37.92
832.556	37.87
832.86	37.84
833.164	37.94
833.467	38.09
833.771	37.96
834.075	37.99
834.378	38.05
834.682	38.15
834.985	38.17
835.288	38.23
835.591	38.5
835.895	38.52
836.198	38.66
836.501	38.62
836.804	38.37
837.107	38.43
837.41	38.48
837.713	38.51
838.016	38.4
838.318	38.28
838.621	38.36
838.924	38.26
839.226	38.11
839.529	38.05
839.831	37.97
840.134	38.25
840.436	38.46
840.738	38.45
841.041	38.45
841.343	38.74
841.645	38.94
841.947	38.7
842.249	39.11
842.551	39.36
842.853	39.67
843.155	40.11
843.457	40.1
843.758	40.22
844.06	40.3
844.362	40.64
844.663	40.64
844.965	40.56
845.266	40.5
845.568	40.18
845.869	40.55
846.17	39.76
846.472	39.36
846.773	38.68
847.074	38.36
847.375	38.42
847.676	38.4
847.977	38.93
848.278	38.69
848.579	38.66
848.88	38.35
849.181	38.35
849.481	39.41
849.782	38.96
850.082	39.76
850.383	39.02
850.683	38.69
850.984	37.68
851.284	37.03
851.585	37.14
851.885	38.02
852.185	37.98
852.485	37.14
852.785	36.03
853.085	35.65
853.385	35.91
853.685	36.06
853.985	36.05
854.285	36.39
854.584	36.6
854.884	36.97
855.184	37.23
855.483	37.39
855.783	38.3
856.082	38.62
856.382	39.48
856.681	39.4
856.98	39.9
857.28	40.48
857.579	40.77
857.878	40.83
858.177	40.47
858.476	39.96
858.775	40.11
859.074	39.65
859.373	40.05
859.671	39.63
859.97	39.63
860.269	40.1
860.567	39.34
860.866	39.44
861.165	39.24
861.463	39.57
861.761	39.67
862.06	39.48
862.358	40.12
862.656	40.39
862.954	41.08
863.252	40.44
863.551	39.88
863.849	40.69
864.146	40.91
864.444	41.35
864.742	41.34
865.04	41.31
865.338	40.79
865.635	40.17
865.933	39.29
866.23	38.69
866.528	38.73
866.825	38.77
867.123	39.08
867.42	38.7
867.717	38.23
868.014	38.65
868.312	38.26
868.609	39.27
868.906	39.13
869.203	39.82
869.5	40.64
869.796	40.28
870.093	40.31
870.39	39.69
870.687	40.01
870.983	40.34
871.28	39.28
871.576	39.28
871.873	38.88
872.169	39.53
872.466	38.77
872.762	38.37
873.058	39.19
873.354	39.29
873.65	38.67
873.947	38.45
874.243	38.22
874.538	38.54
874.834	38.57
875.13	38.76
875.426	38.5
875.722	38.98
876.017	39.15
876.313	38.98
876.608	39.25
876.904	39.53
877.199	39.3
877.495	38.59
877.79	38.71
878.085	39.58
878.381	39.73
878.676	39.87
878.971	39.18
879.266	39.75
879.561	40.32
879.856	40.08
880.151	40.43
880.445	40.62
880.74	41.11
881.035	41.2
881.329	40.94
881.624	40.8
881.919	40.78
882.213	41.38
