177.169	39.62
177.554	77.92
177.94	15.79
178.326	111.11
178.711	81.08
179.097	144.2
179.482	40.63
179.868	34.06
180.253	46.68
180.639	25.47
181.024	49.52
181.409	76.87
181.795	77.92
182.18	-505.26
182.565	261.31
182.95	173.95
183.336	350.4
183.721	402.53
184.106	-437.94
184.491	553.71
184.876	115.04
185.261	123.39
185.646	81.1
186.031	63.77
186.416	31.79
186.801	17.72
187.186	12.73
187.57	6.71
187.955	6.09
188.34	12.1
188.725	9.53
189.11	9.16
189.494	10.22
189.879	18.25
190.263	15.59
190.648	15.6
191.033	14.1
191.417	15.77
191.802	19.7
192.186	25.48
192.57	24.6
192.955	24.69
193.339	23.6
193.723	21.78
194.108	21.07
194.492	23.99
194.876	23.34
195.26	24
195.645	14.81
196.029	14.69
196.413	12.04
196.797	18.27
197.181	17.46
197.565	16.65
197.949	14.82
198.333	15.89
198.717	16.02
199.101	20.72
199.484	22.58
199.868	33.64
200.252	30.08
200.636	24.73
201.019	23.64
201.403	24.84
201.787	21.67
202.17	18.11
202.554	14.43
202.937	9.9
203.321	8.87
203.704	14.66
204.088	16.62
204.471	17.59
204.855	18.66
205.238	21.58
205.621	20.79
206.005	26.52
206.388	32.44
206.771	31.44
207.154	40.07
207.537	41.24
207.921	41.26
208.304	35.49
208.687	35.48
209.07	34.18
209.453	32.34
209.836	35.8
210.219	36.39
210.601	31.32
210.984	31.98
211.367	28.18
211.75	31.55
212.133	32.59
212.515	34.56
212.898	36.31
213.281	42.47
213.663	38.24
214.046	29.97
214.428	31.99
214.811	31.58
215.193	31.8
215.576	29.4
215.958	21.7
216.341	21.08
216.723	23.12
217.105	28.27
217.488	27.28
217.87	28.69
218.252	33.3
218.634	33.25
219.017	36.75
219.399	37.02
219.781	37.23
220.163	40.37
220.545	34.41
220.927	32.97
221.309	25.43
221.691	25.85
222.073	26.94
222.455	21.98
222.836	17.74
223.218	14.2
223.6	17.04
223.982	20.71
224.363	19.86
224.745	19.96
225.127	21.34
225.508	24.61
225.89	23.5
226.271	27.9
226.653	27.84
227.034	28.37
227.416	34.07
227.797	31.9
228.178	26.12
228.56	23.95
228.941	26.37
229.322	28.05
229.704	27.81
230.085	23.98
230.466	17.7
230.847	17.76
231.228	19.84
231.609	19.76
231.99	16.55
232.371	18
232.752	20.11
233.133	18.68
233.514	14.31
233.895	11.44
234.276	11.59
234.657	14.77
235.037	14.62
235.418	14.74
235.799	11.05
236.179	12.01
236.56	11.02
236.941	9.41
237.321	9.51
237.702	9.28
238.082	10.9
238.463	10.27
238.843	7.73
239.223	7.59
239.604	5.93
239.984	5.43
240.364	4.26
240.745	3.95
241.125	3.76
241.505	3.36
241.885	3
242.265	2.34
242.645	2.25
243.025	2.08
243.405	2.27
243.785	2.51
244.165	2.8
244.545	2.8
244.925	2.79
245.305	2.57
245.685	2.62
246.065	2.72
246.444	2.77
246.824	2.77
247.204	2.75
247.583	2.57
247.963	2.7
248.343	2.65
248.722	2.75
249.102	2.72
249.481	3.05
249.861	3.13
250.24	3.31
250.619	3.12
250.999	3.24
251.378	3.4
251.757	3.25
252.136	2.95
252.516	2.99
252.895	3.08
253.274	3.07
253.653	2.61
254.032	2.65
254.411	2.59
254.79	3.03
255.169	2.76
255.548	2.9
255.927	3.29
256.306	3.09
256.685	2.99
257.063	2.78
257.442	2.67
257.821	2.57
258.199	2.37
258.578	2.27
258.957	2.21
259.335	2.2
259.714	2.14
260.092	2.1
260.471	2.1
260.849	2.04
261.228	2.02
261.606	2.13
261.984	2.13
262.363	2.27
262.741	2.41
263.119	2.39
263.497	2.55
263.876	2.67
264.254	2.67
264.632	2.73
265.01	2.66
265.388	2.61
265.766	2.39
266.144	2.41
266.522	2.35
266.9	2.24
267.278	2.22
267.655	2.16
268.033	1.99
268.411	1.89
268.789	1.88
269.166	1.86
269.544	1.88
269.922	2.03
270.299	1.99
270.677	1.96
271.054	2.03
271.432	2.07
271.809	2.15
272.186	2.19
272.564	2.29
272.941	2.27
273.318	2.3
273.696	2.39
274.073	2.34
274.45	2.47
274.827	2.47
275.204	2.5
275.582	2.43
275.959	2.32
276.336	2.34
276.713	2.37
277.09	2.42
277.466	2.52
277.843	2.43
278.22	2.39
278.597	2.38
278.974	2.33
279.35	2.3
279.727	2.34
280.104	2.3
280.48	2.27
280.857	2.19
281.234	2.19
281.61	2.13
281.987	2.14
282.363	2.13
282.74	2.01
283.116	1.98
283.492	1.83
283.869	1.88
284.245	1.89
284.621	1.84
284.997	1.84
285.373	1.79
285.75	1.8
286.126	1.75
286.502	1.75
286.878	1.76
287.254	1.81
287.63	1.93
288.006	1.9
288.382	1.95
288.757	2
289.133	2.04
289.509	2.04
289.885	2.04
290.26	2.1
290.636	2.16
291.012	2.16
291.387	2.12
291.763	2.13
292.139	2.15
292.514	2.08
292.889	2.06
293.265	2.06
293.64	2.12
294.016	2.13
294.391	2.11
294.766	2.07
295.142	2.16
295.517	2.19
295.892	2.18
296.267	2.16
296.642	2.18
297.017	2.19
297.392	2.19
297.767	2.17
298.142	2.13
298.517	2.18
298.892	2.15
299.267	2.14
299.642	2.15
300.017	2.14
300.391	2.15
300.766	2.25
301.141	2.3
301.515	2.29
301.89	2.29
302.265	2.41
302.639	2.36
303.014	2.43
303.388	2.48
303.762	2.46
304.137	2.52
304.511	2.49
304.886	2.35
305.26	2.32
305.634	2.37
306.008	2.38
306.382	2.35
306.757	2.37
307.131	2.29
307.505	2.2
307.879	2.2
308.253	2.23
308.627	2.31
309.001	2.38
309.375	2.4
309.748	2.33
310.122	2.37
310.496	2.35
310.87	2.33
311.243	2.34
311.617	2.34
311.991	2.4
312.364	2.39
312.738	2.41
313.111	2.38
313.485	2.32
313.858	2.35
314.232	2.31
314.605	2.3
314.979	2.34
315.352	2.4
315.725	2.46
316.098	2.36
316.472	2.4
316.845	2.37
317.218	2.42
317.591	2.44
317.964	2.41
318.337	2.43
318.71	2.51
319.083	2.51
319.456	2.51
319.829	2.55
320.202	2.66
320.574	2.68
320.947	2.64
321.32	2.75
321.693	2.85
322.065	2.86
322.438	2.97
322.81	2.95
323.183	2.98
323.555	3.02
323.928	2.99
324.3	2.93
324.673	2.88
325.045	2.9
325.417	2.87
325.79	2.89
326.162	2.94
326.534	2.93
326.906	2.99
327.278	2.96
327.651	2.98
328.023	3.04
328.395	3.16
328.767	3.18
329.139	3.24
329.511	3.21
329.882	3.17
330.254	3.15
330.626	3.05
330.998	2.98
331.37	2.94
331.741	2.9
332.113	2.84
332.485	2.85
332.856	2.88
333.228	2.85
333.599	2.85
333.971	2.81
334.342	2.85
334.714	2.92
335.085	2.94
335.456	3.01
335.828	3.03
336.199	3.03
336.57	3
336.941	3.01
337.312	3.03
337.683	3.08
338.054	3.16
338.426	3.15
338.797	3.11
339.167	3.11
339.538	3.14
339.909	3.11
340.28	3.14
340.651	3.19
341.022	3.25
341.392	3.28
341.763	3.23
342.134	3.2
342.504	3.21
342.875	3.25
343.246	3.23
343.616	3.24
343.987	3.27
344.357	3.3
344.727	3.29
345.098	3.22
345.468	3.21
345.838	3.22
346.209	3.25
346.579	3.22
346.949	3.22
347.319	3.29
347.689	3.28
348.059	3.27
348.429	3.28
348.799	3.33
349.169	3.38
349.539	3.44
349.909	3.5
350.279	3.51
350.649	3.59
351.018	3.62
351.388	3.59
351.758	3.61
352.128	3.64
352.497	3.62
352.867	3.56
353.236	3.52
353.606	3.49
353.975	3.46
354.345	3.45
354.714	3.43
355.083	3.42
355.453	3.43
355.822	3.4
356.191	3.42
356.56	3.48
356.93	3.53
357.299	3.52
357.668	3.5
358.037	3.51
358.406	3.51
358.775	3.48
359.144	3.49
359.513	3.46
359.882	3.48
360.25	3.46
360.619	3.41
360.988	3.38
361.357	3.43
361.725	3.43
362.094	3.42
362.463	3.43
362.831	3.46
363.2	3.45
363.568	3.49
363.937	3.52
364.305	3.55
364.673	3.58
365.042	3.59
365.41	3.57
365.778	3.59
366.146	3.59
366.515	3.62
366.883	3.6
367.251	3.62
367.619	3.64
367.987	3.64
368.355	3.63
368.723	3.65
369.091	3.67
369.459	3.71
369.826	3.7
370.194	3.76
370.562	3.79
370.93	3.85
371.297	3.84
371.665	3.85
372.033	3.87
372.4	3.89
372.768	3.92
373.135	3.94
373.503	3.91
373.87	3.93
374.237	3.91
374.605	3.92
374.972	3.9
375.339	3.94
375.707	3.94
376.074	3.95
376.441	3.95
376.808	3.93
377.175	3.9
377.542	3.95
377.909	3.99
378.276	4.04
378.643	4.02
379.01	4.03
379.377	4.02
379.744	4.04
380.11	4.05
380.477	4.08
380.844	4.1
381.21	4.13
381.577	4.11
381.944	4.09
382.31	4.04
382.677	4.08
383.043	4.11
383.409	4.12
383.776	4.11
384.142	4.11
384.508	4.09
384.875	4.08
385.241	4.09
385.607	4.12
385.973	4.1
386.339	4.14
386.705	4.15
387.071	4.16
387.437	4.18
387.803	4.2
388.169	4.24
388.535	4.27
388.901	4.31
389.267	4.33
389.633	4.34
389.998	4.38
390.364	4.36
390.73	4.36
391.095	4.37
391.461	4.38
391.826	4.4
392.192	4.39
392.557	4.39
392.923	4.38
393.288	4.39
393.653	4.38
394.019	4.39
394.384	4.41
394.749	4.41
395.114	4.43
395.479	4.45
395.844	4.44
396.21	4.45
396.575	4.45
396.94	4.47
397.304	4.47
397.669	4.52
398.034	4.55
398.399	4.6
398.764	4.62
399.129	4.62
399.493	4.62
399.858	4.65
400.223	4.66
400.587	4.7
400.952	4.71
401.316	4.73
401.681	4.71
402.045	4.72
402.409	4.71
402.774	4.74
403.138	4.77
403.502	4.81
403.867	4.84
404.231	4.86
404.595	4.87
404.959	4.88
405.323	4.94
405.687	4.98
406.051	5.01
406.415	5.04
406.779	5.05
407.143	5.06
407.507	5.07
407.871	5.07
408.234	5.09
408.598	5.12
408.962	5.14
409.325	5.13
409.689	5.12
410.053	5.11
410.416	5.12
410.78	5.13
411.143	5.15
411.506	5.16
411.87	5.19
412.233	5.2
412.596	5.24
412.96	5.25
413.323	5.26
413.686	5.28
414.049	5.29
414.412	5.32
414.775	5.33
415.138	5.32
415.501	5.33
415.864	5.3
416.227	5.3
416.59	5.29
416.953	5.3
417.315	5.32
417.678	5.33
418.041	5.35
418.404	5.35
418.766	5.34
419.129	5.35
419.491	5.37
419.854	5.39
420.216	5.41
420.579	5.44
420.941	5.45
421.303	5.46
421.666	5.47
422.028	5.49
422.39	5.5
422.752	5.54
423.114	5.57
423.476	5.6
423.839	5.63
424.201	5.65
424.563	5.66
424.924	5.69
425.286	5.73
425.648	5.77
426.01	5.81
426.372	5.86
426.733	5.9
427.095	5.93
427.457	5.97
427.818	5.99
428.18	6.01
428.542	6.04
428.903	6.05
429.264	6.06
429.626	6.07
429.987	6.07
430.349	6.07
430.71	6.09
431.071	6.11
431.432	6.11
431.794	6.14
432.155	6.15
432.516	6.17
432.877	6.2
433.238	6.22
433.599	6.25
433.96	6.27
434.321	6.29
434.681	6.33
435.042	6.37
435.403	6.41
435.764	6.44
436.124	6.48
436.485	6.51
436.846	6.54
437.206	6.53
437.567	6.54
437.927	6.55
438.288	6.56
438.648	6.58
439.008	6.59
439.369	6.61
439.729	6.64
440.089	6.66
440.449	6.68
440.81	6.71
441.17	6.73
441.53	6.77
441.89	6.81
442.25	6.84
442.61	6.87
442.97	6.89
443.33	6.9
443.689	6.91
444.049	6.92
444.409	6.92
444.769	6.94
445.128	6.95
445.488	6.97
445.848	7
446.207	7.02
446.567	7.05
446.926	7.08
447.285	7.12
447.645	7.16
448.004	7.21
448.363	7.25
448.723	7.32
449.082	7.38
449.441	7.43
449.8	7.47
450.159	7.51
450.518	7.53
450.877	7.55
451.236	7.58
451.595	7.62
451.954	7.64
452.313	7.67
452.672	7.68
453.031	7.69
453.389	7.71
453.748	7.73
454.107	7.75
454.465	7.79
454.824	7.82
455.182	7.85
455.541	7.87
455.899	7.89
456.258	7.92
456.616	7.92
456.974	7.94
457.333	7.95
457.691	7.95
458.049	7.97
458.407	8
458.765	8.04
459.123	8.07
459.481	8.11
459.839	8.14
460.197	8.18
460.555	8.22
460.913	8.28
461.271	8.34
461.629	8.41
461.987	8.47
462.344	8.53
462.702	8.59
463.06	8.63
463.417	8.65
463.775	8.69
464.132	8.71
464.49	8.72
464.847	8.72
465.204	8.74
465.562	8.77
465.919	8.8
466.276	8.8
466.633	8.82
466.991	8.84
467.348	8.86
467.705	8.9
468.062	8.93
468.419	8.98
468.776	9.03
469.133	9.06
469.49	9.08
469.846	9.12
470.203	9.17
470.56	9.2
470.917	9.24
471.273	9.27
471.63	9.31
471.986	9.34
472.343	9.39
472.699	9.39
473.056	9.44
473.412	9.49
473.769	9.51
474.125	9.53
474.481	9.56
474.838	9.58
475.194	9.63
475.55	9.65
475.906	9.67
476.262	9.68
476.618	9.71
476.974	9.74
477.33	9.76
477.686	9.79
478.042	9.82
478.398	9.86
478.753	9.89
479.109	9.9
479.465	9.92
479.821	9.94
480.176	9.96
480.532	9.98
480.887	9.97
481.243	9.96
481.598	10.05
481.954	10.32
482.309	10.55
482.664	10.62
483.02	10.55
483.375	10.42
483.73	10.45
484.085	10.47
484.44	10.49
484.795	10.51
485.15	10.55
485.505	10.54
485.86	10.41
486.215	10.26
486.57	10.22
486.925	10.32
487.28	10.51
487.634	10.53
487.989	10.56
488.344	10.59
488.698	10.64
489.053	10.67
489.407	10.7
489.762	10.74
490.116	10.78
490.471	10.83
490.825	10.88
491.179	10.9
491.534	10.93
491.888	10.96
492.242	11
492.596	11.04
492.95	11.11
493.304	11.19
493.658	11.28
494.012	11.36
494.366	11.39
494.72	11.39
495.074	11.4
495.428	11.42
495.782	11.45
496.135	11.47
496.489	11.5
496.843	11.52
497.196	11.56
497.55	11.59
497.903	11.64
498.257	11.68
498.61	11.76
498.963	11.81
499.317	11.86
499.67	11.88
500.023	11.92
500.376	11.96
500.73	12
501.083	12.03
501.436	12.07
501.789	12.1
502.142	12.13
502.495	12.14
502.848	12.17
503.201	12.2
503.553	12.25
503.906	12.29
504.259	12.34
504.612	12.39
504.964	12.41
505.317	12.45
505.669	12.48
506.022	12.52
506.374	12.55
506.727	12.57
507.079	12.6
507.432	12.62
507.784	12.64
508.136	12.65
508.488	12.68
508.841	12.71
509.193	12.75
509.545	12.78
509.897	12.82
510.249	12.86
510.601	12.92
510.953	12.96
511.305	13.02
511.656	13.08
512.008	13.14
512.36	13.18
512.712	13.23
513.063	13.26
513.415	13.3
513.766	13.35
514.118	13.41
514.469	13.44
514.821	13.48
515.172	13.49
515.524	13.5
515.875	13.5
516.226	13.5
516.577	13.5
516.929	13.51
517.28	13.53
517.631	13.56
517.982	13.58
518.333	13.61
518.684	13.65
519.035	13.7
519.386	13.74
519.737	13.8
520.087	13.87
520.438	13.94
520.789	14.02
521.139	14.08
521.49	14.13
521.841	14.18
522.191	14.21
522.542	14.24
522.892	14.25
523.243	14.26
523.593	14.24
523.943	14.23
524.293	14.24
524.644	14.26
524.994	14.29
525.344	14.31
525.694	14.31
526.044	14.31
526.394	14.3
526.744	14.4
527.094	14.51
527.444	14.55
527.794	14.62
528.144	14.7
528.493	14.74
528.843	14.78
529.193	14.82
529.542	14.87
529.892	14.94
530.241	15.02
530.591	15.03
530.94	15
531.29	15.04
531.639	15.03
531.988	15.03
532.338	15.06
532.687	15.09
533.036	15.13
533.385	15.17
533.734	15.2
534.083	15.24
534.432	15.28
534.781	15.33
535.13	15.38
535.479	15.46
535.828	15.53
536.177	15.58
536.525	15.61
536.874	15.65
537.223	15.68
537.571	15.71
537.92	15.75
538.268	15.8
538.617	15.84
538.965	15.85
539.314	15.83
539.662	15.82
540.01	15.84
540.359	15.88
540.707	15.91
541.055	15.94
541.403	15.97
541.751	16
542.099	16.05
542.447	16.12
542.795	16.22
543.143	16.32
543.491	16.41
543.839	16.47
544.187	16.5
544.534	16.53
544.882	16.55
545.23	16.6
545.577	16.64
545.925	16.7
546.272	16.76
546.62	16.81
546.967	16.86
547.314	16.93
547.662	17.01
548.009	17.09
548.356	17.16
548.704	17.26
549.051	17.36
549.398	17.44
549.745	17.48
550.092	17.5
550.439	17.52
550.786	17.51
551.133	17.51
551.479	17.52
551.826	17.56
552.173	17.6
552.52	17.65
552.866	17.71
553.213	17.75
553.56	17.79
553.906	17.84
554.253	17.91
554.599	17.98
554.945	18.06
555.292	18.13
555.638	18.17
555.984	18.19
556.331	18.23
556.677	18.26
557.023	18.31
557.369	18.36
557.715	18.42
558.061	18.45
558.407	18.5
558.753	18.55
559.099	18.57
559.444	18.62
559.79	18.66
560.136	18.68
560.482	18.71
560.827	18.76
561.173	18.79
561.518	18.81
561.864	18.84
562.209	18.89
562.555	18.94
562.9	18.99
563.245	18.99
563.591	19.03
563.936	19.05
564.281	19.03
564.626	19.02
564.971	19.04
565.316	19.07
565.661	19.12
566.006	19.15
566.351	19.19
566.696	19.23
567.041	19.28
567.386	19.33
567.73	19.38
568.075	19.47
568.42	19.55
568.764	19.61
569.109	19.63
569.453	19.64
569.798	19.63
570.142	19.62
570.487	19.61
570.831	19.64
571.175	19.67
571.519	19.72
571.864	19.77
572.208	19.82
572.552	19.85
572.896	19.89
573.24	19.92
573.584	19.99
573.928	20.06
574.272	20.13
574.616	20.2
574.959	20.26
575.303	20.3
575.647	20.33
575.99	20.35
576.334	20.41
576.678	20.48
577.021	20.57
577.364	20.64
577.708	20.7
578.051	20.75
578.395	20.81
578.738	20.86
579.081	20.89
579.424	20.94
579.767	20.97
580.111	21.01
580.454	21.04
580.797	21.06
581.14	21.09
581.482	21.12
581.825	21.17
582.168	21.21
582.511	21.23
582.854	21.27
583.196	21.33
583.539	21.4
583.882	21.44
584.224	21.49
584.567	21.55
584.909	21.58
585.252	21.64
585.594	21.67
585.936	21.69
586.279	21.71
586.621	21.74
586.963	21.76
587.305	21.78
587.647	21.8
587.989	21.8
588.331	21.83
588.673	21.86
589.015	21.88
589.357	21.93
589.699	21.98
590.041	22.03
590.382	22.07
590.724	22.11
591.066	22.14
591.407	22.18
591.749	22.21
592.09	22.23
592.432	22.26
592.773	22.29
593.114	22.28
593.456	22.31
593.797	22.33
594.138	22.32
594.479	22.33
594.821	22.29
595.162	22.26
595.503	22.26
595.844	22.29
596.185	22.31
596.525	22.35
596.866	22.41
597.207	22.44
597.548	22.48
597.889	22.54
598.229	22.58
598.57	22.69
598.91	22.8
599.251	22.89
599.592	22.97
599.932	23.02
600.272	23.05
600.613	23.07
600.953	23.04
601.293	23.02
601.633	22.99
601.974	22.97
602.314	22.93
602.654	22.9
602.994	22.88
603.334	22.87
603.674	22.91
604.014	22.95
604.353	23.02
604.693	23.12
605.033	23.2
605.373	23.28
605.712	23.37
606.052	23.45
606.391	23.56
606.731	23.64
607.07	23.71
607.41	23.69
607.749	23.67
608.088	23.64
608.428	23.63
608.767	23.62
609.106	23.63
609.445	23.68
609.784	23.73
610.123	23.77
610.462	23.84
610.801	23.92
611.14	24.02
611.479	24.12
611.818	24.22
612.157	24.29
612.495	24.36
612.834	24.41
613.173	24.43
613.511	24.44
613.85	24.46
614.188	24.5
614.527	24.51
614.865	24.55
615.203	24.56
615.542	24.57
615.88	24.6
616.218	24.62
616.556	24.65
616.894	24.7
617.233	24.75
617.571	24.79
617.908	24.81
618.246	24.82
618.584	24.87
618.922	24.95
619.26	24.99
619.598	25.06
619.935	25.12
620.273	25.16
620.611	25.18
620.948	25.19
621.286	25.22
621.623	25.28
621.96	25.31
622.298	25.29
622.635	25.29
622.972	25.3
623.31	25.25
623.647	25.25
623.984	25.27
624.321	25.26
624.658	25.24
624.995	25.22
625.332	25.21
625.669	25.23
626.006	25.26
626.342	25.29
626.679	25.33
627.016	25.39
627.352	25.43
627.689	25.47
628.026	25.53
628.362	25.6
628.699	25.67
629.035	25.72
629.371	25.75
629.708	25.8
630.044	25.84
630.38	25.9
630.716	25.9
631.052	25.92
631.388	25.96
631.725	26.01
632.06	26.01
632.396	26.01
632.732	26.03
633.068	26.06
633.404	26.12
633.74	26.15
634.075	26.18
634.411	26.2
634.747	26.24
635.082	26.28
635.418	26.32
635.753	26.39
636.089	26.48
636.424	26.54
636.759	26.58
637.095	26.58
637.43	26.6
637.765	26.63
638.1	26.69
638.435	26.72
638.77	26.74
639.105	26.73
639.44	26.76
639.775	26.78
640.11	26.82
640.445	26.89
640.779	26.94
641.114	26.97
641.449	26.97
641.783	26.97
642.118	27.03
642.452	27.03
642.787	27.09
643.121	27.08
643.456	27.09
643.79	27.07
644.124	27.07
644.458	27.11
644.793	27.19
645.127	27.26
645.461	27.32
645.795	27.35
646.129	27.38
646.463	27.44
646.797	27.55
647.13	27.62
647.464	27.69
647.798	27.76
648.132	27.8
648.465	27.79
648.799	27.79
649.132	27.78
649.466	27.78
649.799	27.84
650.133	27.81
650.466	27.78
650.799	27.81
651.133	27.83
651.466	27.82
651.799	27.8
652.132	27.85
652.465	27.91
652.798	27.98
653.131	28.04
653.464	28.04
653.797	28.12
654.13	28.15
654.463	28.16
654.795	28.18
655.128	28.2
655.461	28.24
655.793	28.21
656.126	28.19
656.458	28.17
656.791	28.09
657.123	28.05
657.455	27.98
657.788	27.95
658.12	27.92
658.452	27.95
658.784	28.04
659.116	28.09
659.448	28.09
659.78	28.15
660.112	28.2
660.444	28.3
660.776	28.4
661.108	28.49
661.44	28.59
661.771	28.7
662.103	28.78
662.435	28.78
662.766	28.77
663.098	28.88
663.429	28.84
663.761	28.82
664.092	28.86
664.423	28.9
664.755	28.95
665.086	28.94
665.417	29
665.748	29.03
666.079	29.04
666.41	29.08
666.741	29.05
667.072	29.07
667.403	29.11
667.734	29.09
668.065	29.06
668.395	29.1
668.726	29.14
669.057	29.11
669.387	29.08
669.718	29.1
670.048	29.09
670.379	29.14
670.709	29.22
671.039	29.25
671.37	29.31
671.7	29.34
672.03	29.36
672.36	29.37
672.69	29.42
673.02	29.46
673.35	29.48
673.68	29.52
674.01	29.53
674.34	29.54
674.67	29.6
675	29.53
675.329	29.55
675.659	29.59
675.989	29.6
676.318	29.59
676.648	29.59
676.977	29.59
677.307	29.59
677.636	29.59
677.965	29.6
678.295	29.56
678.624	29.61
678.953	29.63
679.282	29.64
679.611	29.67
679.94	29.72
680.269	29.76
680.598	29.84
680.927	29.91
681.256	29.98
681.584	30.06
681.913	30.14
682.242	30.2
682.57	30.3
682.899	30.38
683.228	30.45
683.556	30.53
683.884	30.61
684.213	30.61
684.541	30.63
684.869	30.61
685.198	30.61
685.526	30.58
685.854	30.58
686.182	30.59
686.51	30.6
686.838	30.58
687.166	30.58
687.494	30.54
687.822	30.53
688.149	30.57
688.477	30.61
688.805	30.62
689.133	30.66
689.46	30.66
689.788	30.67
690.115	30.66
690.443	30.67
690.77	30.69
691.097	30.69
691.425	30.74
691.752	30.66
692.079	30.65
692.406	30.69
692.733	30.73
693.06	30.78
693.387	30.79
693.714	30.81
694.041	30.84
694.368	30.78
694.695	30.81
695.021	30.73
695.348	30.77
695.675	30.85
696.001	30.76
696.328	30.7
696.654	30.62
696.981	30.51
697.307	30.45
697.634	30.44
697.96	30.46
698.286	30.49
698.612	30.57
698.938	30.63
699.264	30.66
699.591	30.78
699.917	30.85
700.242	30.96
700.568	31.12
700.894	31.25
701.22	31.37
701.546	31.51
701.871	31.55
702.197	31.62
702.523	31.63
702.848	31.6
703.174	31.54
703.499	31.56
703.824	31.55
704.15	31.5
704.475	31.53
704.8	31.53
705.125	31.48
705.451	31.47
705.776	31.47
706.101	31.46
706.426	31.55
706.751	31.57
707.076	31.57
707.4	31.63
707.725	31.69
708.05	31.7
708.375	31.74
708.699	31.73
709.024	31.79
709.348	31.83
709.673	31.88
709.997	31.92
710.322	32.01
710.646	32.08
710.97	32.1
711.294	32.1
711.619	32.18
711.943	32.16
712.267	32.18
712.591	32.21
712.915	32.18
713.239	32.18
713.563	32.15
713.886	32.1
714.21	32.03
714.534	32.01
714.858	31.97
715.181	31.95
715.505	31.93
715.828	31.96
716.152	31.91
716.475	31.99
716.799	32
717.122	32.02
717.445	32.12
717.768	32.17
718.092	32.18
718.415	32.27
718.738	32.31
719.061	32.3
719.384	32.29
719.707	32.35
720.03	32.3
720.352	32.37
720.675	32.29
720.998	32.25
721.32	32.26
721.643	32.28
721.966	32.24
722.288	32.24
722.611	32.24
722.933	32.27
723.255	32.29
723.578	32.28
723.9	32.18
724.222	32.39
724.544	32.4
724.866	32.43
725.188	32.42
725.51	32.44
725.832	32.42
726.154	32.47
726.476	32.51
726.798	32.51
727.12	32.49
727.441	32.54
727.763	32.43
728.085	32.4
728.406	32.38
728.728	32.44
729.049	32.44
729.37	32.49
729.692	32.52
730.013	32.55
730.334	32.6
730.655	32.61
730.977	32.61
731.298	32.65
731.619	32.72
731.94	32.81
732.261	32.82
732.581	32.87
732.902	32.86
733.223	32.97
733.544	33.01
733.864	32.97
734.185	33.01
734.506	33.13
734.826	33.22
735.146	33.25
735.467	33.21
735.787	33.21
736.108	33.21
736.428	33.24
736.748	33.24
737.068	33.24
737.388	33.39
737.708	33.54
738.028	33.54
738.348	33.54
738.668	33.54
738.988	33.61
739.308	33.69
739.628	33.7
739.947	33.75
740.267	33.69
740.586	33.65
740.906	33.53
741.225	33.44
741.545	33.41
741.864	33.42
742.184	33.49
742.503	33.47
742.822	33.43
743.141	33.48
743.46	33.51
743.779	33.6
744.098	33.69
744.417	33.82
744.736	33.88
745.055	33.98
745.374	33.96
745.693	33.82
746.011	33.84
746.33	33.9
746.649	33.93
746.967	33.9
747.286	33.84
747.604	33.78
747.923	33.69
748.241	33.61
748.559	33.54
748.877	33.51
749.196	33.62
749.514	33.58
749.832	33.47
750.15	33.47
750.468	33.45
750.786	33.36
751.104	33.42
751.422	33.47
751.739	33.56
752.057	33.56
752.375	33.61
752.692	33.61
753.01	33.74
753.327	33.9
753.645	33.85
753.962	33.91
754.28	34.03
754.597	34
754.914	34.01
755.231	34
755.548	33.99
755.866	33.98
756.183	33.96
756.5	33.93
756.816	33.9
757.133	33.87
757.45	33.79
757.767	33.68
758.084	33.76
758.4	33.81
758.717	33.78
759.034	33.81
759.35	33.85
759.667	33.94
759.983	33.85
760.299	33.81
760.616	33.95
760.932	34.11
761.248	34.22
761.564	34.19
761.88	34.03
762.196	34
762.512	33.98
762.828	33.92
763.144	33.91
763.46	34
763.776	34.05
764.092	33.97
764.407	33.91
764.723	33.84
765.038	33.84
765.354	33.99
765.669	34.05
765.985	34.06
766.3	34.05
766.616	34.02
766.931	33.96
767.246	33.93
767.561	33.94
767.876	33.97
768.191	34.1
768.506	34.09
768.821	34.04
769.136	34.08
769.451	34.09
769.766	34.17
770.08	34.34
770.395	34.4
770.71	34.41
771.024	34.53
771.339	34.5
771.653	34.46
771.968	34.48
772.282	34.63
772.596	34.6
772.911	34.56
773.225	34.59
773.539	34.44
773.853	34.54
774.167	34.74
774.481	34.7
774.795	34.64
775.109	34.73
775.423	34.84
775.737	34.78
776.05	34.82
776.364	34.92
776.678	34.97
776.991	35.03
777.305	34.88
777.618	34.73
777.931	34.74
778.245	34.86
778.558	34.85
778.871	34.86
779.185	34.73
779.498	34.74
779.811	34.8
780.124	34.98
780.437	34.91
780.75	34.95
781.063	35.1
781.375	35.1
781.688	34.97
782.001	34.97
782.314	34.73
782.626	34.79
782.939	34.86
783.251	34.77
783.564	34.65
783.876	34.75
784.188	34.77
784.501	34.6
784.813	34.71
785.125	34.96
785.437	34.87
785.749	34.91
786.061	34.85
786.373	34.86
786.685	35.03
786.997	34.76
787.309	34.64
787.621	34.82
787.932	34.8
788.244	34.82
788.556	34.66
788.867	34.74
789.179	34.8
789.49	34.76
789.801	34.7
790.113	34.7
790.424	34.88
790.735	34.84
791.046	34.64
791.358	34.7
791.669	34.54
791.98	34.54
792.291	34.46
792.601	34.43
792.912	34.49
793.223	34.43
793.534	34.35
793.845	34.27
794.155	34.46
794.466	34.64
794.776	34.6
795.087	34.65
795.397	34.69
795.707	34.85
796.018	34.95
796.328	34.83
796.638	34.8
796.948	34.71
797.258	34.73
797.569	34.67
797.879	34.65
798.188	34.56
798.498	34.46
798.808	34.41
799.118	34.28
799.428	34.36
799.737	34.65
800.047	34.71
800.356	34.78
800.666	34.82
800.975	34.53
801.285	34.47
801.594	34.59
801.903	34.82
802.213	34.92
802.522	35.01
802.831	34.96
803.14	34.86
803.449	35
803.758	35
804.067	35.11
804.376	35.58
804.684	35.64
804.993	35.57
805.302	35.54
805.611	35.39
805.919	35.3
806.228	35.16
806.536	35.07
806.845	34.98
807.153	34.98
807.461	35.02
807.769	34.98
808.078	34.93
808.386	34.9
808.694	34.87
809.002	34.86
809.31	34.91
809.618	34.98
809.926	35
810.233	35.18
810.541	35.16
810.849	35
811.157	34.96
811.464	35.03
811.772	35.06
812.079	34.99
812.387	35.08
812.694	35.06
813.001	35
813.309	35.21
813.616	35.11
813.923	35.37
814.23	35.31
814.537	35.12
814.844	35.17
815.151	35.14
815.458	35.33
815.765	35.34
816.072	35.29
816.378	35.45
816.685	35.22
816.992	35.04
817.298	34.84
817.605	34.9
817.911	34.95
818.218	34.84
818.524	34.93
818.83	34.85
819.136	35.05
819.443	34.89
819.749	34.87
820.055	34.91
820.361	34.7
820.667	34.69
820.973	34.54
821.279	34.38
821.584	34.24
821.89	34.23
822.196	34.18
822.501	34.13
822.807	34.28
823.113	34.31
823.418	34.37
823.723	34.52
824.029	34.56
824.334	34.68
824.639	34.8
824.944	35
825.25	35.16
825.555	35.4
825.86	35.61
826.165	35.65
826.47	35.7
826.774	35.69
827.079	35.6
827.384	35.6
827.689	35.54
827.993	35.61
828.298	35.63
828.602	35.65
828.907	35.68
829.211	35.65
829.516	35.68
829.82	35.71
830.124	35.88
830.429	36.11
830.733	36.22
831.037	36.43
831.341	36.39
831.645	36.36
831.949	36.06
832.253	35.83
832.556	35.65
832.86	35.45
833.164	35.36
833.467	35.23
833.771	34.99
834.075	34.88
834.378	34.85
834.682	34.96
834.985	34.8
835.288	34.97
835.591	34.94
835.895	34.99
836.198	35.2
836.501	35.45
836.804	35.53
837.107	35.91
837.41	36.23
837.713	36.42
838.016	36.58
838.318	36.91
838.621	37.06
838.924	37.42
839.226	37.35
839.529	37.23
839.831	36.87
840.134	36.8
840.436	36.48
840.738	36.15
841.041	36.03
841.343	35.86
841.645	35.79
841.947	35.84
842.249	35.78
842.551	36.09
842.853	36.09
843.155	36.14
843.457	36.3
843.758	36.44
844.06	36.9
844.362	36.51
844.663	36.27
844.965	36.57
845.266	36.59
845.568	36.29
845.869	36.5
846.17	36.24
846.472	36.42
846.773	36.56
847.074	36.51
847.375	36.46
847.676	37.05
847.977	36.98
848.278	36.68
848.579	36.59
848.88	37.1
849.181	37.28
849.481	37.87
849.782	37.91
850.082	37.62
850.383	37.53
850.683	37.42
850.984	37.36
851.284	37.46
851.585	37.42
851.885	37.01
852.185	37.19
852.485	36.5
852.785	36.49
853.085	36.76
853.385	37.18
853.685	37.38
853.985	37.23
854.285	37.16
854.584	37.15
854.884	36.97
855.184	36.77
855.483	35.97
855.783	36.37
856.082	36.07
856.382	36.1
856.681	35.75
856.98	35.66
857.28	35.74
857.579	35.73
857.878	35.69
858.177	36.6
858.476	37.28
858.775	37.52
859.074	37.73
859.373	37.42
859.671	36.91
859.97	36.6
860.269	36.98
860.567	37.1
860.866	37.2
861.165	37.98
861.463	37.26
861.761	37.32
862.06	37.16
862.358	36.91
862.656	37.69
862.954	37.92
863.252	38.88
863.551	38.43
863.849	38.13
864.146	38.15
864.444	38.15
864.742	38.22
865.04	38.43
865.338	38.98
865.635	39.29
865.933	39.17
866.23	39.72
866.528	39.15
866.825	39.35
867.123	39.95
867.42	39.74
867.717	39.06
868.014	39.55
868.312	39.53
868.609	39.23
868.906	39.33
869.203	39.36
869.5	38.69
869.796	38.73
870.093	38.05
870.39	38.15
870.687	38.27
870.983	38.26
871.28	37.9
871.576	37.16
871.873	37.26
872.169	37.55
872.466	37.58
872.762	37.82
873.058	38.2
873.354	38.94
873.65	38.66
873.947	38.94
874.243	39.41
874.538	39.3
874.834	40.21
875.13	40.33
875.426	39.76
875.722	40.04
876.017	40.36
876.313	40.56
876.608	40.38
876.904	40.36
877.199	40.13
877.495	39.99
877.79	40.02
878.085	39.65
878.381	40.45
878.676	40.48
878.971	40.03
879.266	39.55
879.561	39.32
879.856	38.8
880.151	38.18
880.445	37.52
880.74	37.02
881.035	37
881.329	36.94
881.624	36.32
881.919	36.1
882.213	35.94
