177.169	-303.77
177.554	-1615.58
177.94	3294.74
178.326	629.63
178.711	235.47
179.097	215.89
179.482	5.35
179.868	-93.49
180.253	-305.26
180.639	-110.37
181.024	-96.58
181.409	-64.88
181.795	-1615.58
182.18	-1669.47
182.565	387.29
182.95	171.2
183.336	276.8
183.721	335.62
184.106	-243.73
184.491	342.43
184.876	113.36
185.261	107.59
185.646	83.99
186.031	80.22
186.416	56.79
186.801	52.81
187.186	54.03
187.57	45.72
187.955	38.08
188.34	39.46
188.725	28.61
189.11	26.45
189.494	27.51
189.879	31.92
190.263	31.69
190.648	32.45
191.033	28.89
191.417	27.78
191.802	23.83
192.186	23.44
192.57	19.76
192.955	22.33
193.339	16.33
193.723	14.32
194.108	13.32
194.492	12.58
194.876	8.52
195.26	6.87
195.645	2.61
196.029	8.26
196.413	12.33
196.797	16.06
197.181	19.89
197.565	22.47
197.949	19.92
198.333	16.54
198.717	19.44
199.101	18.57
199.484	16.8
199.868	17.96
200.252	16.11
200.636	13.83
201.019	9.6
201.403	9.91
201.787	8.26
202.17	2.68
202.554	4.79
202.937	-0.36
203.321	0.6
203.704	8.18
204.088	15.83
204.471	13.78
204.855	4.79
205.238	10.66
205.621	2.63
206.005	7.96
206.388	11.46
206.771	14.7
207.154	17.29
207.537	16.22
207.921	14.47
208.304	5.13
208.687	6.98
209.07	11.02
209.453	8.79
209.836	12.95
210.219	7.38
210.601	6.3
210.984	4.47
211.367	4.08
211.75	11.88
212.133	11.89
212.515	15.25
212.898	9.95
213.281	16.11
213.663	16.83
214.046	14.72
214.428	24.34
214.811	23.91
215.193	20.32
215.576	13.94
215.958	6.21
216.341	8.25
216.723	13.79
217.105	17.27
217.488	15.03
217.87	12.22
218.252	11.32
218.634	11.3
219.017	15.83
219.399	15.99
219.781	20.35
220.163	21.54
220.545	18.6
220.927	13.49
221.309	12.76
221.691	13.27
222.073	20.18
222.455	18.79
222.836	13.81
223.218	10.89
223.6	14.91
223.982	18.19
224.363	19.79
224.745	20.4
225.127	19.52
225.508	19.64
225.89	18.4
226.271	16.92
226.653	18.37
227.034	18.4
227.416	18.88
227.797	12.89
228.178	6.56
228.56	3.01
228.941	1.38
229.322	1.89
229.704	4.77
230.085	1.71
230.466	0.01
230.847	3.18
231.228	1.49
231.609	2.87
231.99	2.84
232.371	7.26
232.752	8.88
233.133	10.67
233.514	11.67
233.895	8.8
234.276	8.36
234.657	9.45
235.037	6.64
235.418	9.61
235.799	7.15
236.179	8.29
236.56	4.32
236.941	4.08
237.321	1.6
237.702	-0.15
238.082	0.3
238.463	1.79
238.843	0.9
239.223	0.62
239.604	-0.77
239.984	-0.1
240.364	-0.2
240.745	0.26
241.125	0.51
241.505	1.02
241.885	1.07
242.265	0.63
242.645	0.43
243.025	0.39
243.405	0.7
243.785	0.82
244.165	0.79
244.545	0.66
244.925	0.73
245.305	0.64
245.685	0.66
246.065	0.68
246.444	0.95
246.824	0.97
247.204	0.92
247.583	0.78
247.963	0.99
248.343	1.03
248.722	1.25
249.102	1.33
249.481	1.49
249.861	1.46
250.24	1.74
250.619	1.54
250.999	1.56
251.378	1.86
251.757	1.96
252.136	1.66
252.516	1.7
252.895	1.59
253.274	1.62
253.653	1.4
254.032	1.4
254.411	1.09
254.79	1.64
255.169	1.5
255.548	1.16
255.927	1.51
256.306	1.42
256.685	1.36
257.063	1.24
257.442	1.25
257.821	1.27
258.199	1.23
258.578	1.24
258.957	1.08
259.335	1.09
259.714	1.04
260.092	0.99
260.471	1.03
260.849	0.91
261.228	0.88
261.606	0.86
261.984	0.68
262.363	0.6
262.741	0.61
263.119	0.64
263.497	0.67
263.876	0.94
264.254	1.04
264.632	1.01
265.01	1.2
265.388	1.38
265.766	1.41
266.144	1.61
266.522	1.64
266.9	1.6
267.278	1.63
267.655	1.58
268.033	1.34
268.411	1.23
268.789	1.28
269.166	1.13
269.544	1.05
269.922	1.09
270.299	0.98
270.677	0.93
271.054	0.99
271.432	0.93
271.809	1.02
272.186	1.07
272.564	1.06
272.941	1.02
273.318	1.2
273.696	1.22
274.073	1.1
274.45	1.14
274.827	1.12
275.204	0.98
275.582	0.95
275.959	0.9
276.336	0.89
276.713	0.92
277.09	0.96
277.466	0.86
277.843	0.85
278.22	0.84
278.597	0.83
278.974	0.9
279.35	0.93
279.727	0.97
280.104	0.93
280.48	1
280.857	0.95
281.234	0.98
281.61	0.89
281.987	0.8
282.363	0.83
282.74	0.76
283.116	0.76
283.492	0.68
283.869	0.68
284.245	0.68
284.621	0.63
284.997	0.65
285.373	0.64
285.75	0.68
286.126	0.74
286.502	0.68
286.878	0.71
287.254	0.74
287.63	0.82
288.006	0.85
288.382	0.88
288.757	0.9
289.133	0.94
289.509	0.91
289.885	0.92
290.26	0.85
290.636	0.93
291.012	0.92
291.387	0.85
291.763	0.82
292.139	0.82
292.514	0.75
292.889	0.73
293.265	0.77
293.64	0.76
294.016	0.75
294.391	0.81
294.766	0.82
295.142	0.88
295.517	0.87
295.892	0.88
296.267	0.87
296.642	0.92
297.017	0.92
297.392	0.88
297.767	0.89
298.142	0.88
298.517	0.85
298.892	0.81
299.267	0.77
299.642	0.85
300.017	0.86
300.391	0.87
300.766	0.92
301.141	0.99
301.515	0.95
301.89	0.93
302.265	1.04
302.639	1.09
303.014	1.17
303.388	1.27
303.762	1.22
304.137	1.24
304.511	1.27
304.886	1.17
305.26	1.15
305.634	1.14
306.008	1.16
306.382	1.08
306.757	1.11
307.131	1.14
307.505	1.01
307.879	0.99
308.253	1
308.627	0.93
309.001	0.99
309.375	1.03
309.748	1.05
310.122	1.09
310.496	1.09
310.87	1.11
311.243	1.07
311.617	1.1
311.991	1.18
312.364	1.16
312.738	1.22
313.111	1.2
313.485	1.11
313.858	1.16
314.232	1.06
314.605	1.08
314.979	1.12
315.352	1.13
315.725	1.21
316.098	1.14
316.472	1.13
316.845	1.1
317.218	1.1
317.591	1.11
317.964	0.99
318.337	1
318.71	1
319.083	0.98
319.456	0.97
319.829	0.97
320.202	1.03
320.574	1.07
320.947	1.12
321.32	1.22
321.693	1.3
322.065	1.39
322.438	1.44
322.81	1.47
323.183	1.48
323.555	1.49
323.928	1.43
324.3	1.36
324.673	1.35
325.045	1.3
325.417	1.21
325.79	1.21
326.162	1.15
326.534	1.2
326.906	1.22
327.278	1.23
327.651	1.26
328.023	1.32
328.395	1.34
328.767	1.37
329.139	1.45
329.511	1.5
329.882	1.49
330.254	1.51
330.626	1.44
330.998	1.36
331.37	1.32
331.741	1.24
332.113	1.19
332.485	1.24
332.856	1.23
333.228	1.2
333.599	1.18
333.971	1.18
334.342	1.19
334.714	1.19
335.085	1.22
335.456	1.15
335.828	1.2
336.199	1.22
336.57	1.17
336.941	1.17
337.312	1.15
337.683	1.14
338.054	1.14
338.426	1.1
338.797	1.09
339.167	1.08
339.538	1.09
339.909	1.05
340.28	1.04
340.651	1.04
341.022	1.09
341.392	1.13
341.763	1.13
342.134	1.1
342.504	1.07
342.875	1.17
343.246	1.17
343.616	1.22
343.987	1.24
344.357	1.26
344.727	1.26
345.098	1.2
345.468	1.14
345.838	1.15
346.209	1.16
346.579	1.16
346.949	1.1
347.319	1.13
347.689	1.1
348.059	1.08
348.429	1.07
348.799	1.09
349.169	1.08
349.539	1.14
349.909	1.13
350.279	1.16
350.649	1.2
351.018	1.23
351.388	1.2
351.758	1.22
352.128	1.27
352.497	1.29
352.867	1.27
353.236	1.28
353.606	1.26
353.975	1.21
354.345	1.2
354.714	1.19
355.083	1.15
355.453	1.13
355.822	1.09
356.191	1.08
356.56	1.06
356.93	1.07
357.299	1.03
357.668	1.01
358.037	1.03
358.406	1
358.775	0.98
359.144	0.97
359.513	0.95
359.882	0.99
360.25	0.97
360.619	0.94
360.988	0.93
361.357	0.96
361.725	0.94
362.094	0.96
362.463	0.96
362.831	0.97
363.2	0.95
363.568	0.96
363.937	0.94
364.305	0.91
364.673	0.94
365.042	0.92
365.41	0.91
365.778	0.93
366.146	0.9
366.515	0.9
366.883	0.92
367.251	0.92
367.619	0.95
367.987	0.96
368.355	0.98
368.723	0.96
369.091	0.95
369.459	0.98
369.826	0.97
370.194	0.99
370.562	1.01
370.93	1.03
371.297	1.04
371.665	1.03
372.033	1.02
372.4	1.04
372.768	1.05
373.135	1.07
373.503	1.05
373.87	1.07
374.237	1.08
374.605	1.07
374.972	1.04
375.339	1.03
375.707	1.01
376.074	0.98
376.441	0.97
376.808	0.97
377.175	0.97
377.542	0.98
377.909	0.99
378.276	1.01
378.643	1
379.01	1.03
379.377	1.04
379.744	1.06
380.11	1.1
380.477	1.11
380.844	1.11
381.21	1.1
381.577	1.06
381.944	1.05
382.31	1.02
382.677	1.04
383.043	1.05
383.409	1.06
383.776	1.05
384.142	1.04
384.508	1.02
384.875	1
385.241	1
385.607	1.02
385.973	1
386.339	1.01
386.705	0.98
387.071	0.95
387.437	0.94
387.803	0.96
388.169	0.96
388.535	0.98
388.901	0.99
389.267	1.03
389.633	1.03
389.998	1.05
390.364	1.06
390.73	1.06
391.095	1.06
391.461	1.06
391.826	1.06
392.192	1.05
392.557	1.05
392.923	1.05
393.288	1.04
393.653	1.02
394.019	1.03
394.384	1
394.749	0.98
395.114	0.99
395.479	1
395.844	0.99
396.21	0.97
396.575	0.97
396.94	0.97
397.304	0.96
397.669	0.97
398.034	0.98
398.399	1
398.764	1.03
399.129	1.02
399.493	1
399.858	1.01
400.223	1.03
400.587	1.04
400.952	1.04
401.316	1.06
401.681	1.04
402.045	1.02
402.409	1.02
402.774	1.04
403.138	1.03
403.502	1.06
403.867	1.06
404.231	1.06
404.595	1.05
404.959	1.06
405.323	1.07
405.687	1.1
406.051	1.12
406.415	1.11
406.779	1.09
407.143	1.1
407.507	1.11
407.871	1.11
408.234	1.12
408.598	1.11
408.962	1.11
409.325	1.12
409.689	1.1
410.053	1.07
410.416	1.09
410.78	1.09
411.143	1.08
411.506	1.08
411.87	1.09
412.233	1.08
412.596	1.09
412.96	1.08
413.323	1.06
413.686	1.06
414.049	1.06
414.412	1.06
414.775	1.04
415.138	1.06
415.501	1.05
415.864	1.03
416.227	1.02
416.59	1.03
416.953	1.02
417.315	1.03
417.678	1.02
418.041	1.02
418.404	1.02
418.766	1.02
419.129	1
419.491	1
419.854	1
420.216	1.01
420.579	1
420.941	1.01
421.303	0.99
421.666	0.99
422.028	0.99
422.39	0.99
422.752	0.99
423.114	1
423.476	1
423.839	1
424.201	0.99
424.563	1
424.924	0.99
425.286	1
425.648	1.01
426.01	1.03
426.372	1.03
426.733	1.04
427.095	1.05
427.457	1.05
427.818	1.04
428.18	1.04
428.542	1.03
428.903	1.03
429.264	1.03
429.626	1.03
429.987	1.02
430.349	1.01
430.71	1.02
431.071	1.01
431.432	1.01
431.794	1.02
432.155	1.03
432.516	1.04
432.877	1.04
433.238	1.04
433.599	1.03
433.96	1.03
434.321	1.03
434.681	1.04
435.042	1.04
435.403	1.04
435.764	1.04
436.124	1.04
436.485	1.04
436.846	1.04
437.206	1.03
437.567	1.02
437.927	1.02
438.288	1.01
438.648	1
439.008	1
439.369	1.01
439.729	1.02
440.089	1.02
440.449	1.02
440.81	1.02
441.17	1.03
441.53	1.04
441.89	1.05
442.25	1.05
442.61	1.05
442.97	1.05
443.33	1.04
443.689	1.03
444.049	1.03
444.409	1.02
444.769	1.01
445.128	1
445.488	1
445.848	1
446.207	1.01
446.567	1.01
446.926	1.01
447.285	1.01
447.645	1.01
448.004	1.02
448.363	1.02
448.723	1.02
449.082	1.03
449.441	1.04
449.8	1.03
450.159	1.04
450.518	1.04
450.877	1.04
451.236	1.06
451.595	1.05
451.954	1.05
452.313	1.05
452.672	1.07
453.031	1.06
453.389	1.06
453.748	1.07
454.107	1.06
454.465	1.05
454.824	1.06
455.182	1.04
455.541	1.04
455.899	1.04
456.258	1.03
456.616	1.02
456.974	1.02
457.333	1.02
457.691	1.01
458.049	1.02
458.407	1.02
458.765	1.02
459.123	1.02
459.481	1.03
459.839	1.03
460.197	1.04
460.555	1.05
460.913	1.06
461.271	1.06
461.629	1.08
461.987	1.08
462.344	1.09
462.702	1.1
463.06	1.1
463.417	1.1
463.775	1.12
464.132	1.12
464.49	1.09
464.847	1.09
465.204	1.09
465.562	1.09
465.919	1.09
466.276	1.09
466.633	1.09
466.991	1.1
467.348	1.1
467.705	1.1
468.062	1.1
468.419	1.11
468.776	1.12
469.133	1.11
469.49	1.12
469.846	1.12
470.203	1.12
470.56	1.12
470.917	1.12
471.273	1.12
471.63	1.11
471.986	1.11
472.343	1.11
472.699	1.09
473.056	1.1
473.412	1.11
473.769	1.1
474.125	1.1
474.481	1.09
474.838	1.09
475.194	1.1
475.55	1.1
475.906	1.09
476.262	1.09
476.618	1.09
476.974	1.09
477.33	1.08
477.686	1.08
478.042	1.07
478.398	1.08
478.753	1.08
479.109	1.07
479.465	1.07
479.821	1.07
480.176	1.08
480.532	1.08
480.887	1.07
481.243	1.06
481.598	1.07
481.954	1.08
482.309	1.1
482.664	1.1
483.02	1.08
483.375	1.07
483.73	1.07
484.085	1.07
484.44	1.07
484.795	1.07
485.15	1.07
485.505	1.06
485.86	1.04
486.215	1.03
486.57	1.02
486.925	1.02
487.28	1.04
487.634	1.04
487.989	1.04
488.344	1.04
488.698	1.05
489.053	1.05
489.407	1.05
489.762	1.05
490.116	1.05
490.471	1.05
490.825	1.06
491.179	1.06
491.534	1.06
491.888	1.06
492.242	1.06
492.596	1.06
492.95	1.07
493.304	1.08
493.658	1.08
494.012	1.09
494.366	1.09
494.72	1.09
495.074	1.09
495.428	1.1
495.782	1.09
496.135	1.1
496.489	1.1
496.843	1.09
497.196	1.09
497.55	1.09
497.903	1.09
498.257	1.1
498.61	1.1
498.963	1.09
499.317	1.09
499.67	1.1
500.023	1.1
500.376	1.1
500.73	1.09
501.083	1.09
501.436	1.1
501.789	1.1
502.142	1.1
502.495	1.1
502.848	1.09
503.201	1.09
503.553	1.08
503.906	1.08
504.259	1.08
504.612	1.09
504.964	1.1
505.317	1.1
505.669	1.1
506.022	1.1
506.374	1.1
506.727	1.09
507.079	1.09
507.432	1.09
507.784	1.08
508.136	1.08
508.488	1.09
508.841	1.09
509.193	1.09
509.545	1.09
509.897	1.09
510.249	1.1
510.601	1.11
510.953	1.11
511.305	1.13
511.656	1.14
512.008	1.13
512.36	1.13
512.712	1.13
513.063	1.12
513.415	1.12
513.766	1.12
514.118	1.11
514.469	1.12
514.821	1.12
515.172	1.11
515.524	1.1
515.875	1.11
516.226	1.11
516.577	1.1
516.929	1.1
517.28	1.09
517.631	1.09
517.982	1.09
518.333	1.08
518.684	1.08
519.035	1.09
519.386	1.09
519.737	1.1
520.087	1.1
520.438	1.09
520.789	1.11
521.139	1.11
521.49	1.12
521.841	1.11
522.191	1.11
522.542	1.12
522.892	1.11
523.243	1.11
523.593	1.1
523.943	1.1
524.293	1.11
524.644	1.1
524.994	1.1
525.344	1.1
525.694	1.1
526.044	1.09
526.394	1.08
526.744	1.08
527.094	1.09
527.444	1.08
527.794	1.09
528.144	1.09
528.493	1.09
528.843	1.09
529.193	1.09
529.542	1.09
529.892	1.1
530.241	1.11
530.591	1.11
530.94	1.1
531.29	1.1
531.639	1.09
531.988	1.08
532.338	1.08
532.687	1.08
533.036	1.08
533.385	1.09
533.734	1.09
534.083	1.09
534.432	1.09
534.781	1.1
535.13	1.1
535.479	1.11
535.828	1.11
536.177	1.1
536.525	1.1
536.874	1.1
537.223	1.1
537.571	1.09
537.92	1.09
538.268	1.08
538.617	1.08
538.965	1.07
539.314	1.07
539.662	1.07
540.01	1.07
540.359	1.07
540.707	1.07
541.055	1.07
541.403	1.07
541.751	1.06
542.099	1.06
542.447	1.07
542.795	1.08
543.143	1.08
543.491	1.09
543.839	1.09
544.187	1.1
544.534	1.11
544.882	1.1
545.23	1.11
545.577	1.11
545.925	1.12
546.272	1.12
546.62	1.12
546.967	1.13
547.314	1.12
547.662	1.12
548.009	1.12
548.356	1.12
548.704	1.13
549.051	1.13
549.398	1.13
549.745	1.12
550.092	1.12
550.439	1.13
550.786	1.12
551.133	1.12
551.479	1.11
551.826	1.1
552.173	1.1
552.52	1.11
552.866	1.11
553.213	1.12
553.56	1.12
553.906	1.12
554.253	1.11
554.599	1.11
554.945	1.11
555.292	1.12
555.638	1.12
555.984	1.12
556.331	1.1
556.677	1.11
557.023	1.11
557.369	1.11
557.715	1.11
558.061	1.11
558.407	1.12
558.753	1.12
559.099	1.13
559.444	1.13
559.79	1.12
560.136	1.12
560.482	1.12
560.827	1.13
561.173	1.13
561.518	1.14
561.864	1.13
562.209	1.13
562.555	1.13
562.9	1.13
563.245	1.13
563.591	1.15
563.936	1.16
564.281	1.15
564.626	1.14
564.971	1.14
565.316	1.14
565.661	1.14
566.006	1.13
566.351	1.15
566.696	1.15
567.041	1.15
567.386	1.15
567.73	1.15
568.075	1.15
568.42	1.15
568.764	1.14
569.109	1.14
569.453	1.15
569.798	1.14
570.142	1.13
570.487	1.13
570.831	1.13
571.175	1.12
571.519	1.12
571.864	1.12
572.208	1.13
572.552	1.14
572.896	1.15
573.24	1.15
573.584	1.16
573.928	1.15
574.272	1.15
574.616	1.15
574.959	1.15
575.303	1.16
575.647	1.17
575.99	1.16
576.334	1.15
576.678	1.16
577.021	1.16
577.364	1.15
577.708	1.17
578.051	1.16
578.395	1.16
578.738	1.17
579.081	1.15
579.424	1.15
579.767	1.15
580.111	1.15
580.454	1.16
580.797	1.14
581.14	1.16
581.482	1.15
581.825	1.17
582.168	1.17
582.511	1.17
582.854	1.18
583.196	1.17
583.539	1.18
583.882	1.18
584.224	1.19
584.567	1.21
584.909	1.2
585.252	1.19
585.594	1.17
585.936	1.17
586.279	1.16
586.621	1.17
586.963	1.18
587.305	1.18
587.647	1.17
587.989	1.14
588.331	1.14
588.673	1.14
589.015	1.14
589.357	1.14
589.699	1.14
590.041	1.14
590.382	1.14
590.724	1.14
591.066	1.11
591.407	1.1
591.749	1.09
592.09	1.09
592.432	1.09
592.773	1.07
593.114	1.06
593.456	1.07
593.797	1.07
594.138	1.06
594.479	1.05
594.821	1.07
595.162	1.07
595.503	1.09
595.844	1.09
596.185	1.09
596.525	1.09
596.866	1.09
597.207	1.08
597.548	1.09
597.889	1.1
598.229	1.1
598.57	1.1
598.91	1.11
599.251	1.11
599.592	1.11
599.932	1.11
600.272	1.11
600.613	1.12
600.953	1.13
601.293	1.11
601.633	1.09
601.974	1.1
602.314	1.09
602.654	1.09
602.994	1.07
603.334	1.07
603.674	1.07
604.014	1.08
604.353	1.1
604.693	1.1
605.033	1.11
605.373	1.13
605.712	1.12
606.052	1.13
606.391	1.15
606.731	1.18
607.07	1.18
607.41	1.16
607.749	1.16
608.088	1.15
608.428	1.16
608.767	1.15
609.106	1.14
609.445	1.15
609.784	1.14
610.123	1.12
610.462	1.13
610.801	1.14
611.14	1.14
611.479	1.16
611.818	1.14
612.157	1.15
612.495	1.17
612.834	1.18
613.173	1.16
613.511	1.16
613.85	1.18
614.188	1.18
614.527	1.18
614.865	1.2
615.203	1.19
615.542	1.2
615.88	1.21
616.218	1.2
616.556	1.2
616.894	1.2
617.233	1.23
617.571	1.22
617.908	1.19
618.246	1.19
618.584	1.21
618.922	1.21
619.26	1.22
619.598	1.21
619.935	1.2
620.273	1.2
620.611	1.23
620.948	1.21
621.286	1.23
621.623	1.24
621.96	1.22
622.298	1.21
622.635	1.21
622.972	1.23
623.31	1.2
623.647	1.21
623.984	1.2
624.321	1.17
624.658	1.18
624.995	1.18
625.332	1.18
625.669	1.2
626.006	1.2
626.342	1.2
626.679	1.18
627.016	1.18
627.352	1.19
627.689	1.19
628.026	1.18
628.362	1.19
628.699	1.17
629.035	1.17
629.371	1.16
629.708	1.15
630.044	1.15
630.38	1.17
630.716	1.18
631.052	1.17
631.388	1.18
631.725	1.2
632.06	1.19
632.396	1.19
632.732	1.2
633.068	1.19
633.404	1.19
633.74	1.18
634.075	1.15
634.411	1.15
634.747	1.15
635.082	1.14
635.418	1.14
635.753	1.15
636.089	1.17
636.424	1.16
636.759	1.17
637.095	1.18
637.43	1.18
637.765	1.2
638.1	1.2
638.435	1.2
638.77	1.19
639.105	1.19
639.44	1.21
639.775	1.21
640.11	1.19
640.445	1.2
640.779	1.18
641.114	1.18
641.449	1.17
641.783	1.17
642.118	1.2
642.452	1.23
642.787	1.24
643.121	1.24
643.456	1.23
643.79	1.24
644.124	1.22
644.458	1.26
644.793	1.28
645.127	1.31
645.461	1.32
645.795	1.34
646.129	1.34
646.463	1.35
646.797	1.34
647.13	1.33
647.464	1.33
647.798	1.34
648.132	1.35
648.465	1.34
648.799	1.3
649.132	1.31
649.466	1.3
649.799	1.28
650.133	1.23
650.466	1.25
650.799	1.26
651.133	1.24
651.466	1.25
651.799	1.23
652.132	1.23
652.465	1.23
652.798	1.24
653.131	1.26
653.464	1.24
653.797	1.29
654.13	1.24
654.463	1.25
654.795	1.26
655.128	1.27
655.461	1.27
655.793	1.28
656.126	1.3
656.458	1.29
656.791	1.27
657.123	1.28
657.455	1.24
657.788	1.27
658.12	1.28
658.452	1.31
658.784	1.33
659.116	1.3
659.448	1.29
659.78	1.3
660.112	1.29
660.444	1.3
660.776	1.3
661.108	1.31
661.44	1.31
661.771	1.29
662.103	1.27
662.435	1.25
662.766	1.28
663.098	1.31
663.429	1.27
663.761	1.24
664.092	1.24
664.423	1.25
664.755	1.33
665.086	1.32
665.417	1.34
665.748	1.32
666.079	1.33
666.41	1.33
666.741	1.32
667.072	1.33
667.403	1.34
667.734	1.31
668.065	1.29
668.395	1.23
668.726	1.27
669.057	1.25
669.387	1.27
669.718	1.26
670.048	1.25
670.379	1.27
670.709	1.29
671.039	1.32
671.37	1.35
671.7	1.37
672.03	1.41
672.36	1.44
672.69	1.45
673.02	1.42
673.35	1.41
673.68	1.45
674.01	1.44
674.34	1.45
674.67	1.43
675	1.38
675.329	1.36
675.659	1.32
675.989	1.24
676.318	1.24
676.648	1.27
676.977	1.26
677.307	1.25
677.636	1.28
677.965	1.26
678.295	1.28
678.624	1.31
678.953	1.36
679.282	1.39
679.611	1.41
679.94	1.41
680.269	1.41
680.598	1.44
680.927	1.43
681.256	1.42
681.584	1.43
681.913	1.44
682.242	1.45
682.57	1.44
682.899	1.44
683.228	1.43
683.556	1.45
683.884	1.49
684.213	1.52
684.541	1.54
684.869	1.52
685.198	1.54
685.526	1.49
685.854	1.47
686.182	1.48
686.51	1.5
686.838	1.51
687.166	1.5
687.494	1.47
687.822	1.42
688.149	1.39
688.477	1.4
688.805	1.39
689.133	1.43
689.46	1.43
689.788	1.41
690.115	1.41
690.443	1.42
690.77	1.47
691.097	1.45
691.425	1.49
691.752	1.47
692.079	1.51
692.406	1.54
692.733	1.53
693.06	1.57
693.387	1.55
693.714	1.5
694.041	1.46
694.368	1.38
694.695	1.46
695.021	1.38
695.348	1.43
695.675	1.42
696.001	1.37
696.328	1.37
696.654	1.37
696.981	1.38
697.307	1.4
697.634	1.42
697.96	1.43
698.286	1.39
698.612	1.43
698.938	1.41
699.264	1.4
699.591	1.44
699.917	1.45
700.242	1.43
700.568	1.45
700.894	1.46
701.22	1.5
701.546	1.54
701.871	1.54
702.197	1.56
702.523	1.55
702.848	1.5
703.174	1.47
703.499	1.43
703.824	1.42
704.15	1.38
704.475	1.41
704.8	1.39
705.125	1.36
705.451	1.34
705.776	1.32
706.101	1.36
706.426	1.38
706.751	1.36
707.076	1.34
707.4	1.37
707.725	1.38
708.05	1.33
708.375	1.3
708.699	1.33
709.024	1.38
709.348	1.4
709.673	1.35
709.997	1.37
710.322	1.42
710.646	1.48
710.97	1.49
711.294	1.51
711.619	1.57
711.943	1.57
712.267	1.56
712.591	1.55
712.915	1.55
713.239	1.61
713.563	1.62
713.886	1.6
714.21	1.6
714.534	1.55
714.858	1.53
715.181	1.51
715.505	1.5
715.828	1.51
716.152	1.51
716.475	1.53
716.799	1.55
717.122	1.55
717.445	1.54
717.768	1.56
718.092	1.61
718.415	1.61
718.738	1.67
719.061	1.62
719.384	1.62
719.707	1.59
720.03	1.5
720.352	1.52
720.675	1.55
720.998	1.61
721.32	1.59
721.643	1.58
721.966	1.59
722.288	1.62
722.611	1.59
722.933	1.58
723.255	1.55
723.578	1.57
723.9	1.49
724.222	1.49
724.544	1.45
724.866	1.49
725.188	1.42
725.51	1.46
725.832	1.4
726.154	1.55
726.476	1.6
726.798	1.67
727.12	1.71
727.441	1.75
727.763	1.72
728.085	1.72
728.406	1.71
728.728	1.8
729.049	1.79
729.37	1.81
729.692	1.73
730.013	1.76
730.334	1.76
730.655	1.74
730.977	1.73
731.298	1.72
731.619	1.77
731.94	1.77
732.261	1.77
732.581	1.76
732.902	1.78
733.223	1.8
733.544	1.78
733.864	1.73
734.185	1.77
734.506	1.76
734.826	1.83
735.146	1.81
735.467	1.79
735.787	1.82
736.108	1.83
736.428	1.82
736.748	1.83
737.068	1.82
737.388	1.99
737.708	1.93
738.028	1.99
738.348	1.96
738.668	1.96
738.988	2.02
739.308	1.97
739.628	2.01
739.947	1.97
740.267	2.03
740.586	1.95
740.906	1.86
741.225	1.96
741.545	1.92
741.864	1.93
742.184	1.91
742.503	1.81
742.822	1.83
743.141	1.79
743.46	1.88
743.779	1.83
744.098	1.85
744.417	1.84
744.736	1.79
745.055	1.8
745.374	1.84
745.693	1.82
746.011	1.86
746.33	1.82
746.649	1.82
746.967	1.68
747.286	1.68
747.604	1.7
747.923	1.61
748.241	1.54
748.559	1.56
748.877	1.47
749.196	1.52
749.514	1.53
749.832	1.52
750.15	1.6
750.468	1.61
750.786	1.67
751.104	1.8
751.422	1.95
751.739	1.93
752.057	1.91
752.375	1.96
752.692	1.96
753.01	2
753.327	1.96
753.645	1.81
753.962	1.92
754.28	1.84
754.597	1.81
754.914	1.73
755.231	1.94
755.548	1.88
755.866	1.88
756.183	1.93
756.5	1.93
756.816	1.95
757.133	2.06
757.45	1.97
757.767	1.98
758.084	1.96
758.4	1.94
758.717	1.79
759.034	1.94
759.35	1.99
759.667	1.99
759.983	2
760.299	2.04
760.616	2
760.932	2.08
761.248	2.15
761.564	2.16
761.88	2.13
762.196	2.09
762.512	1.98
762.828	1.91
763.144	1.9
763.46	1.88
763.776	1.9
764.092	1.91
764.407	1.85
764.723	1.76
765.038	1.68
765.354	1.77
765.669	1.83
765.985	1.86
766.3	1.8
766.616	1.77
766.931	1.74
767.246	1.7
767.561	1.64
767.876	1.64
768.191	1.73
768.506	1.73
768.821	1.58
769.136	1.54
769.451	1.47
769.766	1.59
770.08	1.55
770.395	1.55
770.71	1.6
771.024	1.72
771.339	1.76
771.653	1.62
771.968	1.63
772.282	1.81
772.596	1.88
772.911	1.9
773.225	1.85
773.539	1.82
773.853	1.99
774.167	1.98
774.481	1.84
774.795	1.83
775.109	1.9
775.423	2.12
775.737	2.08
776.05	1.91
776.364	1.9
776.678	1.92
776.991	1.99
777.305	1.8
777.618	1.75
777.931	1.82
778.245	1.88
778.558	1.95
778.871	1.83
779.185	1.74
779.498	1.95
779.811	2.07
780.124	2.17
780.437	2.11
780.75	2.11
781.063	2.19
781.375	2.29
781.688	2.21
782.001	2.11
782.314	2.13
782.626	2.15
782.939	2.09
783.251	2.1
783.564	2.1
783.876	2.16
784.188	2.2
784.501	2.13
784.813	2.11
785.125	2.24
785.437	2.34
785.749	2.21
786.061	2
786.373	2.1
786.685	2.11
786.997	2.01
787.309	2.04
787.621	1.97
787.932	1.96
788.244	2.05
788.556	2
788.867	1.96
789.179	2.11
789.49	2.26
789.801	2.09
790.113	2.05
790.424	2.08
790.735	1.98
791.046	1.96
791.358	2.08
791.669	1.95
791.98	1.95
792.291	1.93
792.601	1.79
792.912	1.74
793.223	1.86
793.534	1.89
793.845	1.8
794.155	1.99
794.466	2.09
794.776	2.01
795.087	1.95
795.397	1.95
795.707	2.14
796.018	2.01
796.328	2.12
796.638	2.26
796.948	2.1
797.258	2.33
797.569	2.29
797.879	2.35
798.188	2.31
798.498	2.24
798.808	2.3
799.118	2.1
799.428	2.41
799.737	2.44
800.047	2.36
800.356	2.32
800.666	2.2
800.975	2.02
801.285	2
801.594	2.11
801.903	2.46
802.213	2.51
802.522	2.71
802.831	2.69
803.14	2.7
803.449	2.59
803.758	2.72
804.067	2.57
804.376	2.67
804.684	2.61
804.993	2.5
805.302	2.24
805.611	2
805.919	1.79
806.228	1.76
806.536	1.69
806.845	1.73
807.153	1.85
807.461	2.08
807.769	2.3
808.078	2.43
808.386	2.52
808.694	2.66
809.002	2.62
809.31	2.67
809.618	2.58
809.926	2.78
810.233	2.71
810.541	2.54
810.849	2.49
811.157	2.41
811.464	2.28
811.772	2.21
812.079	2.17
812.387	2.3
812.694	2.26
813.001	2.31
813.309	2.26
813.616	2.34
813.923	2.65
814.23	2.45
814.537	2.41
814.844	2.46
815.151	2.52
815.458	2.38
815.765	2.67
816.072	2.72
816.378	2.69
816.685	2.58
816.992	2.69
817.298	2.49
817.605	2.85
817.911	2.78
818.218	2.79
818.524	2.75
818.83	2.9
819.136	2.77
819.443	2.68
819.749	2.68
820.055	2.7
820.361	2.54
820.667	2.45
820.973	2.19
821.279	2.09
821.584	2.08
821.89	2.04
822.196	1.98
822.501	1.96
822.807	2.02
823.113	2.04
823.418	2.06
823.723	2.1
824.029	2.12
824.334	2.17
824.639	2.24
824.944	2.27
825.25	2.36
825.555	2.43
825.86	2.49
826.165	2.5
826.47	2.57
826.774	2.54
827.079	2.58
827.384	2.58
827.689	2.59
827.993	2.67
828.298	2.72
828.602	2.73
828.907	2.72
829.211	2.74
829.516	2.74
829.82	2.66
830.124	2.7
830.429	2.67
830.733	2.69
831.037	2.87
831.341	2.71
831.645	2.76
831.949	2.6
832.253	2.57
832.556	2.41
832.86	2.33
833.164	2.38
833.467	2.4
833.771	2.32
834.075	2.34
834.378	2.2
834.682	2.3
834.985	2.17
835.288	2.25
835.591	2.3
835.895	2.41
836.198	2.49
836.501	2.67
836.804	2.65
837.107	2.78
837.41	2.91
837.713	2.99
838.016	3.16
838.318	3.34
838.621	3.52
838.924	3.67
839.226	3.62
839.529	3.74
839.831	3.48
840.134	3.84
840.436	3.81
840.738	3.47
841.041	3.61
841.343	3.17
841.645	2.97
841.947	3.05
842.249	3.2
842.551	3.31
842.853	3.17
843.155	3.01
843.457	2.64
843.758	2.54
844.06	2.63
844.362	2.34
844.663	2.64
844.965	2.93
845.266	2.42
845.568	2.37
845.869	2.45
846.17	2.69
846.472	3.03
846.773	3.26
847.074	3.72
847.375	3.8
847.676	4.4
847.977	4.23
848.278	4.21
848.579	4.69
848.88	5.08
849.181	5.25
849.481	5.58
849.782	5.2
850.082	5.39
850.383	5.1
850.683	5.5
850.984	5.31
851.284	5.58
851.585	5.44
851.885	4.87
852.185	3.94
852.485	4.46
852.785	4.39
853.085	5.42
853.385	5.46
853.685	5.88
853.985	5.86
854.285	5.44
854.584	5.56
854.884	5.59
855.184	5.91
855.483	6.2
855.783	5.48
856.082	4.48
856.382	3.71
856.681	3.69
856.98	2.88
857.28	3.06
857.579	2.91
857.878	2.03
858.177	2.81
858.476	2.69
858.775	2.22
859.074	2.27
859.373	2.74
859.671	2.34
859.97	1.83
860.269	2.29
860.567	1.79
860.866	1.36
861.165	2.19
861.463	1.63
861.761	1.39
862.06	1.53
862.358	1.39
862.656	1.48
862.954	1.69
863.252	1.87
863.551	1.25
863.849	1.56
864.146	1.69
864.444	1.5
864.742	1.3
865.04	1.69
865.338	2.28
865.635	2.28
865.933	2.58
866.23	2.82
866.528	2.76
866.825	3.04
867.123	2.87
867.42	2.76
867.717	2.33
868.014	2.13
868.312	2.13
868.609	1.47
868.906	2.04
869.203	0.87
869.5	1.14
869.796	0.92
870.093	1.04
870.39	1.14
870.687	2.15
870.983	2.33
871.28	2.32
871.576	2
871.873	1.55
872.169	1.41
872.466	1.93
872.762	1.65
873.058	1.83
873.354	1.08
873.65	1.04
873.947	0.62
874.243	1.66
874.538	2.55
874.834	3.27
875.13	3.45
875.426	3.55
875.722	4.11
876.017	4.02
876.313	4
876.608	4.85
876.904	4.84
877.199	5.12
877.495	4.91
877.79	3.96
878.085	2.95
878.381	3.39
878.676	2.76
878.971	2.68
879.266	2.8
879.561	2.72
879.856	2.5
880.151	2.41
880.445	2.41
880.74	2.01
881.035	2.13
881.329	2.39
881.624	2.41
881.919	2.62
882.213	2.5
