177.169	-96.23
177.554	-646.75
177.94	1863.16
178.326	437.04
178.711	223.99
179.097	261.51
179.482	0.94
179.868	-41.07
180.253	30.21
180.639	57.45
181.024	63.74
181.409	51.98
181.795	-646.75
182.18	-903.16
182.565	257.94
182.95	158.08
183.336	226.56
183.721	174.68
184.106	1.93
184.491	217.21
184.876	66.51
185.261	82.98
185.646	49.22
186.031	24.34
186.416	9.85
186.801	9.57
187.186	6.48
187.57	8.07
187.955	13.01
188.34	21.33
188.725	17.7
189.11	21.54
189.494	16.94
189.879	20.33
190.263	20.99
190.648	25.55
191.033	27.18
191.417	30.68
191.802	32.61
192.186	28.19
192.57	26.58
192.955	30.21
193.339	25.79
193.723	31.79
194.108	36.55
194.492	31.22
194.876	27.9
195.26	24.67
195.645	28.39
196.029	26.58
196.413	28.58
196.797	31.44
197.181	27.39
197.565	24.73
197.949	24.3
198.333	20.4
198.717	26.62
199.101	30.5
199.484	33.07
199.868	31.91
200.252	31.19
200.636	32.28
201.019	27.34
201.403	29.78
201.787	31.17
202.17	21.58
202.554	26.54
202.937	25.05
203.321	27.52
203.704	27.79
204.088	28.95
204.471	32.06
204.855	26.74
205.238	32.94
205.621	32.02
206.005	35.93
206.388	37.71
206.771	33.41
207.154	36.47
207.537	37.86
207.921	37.74
208.304	35.87
208.687	37.55
209.07	39.5
209.453	31.8
209.836	36.3
210.219	33.23
210.601	36.88
210.984	40.17
211.367	38.52
211.75	34.97
212.133	38.18
212.515	41.63
212.898	34.89
213.281	35.45
213.663	39.41
214.046	31.91
214.428	30.48
214.811	24.03
215.193	25.5
215.576	17.73
215.958	16.51
216.341	15.6
216.723	13.01
217.105	17.73
217.488	17.49
217.87	19.7
218.252	26.29
218.634	28.03
219.017	30.28
219.399	28.95
219.781	29.71
220.163	30.63
220.545	25.19
220.927	23.19
221.309	26.22
221.691	28.62
222.073	25.08
222.455	18.37
222.836	21.43
223.218	24.31
223.6	25.37
223.982	32.96
224.363	33.05
224.745	38.07
225.127	39.72
225.508	35.02
225.89	33.67
226.271	36.71
226.653	39.42
227.034	39.11
227.416	37.34
227.797	31.9
228.178	28.17
228.56	24.35
228.941	20.14
229.322	22.65
229.704	23.4
230.085	23.19
230.466	15.68
230.847	12.63
231.228	11.17
231.609	13.06
231.99	14.47
232.371	15.17
232.752	17.7
233.133	17.59
233.514	14.23
233.895	13.4
234.276	10.99
234.657	14.18
235.037	12.48
235.418	12.29
235.799	9.8
236.179	11.94
236.56	8
236.941	7.02
237.321	8.03
237.702	7.06
238.082	7.26
238.463	8.09
238.843	7.96
239.223	8.38
239.604	6.74
239.984	6.56
240.364	4.65
240.745	5.09
241.125	5.04
241.505	4.9
241.885	4.99
242.265	4.43
242.645	4.79
243.025	4.53
243.405	4.64
243.785	5.17
244.165	5.25
244.545	5.46
244.925	5.3
245.305	5.07
245.685	5.07
246.065	5.17
246.444	5.39
246.824	5.33
247.204	5.31
247.583	5.29
247.963	5.32
248.343	5.34
248.722	5.43
249.102	5.63
249.481	6
249.861	6.03
250.24	6.16
250.619	6.06
250.999	6.15
251.378	6.36
251.757	6.41
252.136	6.45
252.516	6.5
252.895	6.61
253.274	6.66
253.653	6.36
254.032	6.42
254.411	6.4
254.79	6.8
255.169	6.56
255.548	6.42
255.927	6.56
256.306	6.3
256.685	6.12
257.063	6
257.442	5.88
257.821	5.73
258.199	5.56
258.578	5.45
258.957	5.34
259.335	5.32
259.714	5.29
260.092	5.25
260.471	5.22
260.849	5.14
261.228	5.1
261.606	5.12
261.984	5.05
262.363	5.06
262.741	5.14
263.119	5.19
263.497	5.3
263.876	5.41
264.254	5.39
264.632	5.38
265.01	5.49
265.388	5.49
265.766	5.33
266.144	5.41
266.522	5.37
266.9	5.35
267.278	5.28
267.655	5.2
268.033	5.02
268.411	4.96
268.789	5.05
269.166	4.9
269.544	4.83
269.922	4.9
270.299	4.87
270.677	4.84
271.054	4.8
271.432	4.8
271.809	4.85
272.186	4.8
272.564	4.77
272.941	4.65
273.318	4.72
273.696	4.71
274.073	4.64
274.45	4.7
274.827	4.69
275.204	4.62
275.582	4.58
275.959	4.48
276.336	4.65
276.713	4.75
277.09	4.82
277.466	4.8
277.843	4.92
278.22	4.88
278.597	4.85
278.974	4.84
279.35	4.89
279.727	4.87
280.104	4.89
280.48	4.91
280.857	4.78
281.234	4.83
281.61	4.84
281.987	4.7
282.363	4.69
282.74	4.63
283.116	4.61
283.492	4.6
283.869	4.65
284.245	4.69
284.621	4.67
284.997	4.72
285.373	4.69
285.75	4.77
286.126	4.89
286.502	5
286.878	5.11
287.254	5.3
287.63	5.46
288.006	5.59
288.382	5.73
288.757	5.83
289.133	6.06
289.509	6.16
289.885	6.27
290.26	6.32
290.636	6.43
291.012	6.59
291.387	6.63
291.763	6.7
292.139	6.81
292.514	6.94
292.889	7.12
293.265	7.22
293.64	7.32
294.016	7.39
294.391	7.47
294.766	7.54
295.142	7.66
295.517	7.8
295.892	7.93
296.267	8.06
296.642	8.13
297.017	8.2
297.392	8.27
297.767	8.39
298.142	8.5
298.517	8.63
298.892	8.76
299.267	8.81
299.642	8.97
300.017	9.08
300.391	9.15
300.766	9.33
301.141	9.51
301.515	9.61
301.89	9.73
302.265	9.85
302.639	9.96
303.014	10.06
303.388	10.23
303.762	10.27
304.137	10.37
304.511	10.54
304.886	10.61
305.26	10.62
305.634	10.73
306.008	10.81
306.382	10.87
306.757	10.98
307.131	11.11
307.505	11.18
307.879	11.25
308.253	11.34
308.627	11.34
309.001	11.46
309.375	11.52
309.748	11.58
310.122	11.72
310.496	11.83
310.87	11.93
311.243	12.02
311.617	12.19
311.991	12.42
312.364	12.52
312.738	12.65
313.111	12.68
313.485	12.82
313.858	12.97
314.232	13.05
314.605	13.19
314.979	13.25
315.352	13.34
315.725	13.43
316.098	13.38
316.472	13.54
316.845	13.64
317.218	13.83
317.591	14.03
317.964	14.12
318.337	14.22
318.71	14.4
319.083	14.6
319.456	14.75
319.829	14.85
320.202	15.05
320.574	15.1
320.947	15.32
321.32	15.41
321.693	15.39
322.065	15.47
322.438	15.54
322.81	15.48
323.183	15.5
323.555	15.54
323.928	15.5
324.3	15.46
324.673	15.52
325.045	15.49
325.417	15.6
325.79	15.79
326.162	15.86
326.534	15.98
326.906	16.16
327.278	16.25
327.651	16.39
328.023	16.51
328.395	16.6
328.767	16.7
329.139	16.76
329.511	16.66
329.882	16.62
330.254	16.64
330.626	16.66
330.998	16.61
331.37	16.58
331.741	16.56
332.113	16.6
332.485	16.67
332.856	16.77
333.228	16.83
333.599	17
333.971	17.07
334.342	17.08
334.714	17.08
335.085	17.13
335.456	17.17
335.828	17.18
336.199	17.19
336.57	17.21
336.941	17.23
337.312	17.28
337.683	17.31
338.054	17.36
338.426	17.4
338.797	17.43
339.167	17.42
339.538	17.43
339.909	17.5
340.28	17.56
340.651	17.62
341.022	17.64
341.392	17.68
341.763	17.63
342.134	17.58
342.504	17.64
342.875	17.67
343.246	17.72
343.616	17.77
343.987	17.76
344.357	17.79
344.727	17.78
345.098	17.78
345.468	17.76
345.838	17.87
346.209	17.93
346.579	17.92
346.949	18.01
347.319	18.09
347.689	18.14
348.059	18.18
348.429	18.22
348.799	18.27
349.169	18.37
349.539	18.45
349.909	18.45
350.279	18.51
350.649	18.61
351.018	18.58
351.388	18.55
351.758	18.54
352.128	18.56
352.497	18.55
352.867	18.55
353.236	18.47
353.606	18.4
353.975	18.34
354.345	18.32
354.714	18.24
355.083	18.22
355.453	18.2
355.822	18.11
356.191	18.05
356.56	18.04
356.93	18.04
357.299	18.05
357.668	18.06
358.037	18.02
358.406	17.97
358.775	17.97
359.144	17.93
359.513	17.88
359.882	17.89
360.25	17.86
360.619	17.82
360.988	17.84
361.357	17.87
361.725	17.9
362.094	17.93
362.463	17.96
362.831	18.03
363.2	18.07
363.568	18.18
363.937	18.3
364.305	18.39
364.673	18.47
365.042	18.45
365.41	18.43
365.778	18.43
366.146	18.48
366.515	18.51
366.883	18.49
367.251	18.52
367.619	18.53
367.987	18.55
368.355	18.61
368.723	18.62
369.091	18.67
369.459	18.68
369.826	18.69
370.194	18.64
370.562	18.67
370.93	18.7
371.297	18.72
371.665	18.72
372.033	18.72
372.4	18.72
372.768	18.75
373.135	18.74
373.503	18.77
373.87	18.8
374.237	18.83
374.605	18.79
374.972	18.74
375.339	18.7
375.707	18.68
376.074	18.63
376.441	18.62
376.808	18.63
377.175	18.63
377.542	18.62
377.909	18.62
378.276	18.64
378.643	18.65
379.01	18.68
379.377	18.72
379.744	18.77
380.11	18.79
380.477	18.8
380.844	18.81
381.21	18.8
381.577	18.74
381.944	18.74
382.31	18.71
382.677	18.72
383.043	18.74
383.409	18.74
383.776	18.72
384.142	18.74
384.508	18.77
384.875	18.73
385.241	18.75
385.607	18.8
385.973	18.78
386.339	18.82
386.705	18.84
387.071	18.85
387.437	18.85
387.803	18.87
388.169	18.89
388.535	18.88
388.901	18.91
389.267	18.87
389.633	18.84
389.998	18.82
390.364	18.79
390.73	18.79
391.095	18.8
391.461	18.79
391.826	18.76
392.192	18.72
392.557	18.68
392.923	18.68
393.288	18.73
393.653	18.77
394.019	18.81
394.384	18.86
394.749	18.87
395.114	18.87
395.479	18.91
395.844	18.92
396.21	18.94
396.575	18.99
396.94	18.99
397.304	18.97
397.669	18.97
398.034	18.99
398.399	18.97
398.764	18.96
399.129	18.98
399.493	18.98
399.858	19
400.223	19.01
400.587	19.02
400.952	19.04
401.316	19.03
401.681	18.99
402.045	18.93
402.409	18.91
402.774	18.92
403.138	18.89
403.502	18.88
403.867	18.88
404.231	18.88
404.595	18.88
404.959	18.89
405.323	18.94
405.687	19.01
406.051	19.07
406.415	19.12
406.779	19.13
407.143	19.15
407.507	19.18
407.871	19.16
408.234	19.15
408.598	19.13
408.962	19.13
409.325	19.13
409.689	19.13
410.053	19.12
410.416	19.12
410.78	19.11
411.143	19.13
411.506	19.12
411.87	19.15
412.233	19.18
412.596	19.22
412.96	19.23
413.323	19.17
413.686	19.12
414.049	19.07
414.412	19.06
414.775	19.04
415.138	18.98
415.501	18.92
415.864	18.86
416.227	18.78
416.59	18.74
416.953	18.66
417.315	18.63
417.678	18.6
418.041	18.57
418.404	18.51
418.766	18.44
419.129	18.37
419.491	18.35
419.854	18.35
420.216	18.37
420.579	18.37
420.941	18.38
421.303	18.38
421.666	18.35
422.028	18.31
422.39	18.3
422.752	18.32
423.114	18.35
423.476	18.37
423.839	18.4
424.201	18.41
424.563	18.42
424.924	18.46
425.286	18.51
425.648	18.59
426.01	18.68
426.372	18.78
426.733	18.86
427.095	18.94
427.457	18.99
427.818	19.02
428.18	19.02
428.542	19.05
428.903	19.04
429.264	19.03
429.626	19.01
429.987	18.99
430.349	18.95
430.71	18.92
431.071	18.86
431.432	18.8
431.794	18.77
432.155	18.76
432.516	18.76
432.877	18.76
433.238	18.75
433.599	18.75
433.96	18.77
434.321	18.79
434.681	18.82
435.042	18.87
435.403	18.94
435.764	18.95
436.124	18.97
436.485	18.95
436.846	18.92
437.206	18.89
437.567	18.85
437.927	18.79
438.288	18.74
438.648	18.69
439.008	18.65
439.369	18.62
439.729	18.64
440.089	18.64
440.449	18.68
440.81	18.71
441.17	18.73
441.53	18.77
441.89	18.82
442.25	18.85
442.61	18.86
442.97	18.87
443.33	18.85
443.689	18.79
444.049	18.71
444.409	18.64
444.769	18.56
445.128	18.54
445.488	18.5
445.848	18.51
446.207	18.52
446.567	18.55
446.926	18.59
447.285	18.63
447.645	18.68
448.004	18.77
448.363	18.86
448.723	18.96
449.082	19.04
449.441	19.12
449.8	19.14
450.159	19.15
450.518	19.15
450.877	19.14
451.236	19.15
451.595	19.14
451.954	19.14
452.313	19.11
452.672	19.08
453.031	19.07
453.389	19.07
453.748	19.08
454.107	19.11
454.465	19.14
454.824	19.17
455.182	19.18
455.541	19.19
455.899	19.17
456.258	19.15
456.616	19.13
456.974	19.06
457.333	18.97
457.691	18.87
458.049	18.8
458.407	18.78
458.765	18.77
459.123	18.8
459.481	18.83
459.839	18.87
460.197	18.92
460.555	18.97
460.913	19.05
461.271	19.15
461.629	19.29
461.987	19.43
462.344	19.52
462.702	19.57
463.06	19.59
463.417	19.6
463.775	19.62
464.132	19.61
464.49	19.61
464.847	19.61
465.204	19.6
465.562	19.6
465.919	19.59
466.276	19.62
466.633	19.66
466.991	19.68
467.348	19.67
467.705	19.67
468.062	19.68
468.419	19.67
468.776	19.68
469.133	19.68
469.49	19.69
469.846	19.69
470.203	19.68
470.56	19.67
470.917	19.68
471.273	19.69
471.63	19.7
471.986	19.72
472.343	19.75
472.699	19.77
473.056	19.8
473.412	19.8
473.769	19.82
474.125	19.82
474.481	19.78
474.838	19.74
475.194	19.71
475.55	19.69
475.906	19.64
476.262	19.59
476.618	19.54
476.974	19.52
477.33	19.51
477.686	19.5
478.042	19.52
478.398	19.55
478.753	19.55
479.109	19.55
479.465	19.53
479.821	19.5
480.176	19.47
480.532	19.41
480.887	19.3
481.243	19.17
481.598	19.22
481.954	19.6
482.309	19.93
482.664	19.99
483.02	19.82
483.375	19.56
483.73	19.6
484.085	19.62
484.44	19.62
484.795	19.6
485.15	19.6
485.505	19.51
485.86	19.19
486.215	18.85
486.57	18.71
486.925	18.81
487.28	19.08
487.634	19.05
487.989	19.06
488.344	19.08
488.698	19.13
489.053	19.15
489.407	19.14
489.762	19.13
490.116	19.13
490.471	19.15
490.825	19.18
491.179	19.19
491.534	19.21
491.888	19.22
492.242	19.24
492.596	19.28
492.95	19.38
493.304	19.53
493.658	19.68
494.012	19.82
494.366	19.86
494.72	19.8
495.074	19.71
495.428	19.62
495.782	19.56
496.135	19.53
496.489	19.5
496.843	19.48
497.196	19.47
497.55	19.48
497.903	19.49
498.257	19.53
498.61	19.6
498.963	19.67
499.317	19.72
499.67	19.76
500.023	19.8
500.376	19.84
500.73	19.86
501.083	19.9
501.436	19.92
501.789	19.92
502.142	19.89
502.495	19.87
502.848	19.86
503.201	19.86
503.553	19.86
503.906	19.85
504.259	19.87
504.612	19.86
504.964	19.84
505.317	19.83
505.669	19.81
506.022	19.8
506.374	19.78
506.727	19.74
507.079	19.69
507.432	19.64
507.784	19.61
508.136	19.55
508.488	19.55
508.841	19.54
509.193	19.55
509.545	19.55
509.897	19.55
510.249	19.55
510.601	19.56
510.953	19.59
511.305	19.63
511.656	19.66
512.008	19.69
512.36	19.7
512.712	19.72
513.063	19.73
513.415	19.77
513.766	19.81
514.118	19.87
514.469	19.88
514.821	19.87
515.172	19.83
515.524	19.78
515.875	19.7
516.226	19.61
516.577	19.5
516.929	19.4
517.28	19.33
517.631	19.3
517.982	19.29
518.333	19.29
518.684	19.31
519.035	19.34
519.386	19.37
519.737	19.44
520.087	19.49
520.438	19.57
520.789	19.67
521.139	19.74
521.49	19.76
521.841	19.76
522.191	19.73
522.542	19.69
522.892	19.61
523.243	19.5
523.593	19.38
523.943	19.28
524.293	19.21
524.644	19.17
524.994	19.13
525.344	19.09
525.694	19.04
526.044	18.95
526.394	18.85
526.744	18.87
527.094	18.95
527.444	18.95
527.794	19.03
528.144	19.11
528.493	19.17
528.843	19.2
529.193	19.24
529.542	19.28
529.892	19.36
530.241	19.46
530.591	19.47
530.94	19.41
531.29	19.4
531.639	19.27
531.988	19.17
532.338	19.12
532.687	19.11
533.036	19.14
533.385	19.15
533.734	19.15
534.083	19.17
534.432	19.17
534.781	19.2
535.13	19.25
535.479	19.33
535.828	19.41
536.177	19.44
536.525	19.45
536.874	19.43
537.223	19.43
537.571	19.43
537.92	19.43
538.268	19.45
538.617	19.46
538.965	19.38
539.314	19.24
539.662	19.1
540.01	19.03
540.359	19
540.707	19
541.055	19.01
541.403	19.02
541.751	19.02
542.099	19.05
542.447	19.1
542.795	19.22
543.143	19.35
543.491	19.46
543.839	19.53
544.187	19.53
544.534	19.5
544.882	19.44
545.23	19.4
545.577	19.41
545.925	19.44
546.272	19.46
546.62	19.46
546.967	19.49
547.314	19.52
547.662	19.59
548.009	19.69
548.356	19.77
548.704	19.88
549.051	20.02
549.398	20.1
549.745	20.12
550.092	20.09
550.439	20.05
550.786	19.96
551.133	19.9
551.479	19.83
551.826	19.8
552.173	19.8
552.52	19.82
552.866	19.81
553.213	19.82
553.56	19.84
553.906	19.86
554.253	19.9
554.599	19.98
554.945	20.02
555.292	20.05
555.638	20.07
555.984	20.09
556.331	20.07
556.677	20.08
557.023	20.08
557.369	20.07
557.715	20.07
558.061	20.07
558.407	20.05
558.753	20.06
559.099	20.07
559.444	20.03
559.79	19.99
560.136	19.97
560.482	19.95
560.827	19.95
561.173	19.94
561.518	19.94
561.864	19.93
562.209	19.94
562.555	19.91
562.9	19.88
563.245	19.86
563.591	19.85
563.936	19.79
564.281	19.7
564.626	19.62
564.971	19.56
565.316	19.54
565.661	19.54
566.006	19.53
566.351	19.56
566.696	19.59
567.041	19.61
567.386	19.61
567.73	19.65
568.075	19.72
568.42	19.76
568.764	19.79
569.109	19.79
569.453	19.73
569.798	19.66
570.142	19.58
570.487	19.51
570.831	19.48
571.175	19.48
571.519	19.5
571.864	19.49
572.208	19.52
572.552	19.54
572.896	19.53
573.24	19.55
573.584	19.56
573.928	19.6
574.272	19.66
574.616	19.71
574.959	19.74
575.303	19.73
575.647	19.75
575.99	19.75
576.334	19.76
576.678	19.82
577.021	19.88
577.364	19.96
577.708	20.03
578.051	20.06
578.395	20.07
578.738	20.09
579.081	20.12
579.424	20.11
579.767	20.13
580.111	20.15
580.454	20.13
580.797	20.13
581.14	20.13
581.482	20.1
581.825	20.09
582.168	20.11
582.511	20.11
582.854	20.11
583.196	20.11
583.539	20.14
583.882	20.15
584.224	20.15
584.567	20.14
584.909	20.12
585.252	20.12
585.594	20.12
585.936	20.1
586.279	20.07
586.621	20.06
586.963	20.06
587.305	20.03
587.647	19.97
587.989	19.92
588.331	19.9
588.673	19.87
589.015	19.86
589.357	19.83
589.699	19.82
590.041	19.82
590.382	19.82
590.724	19.84
591.066	19.83
591.407	19.84
591.749	19.86
592.09	19.87
592.432	19.85
592.773	19.82
593.114	19.81
593.456	19.8
593.797	19.77
594.138	19.72
594.479	19.66
594.821	19.57
595.162	19.45
595.503	19.38
595.844	19.33
596.185	19.35
596.525	19.38
596.866	19.41
597.207	19.43
597.548	19.46
597.889	19.5
598.229	19.53
598.57	19.62
598.91	19.75
599.251	19.84
599.592	19.92
599.932	19.95
600.272	19.92
600.613	19.9
600.953	19.81
601.293	19.69
601.633	19.58
601.974	19.48
602.314	19.39
602.654	19.3
602.994	19.22
603.334	19.16
603.674	19.12
604.014	19.14
604.353	19.16
604.693	19.23
605.033	19.32
605.373	19.4
605.712	19.47
606.052	19.52
606.391	19.6
606.731	19.68
607.07	19.72
607.41	19.68
607.749	19.61
608.088	19.54
608.428	19.48
608.767	19.44
609.106	19.42
609.445	19.45
609.784	19.48
610.123	19.5
610.462	19.57
610.801	19.64
611.14	19.75
611.479	19.86
611.818	19.97
612.157	20.03
612.495	20.1
612.834	20.1
613.173	20.08
613.511	20.08
613.85	20.1
614.188	20.08
614.527	20.09
614.865	20.06
615.203	20.03
615.542	20.03
615.88	20.02
616.218	20
616.556	20.03
616.894	20.01
617.233	20.01
617.571	19.99
617.908	19.99
618.246	19.96
618.584	20
618.922	20.04
619.26	20.02
619.598	20.02
619.935	20.05
620.273	20.05
620.611	20.05
620.948	20.04
621.286	20.03
621.623	20.05
621.96	20.03
622.298	20
622.635	19.97
622.972	19.98
623.31	19.94
623.647	19.9
623.984	19.84
624.321	19.81
624.658	19.75
624.995	19.68
625.332	19.58
625.669	19.55
626.006	19.52
626.342	19.51
626.679	19.5
627.016	19.53
627.352	19.53
627.689	19.54
628.026	19.56
628.362	19.61
628.699	19.67
629.035	19.75
629.371	19.82
629.708	19.85
630.044	19.88
630.38	19.91
630.716	19.91
631.052	19.9
631.388	19.9
631.725	19.93
632.06	19.9
632.396	19.87
632.732	19.84
633.068	19.78
633.404	19.77
633.74	19.77
634.075	19.74
634.411	19.71
634.747	19.74
635.082	19.76
635.418	19.76
635.753	19.77
636.089	19.84
636.424	19.87
636.759	19.9
637.095	19.91
637.43	19.91
637.765	19.92
638.1	19.93
638.435	19.94
638.77	19.95
639.105	19.96
639.44	19.97
639.775	19.94
640.11	19.95
640.445	19.97
640.779	19.99
641.114	19.97
641.449	19.96
641.783	19.96
642.118	19.97
642.452	19.96
642.787	19.95
643.121	19.95
643.456	19.93
643.79	19.89
644.124	19.89
644.458	19.9
644.793	19.9
645.127	19.92
645.461	19.95
645.795	19.96
646.129	19.99
646.463	20.01
646.797	20.03
647.13	20.05
647.464	20.04
647.798	20.04
648.132	20.04
648.465	20.06
648.799	20.07
649.132	20.03
649.466	20
649.799	19.95
650.133	19.91
650.466	19.91
650.799	19.86
651.133	19.83
651.466	19.82
651.799	19.78
652.132	19.77
652.465	19.78
652.798	19.8
653.131	19.81
653.464	19.8
653.797	19.82
654.13	19.81
654.463	19.88
654.795	19.9
655.128	19.9
655.461	19.9
655.793	19.84
656.126	19.79
656.458	19.73
656.791	19.62
657.123	19.56
657.455	19.45
657.788	19.34
658.12	19.24
658.452	19.25
658.784	19.26
659.116	19.29
659.448	19.32
659.78	19.35
660.112	19.4
660.444	19.46
660.776	19.54
661.108	19.62
661.44	19.75
661.771	19.9
662.103	19.94
662.435	19.93
662.766	19.91
663.098	19.95
663.429	19.91
663.761	19.91
664.092	19.92
664.423	19.91
664.755	19.93
665.086	19.88
665.417	19.87
665.748	19.83
666.079	19.9
666.41	19.91
666.741	19.86
667.072	19.84
667.403	19.8
667.734	19.74
668.065	19.7
668.395	19.66
668.726	19.67
669.057	19.64
669.387	19.68
669.718	19.63
670.048	19.62
670.379	19.65
670.709	19.74
671.039	19.79
671.37	19.88
671.7	19.9
672.03	19.99
672.36	19.99
672.69	20.04
673.02	20.02
673.35	20.06
673.68	20.09
674.01	20.06
674.34	20.03
674.67	20.02
675	19.93
675.329	19.91
675.659	19.85
675.989	19.83
676.318	19.76
676.648	19.77
676.977	19.74
677.307	19.72
677.636	19.73
677.965	19.7
678.295	19.64
678.624	19.64
678.953	19.64
679.282	19.6
679.611	19.64
679.94	19.7
680.269	19.71
680.598	19.72
680.927	19.76
681.256	19.76
681.584	19.8
681.913	19.87
682.242	19.91
682.57	19.98
682.899	20.03
683.228	20.05
683.556	20.06
683.884	20.1
684.213	20.13
684.541	20.12
684.869	20.17
685.198	20.18
685.526	20.15
685.854	20.2
686.182	20.22
686.51	20.29
686.838	20.33
687.166	20.3
687.494	20.28
687.822	20.26
688.149	20.31
688.477	20.28
688.805	20.27
689.133	20.31
689.46	20.28
689.788	20.25
690.115	20.19
690.443	20.14
690.77	20.13
691.097	20.12
691.425	20.13
691.752	20.03
692.079	20
692.406	19.97
692.733	19.93
693.06	19.91
693.387	19.87
693.714	19.88
694.041	19.83
694.368	19.8
694.695	19.8
695.021	19.8
695.348	19.77
695.675	19.75
696.001	19.7
696.328	19.62
696.654	19.57
696.981	19.47
697.307	19.36
697.634	19.31
697.96	19.26
698.286	19.25
698.612	19.25
698.938	19.28
699.264	19.35
699.591	19.4
699.917	19.46
700.242	19.54
700.568	19.7
700.894	19.81
701.22	19.94
701.546	20.09
701.871	20.2
702.197	20.23
702.523	20.27
702.848	20.21
703.174	20.21
703.499	20.2
703.824	20.18
704.15	20.08
704.475	20.06
704.8	20.05
705.125	20.02
705.451	19.96
705.776	19.93
706.101	19.95
706.426	19.96
706.751	19.98
707.076	19.99
707.4	20.03
707.725	20.06
708.05	20.06
708.375	20.06
708.699	20.12
709.024	20.14
709.348	20.16
709.673	20.18
709.997	20.21
710.322	20.21
710.646	20.27
710.97	20.27
711.294	20.33
711.619	20.36
711.943	20.36
712.267	20.33
712.591	20.3
712.915	20.27
713.239	20.28
713.563	20.3
713.886	20.32
714.21	20.27
714.534	20.2
714.858	20.09
715.181	20.05
715.505	20.01
715.828	20.02
716.152	19.99
716.475	20.05
716.799	20.08
717.122	20.03
717.445	20.08
717.768	20.11
718.092	20.18
718.415	20.22
718.738	20.28
719.061	20.28
719.384	20.27
719.707	20.36
720.03	20.33
720.352	20.3
720.675	20.3
720.998	20.23
721.32	20.22
721.643	20.17
721.966	20.24
722.288	20.26
722.611	20.3
722.933	20.3
723.255	20.17
723.578	20.19
723.9	20.15
724.222	20.23
724.544	20.32
724.866	20.34
725.188	20.38
725.51	20.38
725.832	20.32
726.154	20.37
726.476	20.4
726.798	20.49
727.12	20.46
727.441	20.46
727.763	20.4
728.085	20.29
728.406	20.29
728.728	20.3
729.049	20.32
729.37	20.39
729.692	20.34
730.013	20.36
730.334	20.4
730.655	20.38
730.977	20.4
731.298	20.4
731.619	20.45
731.94	20.49
732.261	20.44
732.581	20.4
732.902	20.41
733.223	20.49
733.544	20.55
733.864	20.55
734.185	20.56
734.506	20.66
734.826	20.75
735.146	20.76
735.467	20.77
735.787	20.89
736.108	20.9
736.428	20.91
736.748	20.95
737.068	20.9
737.388	20.96
737.708	21.03
738.028	20.95
738.348	20.97
738.668	20.98
738.988	20.98
739.308	20.95
739.628	20.98
739.947	21.01
740.267	21.01
740.586	20.99
740.906	20.89
741.225	20.86
741.545	20.89
741.864	20.86
742.184	20.8
742.503	20.77
742.822	20.71
743.141	20.75
743.46	20.74
743.779	20.65
744.098	20.56
744.417	20.63
744.736	20.66
745.055	20.56
745.374	20.57
745.693	20.65
746.011	20.67
746.33	20.68
746.649	20.66
746.967	20.57
747.286	20.62
747.604	20.67
747.923	20.65
748.241	20.56
748.559	20.59
748.877	20.5
749.196	20.5
749.514	20.47
749.832	20.38
750.15	20.31
750.468	20.39
750.786	20.34
751.104	20.41
751.422	20.4
751.739	20.47
752.057	20.67
752.375	20.7
752.692	20.68
753.01	20.8
753.327	20.94
753.645	20.92
753.962	21.07
754.28	21.08
754.597	21.06
754.914	21.13
755.231	21.12
755.548	21.02
755.866	21.06
756.183	21.09
756.5	21.18
756.816	21.22
757.133	21.3
757.45	21.18
757.767	21.15
758.084	21.2
758.4	21.12
758.717	21.15
759.034	21.12
759.35	21.15
759.667	21.23
759.983	21.07
760.299	21.01
760.616	21
760.932	21.02
761.248	21.12
761.564	21.02
761.88	20.96
762.196	20.85
762.512	20.81
762.828	20.67
763.144	20.52
763.46	20.59
763.776	20.66
764.092	20.74
764.407	20.7
764.723	20.68
765.038	20.77
765.354	20.91
765.669	21.05
765.985	21.09
766.3	21.22
766.616	21.38
766.931	21.37
767.246	21.36
767.561	21.33
767.876	21.44
768.191	21.52
768.506	21.5
768.821	21.39
769.136	21.39
769.451	21.36
769.766	21.36
770.08	21.3
770.395	21.44
770.71	21.38
771.024	21.35
771.339	21.3
771.653	21.12
771.968	21.15
772.282	21.22
772.596	21.18
772.911	21.18
773.225	21.21
773.539	21.27
773.853	21.26
774.167	21.36
774.481	21.45
774.795	21.42
775.109	21.6
775.423	21.68
775.737	21.68
776.05	21.59
776.364	21.69
776.678	21.62
776.991	21.55
777.305	21.33
777.618	21.3
777.931	21.19
778.245	21.14
778.558	20.93
778.871	20.84
779.185	20.85
779.498	21.06
779.811	21.09
780.124	21.2
780.437	21.28
780.75	21.38
781.063	21.53
781.375	21.6
781.688	21.71
782.001	21.83
782.314	21.81
782.626	21.9
782.939	21.75
783.251	21.59
783.564	21.59
783.876	21.48
784.188	21.42
784.501	21.29
784.813	21.26
785.125	21.23
785.437	21.2
785.749	21.09
786.061	20.85
786.373	20.94
786.685	21.21
786.997	21.02
787.309	21.16
787.621	21.23
787.932	21.16
788.244	21.17
788.556	21.12
788.867	21.07
789.179	21.24
789.49	21.33
789.801	21.23
790.113	21.13
790.424	21.3
790.735	21.24
791.046	21.23
791.358	21.26
791.669	21.22
791.98	21.33
792.291	21.42
792.601	21.3
792.912	21.3
793.223	21.47
793.534	21.52
793.845	21.46
794.155	21.44
794.466	21.54
794.776	21.59
795.087	21.66
795.397	21.63
795.707	21.74
796.018	21.97
796.328	21.94
796.638	21.89
796.948	21.83
797.258	21.89
797.569	21.91
797.879	21.84
798.188	21.84
798.498	21.74
798.808	21.69
799.118	21.61
799.428	21.5
799.737	21.58
800.047	21.68
800.356	21.67
800.666	21.65
800.975	21.46
801.285	21.26
801.594	21.3
801.903	21.52
802.213	21.68
802.522	21.76
802.831	21.84
803.14	21.83
803.449	21.48
803.758	21.55
804.067	21.48
804.376	21.7
804.684	21.94
804.993	21.97
805.302	21.68
805.611	21.52
805.919	21.53
806.228	21.37
806.536	21.39
806.845	21.61
807.153	21.55
807.461	21.6
807.769	21.65
808.078	21.69
808.386	21.61
808.694	21.78
809.002	21.74
809.31	21.61
809.618	21.7
809.926	21.68
810.233	21.82
810.541	21.75
810.849	21.73
811.157	21.78
811.464	21.56
811.772	21.62
812.079	21.64
812.387	21.66
812.694	21.83
813.001	21.73
813.309	21.79
813.616	21.72
813.923	21.74
814.23	21.84
814.537	21.77
814.844	21.81
815.151	21.74
815.458	21.54
815.765	21.68
816.072	21.54
816.378	21.73
816.685	21.56
816.992	21.64
817.298	21.74
817.605	21.66
817.911	21.46
818.218	21.32
818.524	21.29
818.83	21.37
819.136	21.32
819.443	21.29
819.749	21.09
820.055	21.14
820.361	21.06
820.667	21.06
820.973	21.05
821.279	21.09
821.584	21.12
821.89	21.18
822.196	21.18
822.501	21.24
822.807	21.38
823.113	21.49
823.418	21.6
823.723	21.69
824.029	21.83
824.334	22
824.639	22.23
824.944	22.54
825.25	22.79
825.555	23.14
825.86	23.36
826.165	23.44
826.47	23.49
826.774	23.48
827.079	23.49
827.384	23.43
827.689	23.42
827.993	23.42
828.298	23.37
828.602	23.35
828.907	23.3
829.211	23.27
829.516	23.41
829.82	23.53
830.124	23.74
830.429	23.94
830.733	24.09
831.037	24.18
831.341	24.11
831.645	24.08
831.949	23.87
832.253	23.49
832.556	23.31
832.86	22.93
833.164	22.69
833.467	22.34
833.771	22.07
834.075	21.99
834.378	21.86
834.682	21.79
834.985	21.84
835.288	22.03
835.591	22.18
835.895	22.3
836.198	22.55
836.501	22.86
836.804	23.09
837.107	23.53
837.41	23.84
837.713	24.07
838.016	24.35
838.318	24.52
838.621	24.64
838.924	24.85
839.226	24.67
839.529	24.54
839.831	24.48
840.134	24.64
840.436	24.29
840.738	23.99
841.041	24.05
841.343	23.92
841.645	23.71
841.947	23.58
842.249	23.5
842.551	23.81
842.853	23.58
843.155	23.56
843.457	23.42
843.758	23.16
844.06	23.38
844.362	22.85
844.663	22.99
844.965	23.01
845.266	23.23
845.568	23.15
845.869	23.29
846.17	23.48
846.472	23.18
846.773	23.09
847.074	23.82
847.375	23.8
847.676	24.26
847.977	24.23
848.278	24.21
848.579	23.96
848.88	24.24
849.181	23.97
849.481	23.74
849.782	24.21
850.082	24.35
850.383	23.85
850.683	23.98
850.984	24.05
851.284	24.02
851.585	23.89
851.885	23.69
852.185	23.42
852.485	23.61
852.785	24.4
853.085	24.23
853.385	24.71
853.685	25.51
853.985	25.51
854.285	25.74
854.584	25.66
854.884	25.6
855.184	25.6
855.483	25.52
855.783	25.35
856.082	24.67
856.382	24.31
856.681	24.03
856.98	23.17
857.28	23.47
857.579	22.91
857.878	23.05
858.177	23.6
858.476	24.24
858.775	23.81
859.074	24.23
859.373	24.29
859.671	24.04
859.97	23.76
860.269	24.15
860.567	23.35
860.866	23.2
861.165	22.78
861.463	23.35
861.761	23.06
862.06	23.83
862.358	23.53
862.656	23.56
862.954	24.34
863.252	24.95
863.551	24.51
863.849	24.96
864.146	25.05
864.444	25.3
864.742	24.61
865.04	24.69
865.338	24.56
865.635	24.33
865.933	25.22
866.23	24.75
866.528	24.57
866.825	24.82
867.123	25.08
867.42	25.19
867.717	25.59
868.014	25.36
868.312	25.48
868.609	25.49
868.906	25.64
869.203	24.99
869.5	25.05
869.796	24.84
870.093	24.37
870.39	24.35
870.687	24.64
870.983	24.21
871.28	24.1
871.576	23.83
871.873	24.29
872.169	25.2
872.466	24.78
872.762	25.16
873.058	25.57
873.354	25.6
873.65	25.81
873.947	25.65
874.243	26.14
874.538	27.01
874.834	27.21
875.13	26.31
875.426	25.61
875.722	26.25
876.017	26.44
876.313	26.62
876.608	27.14
876.904	27.25
877.199	27.84
877.495	27.78
877.79	27.5
878.085	27.59
878.381	28.9
878.676	28.5
878.971	28.52
879.266	28.36
879.561	27.88
879.856	27.43
880.151	26.68
880.445	26.11
880.74	25.69
881.035	25.53
881.329	25.39
881.624	24.88
881.919	25.06
882.213	24.91
