177.169	50
177.554	44.41
177.94	47.51
178.326	58.33
178.711	-764.29
179.097	-18.57
179.482	18.55
179.868	202.65
180.253	-147.73
180.639	-79.92
181.024	216.54
181.409	139.83
181.795	44.41
182.18	72.25
182.565	74.79
182.95	14.89
183.336	59.68
183.721	27.82
184.106	-93.52
184.491	-102.39
184.876	552.7
185.261	16.3
185.646	-4.55
186.031	-9.17
186.416	23.47
186.801	25.09
187.186	7.08
187.57	21.74
187.955	13.54
188.34	6.4
188.725	3.43
189.11	3.9
189.494	0.71
189.879	-0.56
190.263	2.64
190.648	0.68
191.033	6.57
191.417	14.34
191.802	12.97
192.186	6.47
192.57	14.88
192.955	19.14
193.339	22.51
193.723	22.48
194.108	25.74
194.492	27.07
194.876	19.54
195.26	4.15
195.645	-1.84
196.029	-5.89
196.413	7.64
196.797	-3.04
197.181	7.38
197.565	9.83
197.949	9.96
198.333	8.73
198.717	12.79
199.101	20.54
199.484	28.93
199.868	30.02
200.252	31.07
200.636	27.6
201.019	37.2
201.403	30.39
201.787	28.2
202.17	31.04
202.554	29.25
202.937	27.4
203.321	30.77
203.704	27.83
204.088	34.35
204.471	39.56
204.855	32.69
205.238	26.37
205.621	32.45
206.005	34.91
206.388	37.03
206.771	41.54
207.154	43.31
207.537	41.34
207.921	40.08
208.304	32.9
208.687	27.3
209.07	32.36
209.453	32.65
209.836	19.61
210.219	10.98
210.601	9.06
210.984	5.44
211.367	4.62
211.75	-0.6
212.133	1.03
212.515	8.82
212.898	13.37
213.281	9.73
213.663	10.71
214.046	14.47
214.428	14.87
214.811	12.62
215.193	14.36
215.576	14.8
215.958	26.51
216.341	31.72
216.723	29.08
217.105	22.28
217.488	25.37
217.87	25.14
218.252	26.75
218.634	32.09
219.017	34.81
219.399	37.69
219.781	37.77
220.163	32.96
220.545	30.62
220.927	29.52
221.309	30.64
221.691	35.02
222.073	40.97
222.455	44.32
222.836	39.92
223.218	37.18
223.6	39.53
223.982	40.19
224.363	36.36
224.745	34.84
225.127	35.36
225.508	43
225.89	43.2
226.271	39.23
226.653	34.31
227.034	35
227.416	34.7
227.797	26.42
228.178	25.75
228.56	29.84
228.941	27.34
229.322	26.96
229.704	20.94
230.085	18.09
230.466	15.03
230.847	16.3
231.228	12.2
231.609	10.78
231.99	13.74
232.371	10.95
232.752	8.79
233.133	12.24
233.514	12.23
233.895	12.95
234.276	13.68
234.657	17.04
235.037	15.76
235.418	18.24
235.799	18.5
236.179	16.85
236.56	17.23
236.941	15.56
237.321	16.61
237.702	16.14
238.082	16.51
238.463	14.05
238.843	14.28
239.223	12.89
239.604	10.58
239.984	9.42
240.364	8.86
240.745	7.89
241.125	7.69
241.505	7.19
241.885	6.95
242.265	6.39
242.645	6.32
243.025	5.18
243.405	4.91
243.785	4.95
244.165	5.03
244.545	4.77
244.925	4.77
245.305	4.4
245.685	4.04
246.065	3.76
246.444	3.82
246.824	3.7
247.204	3.88
247.583	3.98
247.963	3.87
248.343	3.87
248.722	3.94
249.102	4.08
249.481	3.91
249.861	3.87
250.24	4.11
250.619	4.2
250.999	4.39
251.378	4.44
251.757	4.3
252.136	4.64
252.516	4.43
252.895	4.45
253.274	4.08
253.653	4.56
254.032	4.86
254.411	4.76
254.79	4.72
255.169	4.61
255.548	4.38
255.927	4.48
256.306	4.25
256.685	4.32
257.063	4.21
257.442	4.06
257.821	3.8
258.199	3.54
258.578	3.55
258.957	3.57
259.335	3.59
259.714	3.59
260.092	3.54
260.471	3.57
260.849	3.54
261.228	3.51
261.606	3.63
261.984	3.77
262.363	4.06
262.741	4.23
263.119	4.07
263.497	4.07
263.876	4.13
264.254	4.11
264.632	4.19
265.01	4.14
265.388	4.09
265.766	4.04
266.144	3.92
266.522	3.89
266.9	3.63
267.278	3.62
267.655	3.53
268.033	3.37
268.411	3.3
268.789	3.1
269.166	3.15
269.544	3.02
269.922	2.84
270.299	2.8
270.677	2.77
271.054	2.94
271.432	3
271.809	3.11
272.186	3.22
272.564	3.33
272.941	3.39
273.318	3.3
273.696	3.42
274.073	3.52
274.45	3.51
274.827	3.52
275.204	3.45
275.582	3.42
275.959	3.19
276.336	3.11
276.713	3.18
277.09	3.28
277.466	3.28
277.843	3.17
278.22	3.33
278.597	3.37
278.974	3.32
279.35	3.38
279.727	3.34
280.104	3.45
280.48	3.52
280.857	3.36
281.234	3.26
281.61	3.19
281.987	3.2
282.363	3.11
282.74	3.05
283.116	2.93
283.492	2.87
283.869	2.84
284.245	2.78
284.621	2.72
284.997	2.76
285.373	2.77
285.75	2.85
286.126	2.91
286.502	2.85
286.878	2.92
287.254	2.97
287.63	3.01
288.006	3.05
288.382	3.09
288.757	3.14
289.133	3.08
289.509	3.08
289.885	3.02
290.26	2.97
290.636	2.95
291.012	2.96
291.387	2.98
291.763	3.01
292.139	3.06
292.514	3.01
292.889	3
293.265	3.09
293.64	3.07
294.016	3.16
294.391	3.2
294.766	3.23
295.142	3.22
295.517	3.25
295.892	3.22
296.267	3.18
296.642	3.19
297.017	3.15
297.392	3.12
297.767	3.19
298.142	3.1
298.517	3.12
298.892	3.12
299.267	3.12
299.642	3.17
300.017	3.12
300.391	3.12
300.766	3.13
301.141	3.2
301.515	3.22
301.89	3.1
302.265	3.18
302.639	3.09
303.014	3.17
303.388	3.19
303.762	3.08
304.137	3.17
304.511	3.19
304.886	3.2
305.26	3.16
305.634	3.13
306.008	3.19
306.382	3.17
306.757	3.2
307.131	3.14
307.505	3.03
307.879	3.06
308.253	3.07
308.627	3.07
309.001	3.11
309.375	3.1
309.748	3.06
310.122	3.07
310.496	3.1
310.87	3.11
311.243	3.15
311.617	3.19
311.991	3.2
312.364	3.11
312.738	3.11
313.111	3.14
313.485	3.18
313.858	3.22
314.232	3.18
314.605	3.18
314.979	3.24
315.352	3.15
315.725	3.11
316.098	3.1
316.472	3.16
316.845	3.04
317.218	2.92
317.591	2.93
317.964	2.97
318.337	2.94
318.71	2.86
319.083	2.75
319.456	2.74
319.829	2.8
320.202	2.85
320.574	2.77
320.947	2.87
321.32	2.9
321.693	2.95
322.065	2.96
322.438	2.95
322.81	3.04
323.183	3.08
323.555	3.15
323.928	3.13
324.3	3.12
324.673	3.17
325.045	3.19
325.417	3.22
325.79	3.18
326.162	3.16
326.534	3.22
326.906	3.15
327.278	3.14
327.651	3.17
328.023	3.19
328.395	3.21
328.767	3.22
329.139	3.25
329.511	3.23
329.882	3.19
330.254	3.25
330.626	3.31
330.998	3.35
331.37	3.32
331.741	3.28
332.113	3.27
332.485	3.2
332.856	3.17
333.228	3.12
333.599	3.19
333.971	3.25
334.342	3.22
334.714	3.15
335.085	3.15
335.456	3.17
335.828	3.11
336.199	3.17
336.57	3.29
336.941	3.37
337.312	3.38
337.683	3.36
338.054	3.32
338.426	3.33
338.797	3.38
339.167	3.38
339.538	3.35
339.909	3.39
340.28	3.37
340.651	3.29
341.022	3.26
341.392	3.31
341.763	3.3
342.134	3.24
342.504	3.24
342.875	3.22
343.246	3.23
343.616	3.33
343.987	3.33
344.357	3.3
344.727	3.3
345.098	3.34
345.468	3.32
345.838	3.29
346.209	3.37
346.579	3.36
346.949	3.37
347.319	3.35
347.689	3.27
348.059	3.23
348.429	3.23
348.799	3.28
349.169	3.23
349.539	3.23
349.909	3.23
350.279	3.22
350.649	3.25
351.018	3.25
351.388	3.26
351.758	3.28
352.128	3.31
352.497	3.33
352.867	3.27
353.236	3.28
353.606	3.29
353.975	3.29
354.345	3.3
354.714	3.3
355.083	3.3
355.453	3.3
355.822	3.33
356.191	3.32
356.56	3.32
356.93	3.33
357.299	3.33
357.668	3.31
358.037	3.3
358.406	3.29
358.775	3.26
359.144	3.26
359.513	3.26
359.882	3.25
360.25	3.22
360.619	3.22
360.988	3.22
361.357	3.24
361.725	3.24
362.094	3.23
362.463	3.19
362.831	3.16
363.2	3.16
363.568	3.19
363.937	3.21
364.305	3.23
364.673	3.21
365.042	3.22
365.41	3.23
365.778	3.24
366.146	3.25
366.515	3.29
366.883	3.34
367.251	3.32
367.619	3.27
367.987	3.27
368.355	3.28
368.723	3.31
369.091	3.27
369.459	3.24
369.826	3.23
370.194	3.24
370.562	3.27
370.93	3.28
371.297	3.32
371.665	3.3
372.033	3.29
372.4	3.28
372.768	3.26
373.135	3.32
373.503	3.31
373.87	3.32
374.237	3.34
374.605	3.33
374.972	3.29
375.339	3.3
375.707	3.26
376.074	3.23
376.441	3.23
376.808	3.25
377.175	3.23
377.542	3.23
377.909	3.22
378.276	3.19
378.643	3.15
379.01	3.17
379.377	3.13
379.744	3.17
380.11	3.19
380.477	3.23
380.844	3.2
381.21	3.17
381.577	3.17
381.944	3.16
382.31	3.19
382.677	3.23
383.043	3.21
383.409	3.22
383.776	3.23
384.142	3.23
384.508	3.21
384.875	3.24
385.241	3.26
385.607	3.26
385.973	3.29
386.339	3.3
386.705	3.28
387.071	3.29
387.437	3.31
387.803	3.3
388.169	3.3
388.535	3.34
388.901	3.31
389.267	3.28
389.633	3.3
389.998	3.29
390.364	3.3
390.73	3.3
391.095	3.3
391.461	3.28
391.826	3.29
392.192	3.29
392.557	3.28
392.923	3.29
393.288	3.32
393.653	3.32
394.019	3.3
394.384	3.3
394.749	3.29
395.114	3.29
395.479	3.31
395.844	3.3
396.21	3.32
396.575	3.3
396.94	3.3
397.304	3.26
397.669	3.25
398.034	3.24
398.399	3.23
398.764	3.22
399.129	3.22
399.493	3.21
399.858	3.21
400.223	3.21
400.587	3.19
400.952	3.18
401.316	3.19
401.681	3.18
402.045	3.19
402.409	3.18
402.774	3.19
403.138	3.2
403.502	3.19
403.867	3.19
404.231	3.17
404.595	3.18
404.959	3.2
405.323	3.22
405.687	3.24
406.051	3.25
406.415	3.26
406.779	3.28
407.143	3.27
407.507	3.27
407.871	3.25
408.234	3.26
408.598	3.27
408.962	3.26
409.325	3.25
409.689	3.26
410.053	3.24
410.416	3.24
410.78	3.24
411.143	3.25
411.506	3.26
411.87	3.29
412.233	3.3
412.596	3.3
412.96	3.3
413.323	3.3
413.686	3.31
414.049	3.32
414.412	3.29
414.775	3.29
415.138	3.28
415.501	3.26
415.864	3.26
416.227	3.24
416.59	3.22
416.953	3.22
417.315	3.2
417.678	3.19
418.041	3.19
418.404	3.19
418.766	3.17
419.129	3.17
419.491	3.16
419.854	3.16
420.216	3.16
420.579	3.17
420.941	3.18
421.303	3.17
421.666	3.17
422.028	3.17
422.39	3.17
422.752	3.17
423.114	3.17
423.476	3.16
423.839	3.16
424.201	3.15
424.563	3.15
424.924	3.15
425.286	3.17
425.648	3.16
426.01	3.17
426.372	3.17
426.733	3.18
427.095	3.21
427.457	3.22
427.818	3.25
428.18	3.26
428.542	3.26
428.903	3.26
429.264	3.25
429.626	3.27
429.987	3.26
430.349	3.26
430.71	3.25
431.071	3.23
431.432	3.24
431.794	3.22
432.155	3.23
432.516	3.22
432.877	3.21
433.238	3.22
433.599	3.21
433.96	3.21
434.321	3.21
434.681	3.22
435.042	3.23
435.403	3.23
435.764	3.24
436.124	3.24
436.485	3.23
436.846	3.24
437.206	3.23
437.567	3.23
437.927	3.22
438.288	3.22
438.648	3.22
439.008	3.22
439.369	3.22
439.729	3.22
440.089	3.22
440.449	3.23
440.81	3.24
441.17	3.25
441.53	3.25
441.89	3.25
442.25	3.26
442.61	3.27
442.97	3.27
443.33	3.25
443.689	3.25
444.049	3.24
444.409	3.23
444.769	3.21
445.128	3.21
445.488	3.21
445.848	3.2
446.207	3.2
446.567	3.18
446.926	3.18
447.285	3.18
447.645	3.18
448.004	3.18
448.363	3.18
448.723	3.19
449.082	3.19
449.441	3.21
449.8	3.23
450.159	3.23
450.518	3.23
450.877	3.22
451.236	3.23
451.595	3.23
451.954	3.24
452.313	3.24
452.672	3.26
453.031	3.26
453.389	3.25
453.748	3.24
454.107	3.24
454.465	3.25
454.824	3.27
455.182	3.28
455.541	3.27
455.899	3.27
456.258	3.27
456.616	3.26
456.974	3.25
457.333	3.24
457.691	3.24
458.049	3.23
458.407	3.22
458.765	3.21
459.123	3.2
459.481	3.2
459.839	3.21
460.197	3.22
460.555	3.22
460.913	3.22
461.271	3.23
461.629	3.23
461.987	3.26
462.344	3.28
462.702	3.29
463.06	3.31
463.417	3.32
463.775	3.32
464.132	3.32
464.49	3.32
464.847	3.33
465.204	3.33
465.562	3.33
465.919	3.31
466.276	3.3
466.633	3.31
466.991	3.32
467.348	3.32
467.705	3.31
468.062	3.3
468.419	3.29
468.776	3.29
469.133	3.29
469.49	3.29
469.846	3.3
470.203	3.3
470.56	3.29
470.917	3.29
471.273	3.29
471.63	3.29
471.986	3.29
472.343	3.32
472.699	3.33
473.056	3.33
473.412	3.33
473.769	3.34
474.125	3.35
474.481	3.35
474.838	3.34
475.194	3.35
475.55	3.36
475.906	3.37
476.262	3.36
476.618	3.35
476.974	3.34
477.33	3.34
477.686	3.34
478.042	3.33
478.398	3.34
478.753	3.35
479.109	3.35
479.465	3.34
479.821	3.34
480.176	3.33
480.532	3.34
480.887	3.34
481.243	3.34
481.598	3.33
481.954	3.37
482.309	3.39
482.664	3.36
483.02	3.33
483.375	3.31
483.73	3.31
484.085	3.3
484.44	3.3
484.795	3.3
485.15	3.3
485.505	3.29
485.86	3.25
486.215	3.23
486.57	3.24
486.925	3.26
487.28	3.26
487.634	3.26
487.989	3.26
488.344	3.26
488.698	3.27
489.053	3.27
489.407	3.27
489.762	3.28
490.116	3.28
490.471	3.27
490.825	3.27
491.179	3.28
491.534	3.28
491.888	3.27
492.242	3.27
492.596	3.27
492.95	3.27
493.304	3.27
493.658	3.27
494.012	3.28
494.366	3.29
494.72	3.3
495.074	3.31
495.428	3.31
495.782	3.32
496.135	3.32
496.489	3.32
496.843	3.32
497.196	3.32
497.55	3.31
497.903	3.3
498.257	3.32
498.61	3.33
498.963	3.32
499.317	3.33
499.67	3.33
500.023	3.34
500.376	3.35
500.73	3.36
501.083	3.37
501.436	3.37
501.789	3.38
502.142	3.37
502.495	3.36
502.848	3.37
503.201	3.36
503.553	3.37
503.906	3.37
504.259	3.37
504.612	3.37
504.964	3.37
505.317	3.36
505.669	3.36
506.022	3.37
506.374	3.38
506.727	3.38
507.079	3.38
507.432	3.37
507.784	3.36
508.136	3.36
508.488	3.36
508.841	3.35
509.193	3.36
509.545	3.36
509.897	3.36
510.249	3.36
510.601	3.35
510.953	3.35
511.305	3.36
511.656	3.35
512.008	3.36
512.36	3.36
512.712	3.37
513.063	3.38
513.415	3.4
513.766	3.4
514.118	3.4
514.469	3.41
514.821	3.41
515.172	3.4
515.524	3.42
515.875	3.41
516.226	3.4
516.577	3.39
516.929	3.39
517.28	3.38
517.631	3.36
517.982	3.35
518.333	3.35
518.684	3.36
519.035	3.36
519.386	3.35
519.737	3.36
520.087	3.38
520.438	3.38
520.789	3.38
521.139	3.38
521.49	3.4
521.841	3.42
522.191	3.42
522.542	3.42
522.892	3.42
523.243	3.43
523.593	3.41
523.943	3.4
524.293	3.39
524.644	3.4
524.994	3.39
525.344	3.39
525.694	3.38
526.044	3.38
526.394	3.38
526.744	3.38
527.094	3.38
527.444	3.37
527.794	3.37
528.144	3.36
528.493	3.36
528.843	3.36
529.193	3.36
529.542	3.36
529.892	3.36
530.241	3.36
530.591	3.36
530.94	3.35
531.29	3.36
531.639	3.36
531.988	3.37
532.338	3.37
532.687	3.37
533.036	3.37
533.385	3.38
533.734	3.38
534.083	3.38
534.432	3.38
534.781	3.38
535.13	3.38
535.479	3.38
535.828	3.38
536.177	3.39
536.525	3.39
536.874	3.4
537.223	3.4
537.571	3.4
537.92	3.4
538.268	3.42
538.617	3.41
538.965	3.43
539.314	3.43
539.662	3.43
540.01	3.43
540.359	3.42
540.707	3.41
541.055	3.41
541.403	3.41
541.751	3.41
542.099	3.4
542.447	3.41
542.795	3.41
543.143	3.41
543.491	3.41
543.839	3.41
544.187	3.42
544.534	3.42
544.882	3.43
545.23	3.43
545.577	3.43
545.925	3.43
546.272	3.44
546.62	3.44
546.967	3.45
547.314	3.45
547.662	3.45
548.009	3.46
548.356	3.49
548.704	3.5
549.051	3.51
549.398	3.53
549.745	3.55
550.092	3.54
550.439	3.55
550.786	3.54
551.133	3.53
551.479	3.53
551.826	3.53
552.173	3.51
552.52	3.51
552.866	3.5
553.213	3.49
553.56	3.49
553.906	3.49
554.253	3.49
554.599	3.49
554.945	3.49
555.292	3.51
555.638	3.53
555.984	3.54
556.331	3.55
556.677	3.56
557.023	3.57
557.369	3.58
557.715	3.59
558.061	3.59
558.407	3.59
558.753	3.61
559.099	3.61
559.444	3.59
559.79	3.59
560.136	3.58
560.482	3.58
560.827	3.57
561.173	3.55
561.518	3.56
561.864	3.55
562.209	3.55
562.555	3.55
562.9	3.54
563.245	3.55
563.591	3.55
563.936	3.55
564.281	3.56
564.626	3.56
564.971	3.57
565.316	3.56
565.661	3.56
566.006	3.57
566.351	3.57
566.696	3.57
567.041	3.56
567.386	3.57
567.73	3.58
568.075	3.57
568.42	3.57
568.764	3.57
569.109	3.58
569.453	3.6
569.798	3.59
570.142	3.6
570.487	3.59
570.831	3.59
571.175	3.59
571.519	3.57
571.864	3.57
572.208	3.57
572.552	3.57
572.896	3.57
573.24	3.56
573.584	3.56
573.928	3.56
574.272	3.56
574.616	3.57
574.959	3.57
575.303	3.59
575.647	3.6
575.99	3.61
576.334	3.61
576.678	3.62
577.021	3.62
577.364	3.63
577.708	3.64
578.051	3.66
578.395	3.66
578.738	3.65
579.081	3.64
579.424	3.64
579.767	3.63
580.111	3.63
580.454	3.64
580.797	3.65
581.14	3.66
581.482	3.65
581.825	3.63
582.168	3.64
582.511	3.66
582.854	3.67
583.196	3.68
583.539	3.69
583.882	3.67
584.224	3.66
584.567	3.65
584.909	3.65
585.252	3.65
585.594	3.66
585.936	3.67
586.279	3.65
586.621	3.65
586.963	3.65
587.305	3.66
587.647	3.66
587.989	3.66
588.331	3.65
588.673	3.63
589.015	3.64
589.357	3.66
589.699	3.66
590.041	3.66
590.382	3.65
590.724	3.65
591.066	3.65
591.407	3.66
591.749	3.69
592.09	3.73
592.432	3.74
592.773	3.75
593.114	3.76
593.456	3.76
593.797	3.76
594.138	3.76
594.479	3.77
594.821	3.75
595.162	3.74
595.503	3.71
595.844	3.69
596.185	3.7
596.525	3.69
596.866	3.68
597.207	3.68
597.548	3.68
597.889	3.68
598.229	3.68
598.57	3.69
598.91	3.7
599.251	3.7
599.592	3.69
599.932	3.7
600.272	3.71
600.613	3.72
600.953	3.73
601.293	3.74
601.633	3.73
601.974	3.72
602.314	3.74
602.654	3.72
602.994	3.73
603.334	3.74
603.674	3.71
604.014	3.7
604.353	3.69
604.693	3.68
605.033	3.66
605.373	3.66
605.712	3.68
606.052	3.67
606.391	3.7
606.731	3.69
607.07	3.68
607.41	3.7
607.749	3.69
608.088	3.7
608.428	3.69
608.767	3.71
609.106	3.72
609.445	3.71
609.784	3.72
610.123	3.71
610.462	3.73
610.801	3.74
611.14	3.73
611.479	3.75
611.818	3.78
612.157	3.78
612.495	3.81
612.834	3.81
613.173	3.82
613.511	3.79
613.85	3.78
614.188	3.77
614.527	3.77
614.865	3.78
615.203	3.79
615.542	3.77
615.88	3.78
616.218	3.78
616.556	3.78
616.894	3.78
617.233	3.8
617.571	3.82
617.908	3.83
618.246	3.85
618.584	3.85
618.922	3.88
619.26	3.89
619.598	3.89
619.935	3.9
620.273	3.88
620.611	3.9
620.948	3.89
621.286	3.89
621.623	3.87
621.96	3.89
622.298	3.87
622.635	3.85
622.972	3.83
623.31	3.82
623.647	3.82
623.984	3.83
624.321	3.8
624.658	3.79
624.995	3.78
625.332	3.8
625.669	3.79
626.006	3.79
626.342	3.79
626.679	3.81
627.016	3.81
627.352	3.8
627.689	3.82
628.026	3.83
628.362	3.86
628.699	3.89
629.035	3.88
629.371	3.88
629.708	3.89
630.044	3.92
630.38	3.95
630.716	3.96
631.052	3.97
631.388	3.96
631.725	3.98
632.06	3.97
632.396	3.96
632.732	3.97
633.068	3.98
633.404	3.98
633.74	3.98
634.075	3.95
634.411	3.97
634.747	3.97
635.082	4
635.418	4.01
635.753	3.99
636.089	3.99
636.424	4
636.759	4.01
637.095	4.03
637.43	4.02
637.765	4.03
638.1	4.01
638.435	4.03
638.77	4
639.105	3.99
639.44	4.01
639.775	3.99
640.11	3.95
640.445	3.96
640.779	4
641.114	4
641.449	3.98
641.783	4.01
642.118	3.98
642.452	4
642.787	4.01
643.121	4.04
643.456	4.05
643.79	4.06
644.124	4.02
644.458	3.96
644.793	3.99
645.127	3.99
645.461	3.95
645.795	3.98
646.129	3.98
646.463	3.97
646.797	3.94
647.13	3.92
647.464	3.93
647.798	3.97
648.132	3.97
648.465	3.94
648.799	3.96
649.132	3.98
649.466	4.01
649.799	4.03
650.133	4.03
650.466	4.06
650.799	4.11
651.133	4.08
651.466	4.07
651.799	4.08
652.132	4.06
652.465	4.04
652.798	4.01
653.131	4.01
653.464	3.99
653.797	3.98
654.13	4.03
654.463	4
654.795	4.05
655.128	4.07
655.461	4.11
655.793	4.13
656.126	4.16
656.458	4.17
656.791	4.13
657.123	4.13
657.455	4.12
657.788	4.08
658.12	4.06
658.452	4.04
658.784	4.03
659.116	4.01
659.448	3.99
659.78	4.01
660.112	4.04
660.444	4.06
660.776	4.07
661.108	4.08
661.44	4.08
661.771	4.11
662.103	4.12
662.435	4.15
662.766	4.16
663.098	4.18
663.429	4.19
663.761	4.21
664.092	4.21
664.423	4.2
664.755	4.25
665.086	4.24
665.417	4.25
665.748	4.26
666.079	4.27
666.41	4.28
666.741	4.3
667.072	4.31
667.403	4.29
667.734	4.3
668.065	4.29
668.395	4.29
668.726	4.31
669.057	4.3
669.387	4.29
669.718	4.25
670.048	4.25
670.379	4.21
670.709	4.14
671.039	4.17
671.37	4.14
671.7	4.17
672.03	4.14
672.36	4.16
672.69	4.19
673.02	4.22
673.35	4.27
673.68	4.29
674.01	4.31
674.34	4.37
674.67	4.37
675	4.42
675.329	4.42
675.659	4.44
675.989	4.46
676.318	4.45
676.648	4.4
676.977	4.39
677.307	4.37
677.636	4.39
677.965	4.4
678.295	4.39
678.624	4.4
678.953	4.43
679.282	4.36
679.611	4.35
679.94	4.33
680.269	4.35
680.598	4.36
680.927	4.35
681.256	4.35
681.584	4.34
681.913	4.35
682.242	4.3
682.57	4.26
682.899	4.31
683.228	4.3
683.556	4.37
683.884	4.4
684.213	4.4
684.541	4.45
684.869	4.49
685.198	4.47
685.526	4.48
685.854	4.52
686.182	4.56
686.51	4.55
686.838	4.57
687.166	4.54
687.494	4.46
687.822	4.47
688.149	4.45
688.477	4.45
688.805	4.45
689.133	4.48
689.46	4.49
689.788	4.45
690.115	4.49
690.443	4.47
690.77	4.48
691.097	4.54
691.425	4.54
691.752	4.53
692.079	4.51
692.406	4.55
692.733	4.53
693.06	4.54
693.387	4.6
693.714	4.58
694.041	4.57
694.368	4.58
694.695	4.6
695.021	4.61
695.348	4.58
695.675	4.57
696.001	4.55
696.328	4.53
696.654	4.47
696.981	4.43
697.307	4.44
697.634	4.43
697.96	4.43
698.286	4.42
698.612	4.43
698.938	4.45
699.264	4.45
699.591	4.45
699.917	4.48
700.242	4.48
700.568	4.48
700.894	4.49
701.22	4.55
701.546	4.51
701.871	4.54
702.197	4.55
702.523	4.52
702.848	4.55
703.174	4.56
703.499	4.52
703.824	4.53
704.15	4.51
704.475	4.48
704.8	4.45
705.125	4.49
705.451	4.49
705.776	4.53
706.101	4.59
706.426	4.62
706.751	4.6
707.076	4.6
707.4	4.62
707.725	4.62
708.05	4.65
708.375	4.62
708.699	4.6
709.024	4.66
709.348	4.57
709.673	4.59
709.997	4.59
710.322	4.63
710.646	4.66
710.97	4.71
711.294	4.79
711.619	4.8
711.943	4.87
712.267	4.9
712.591	4.81
712.915	4.83
713.239	4.8
713.563	4.85
713.886	4.85
714.21	4.83
714.534	4.81
714.858	4.76
715.181	4.71
715.505	4.72
715.828	4.68
716.152	4.72
716.475	4.71
716.799	4.77
717.122	4.71
717.445	4.69
717.768	4.73
718.092	4.76
718.415	4.75
718.738	4.84
719.061	4.82
719.384	4.82
719.707	4.89
720.03	5.04
720.352	5.03
720.675	5.13
720.998	5.15
721.32	5.13
721.643	5.14
721.966	5.15
722.288	5.06
722.611	5.1
722.933	5.18
723.255	5.1
723.578	5.01
723.9	5.04
724.222	5.01
724.544	5.01
724.866	5.04
725.188	5.08
725.51	5.14
725.832	5.21
726.154	5.17
726.476	5.1
726.798	5.16
727.12	5.05
727.441	5.05
727.763	5.02
728.085	4.94
728.406	4.94
728.728	4.85
729.049	4.8
729.37	4.83
729.692	4.89
730.013	4.99
730.334	4.94
730.655	5.04
730.977	5.02
731.298	5.03
731.619	5.15
731.94	5.14
732.261	5.26
732.581	5.26
732.902	5.18
733.223	5.11
733.544	5.07
733.864	5.08
734.185	5.01
734.506	4.98
734.826	4.99
735.146	4.96
735.467	5.11
735.787	5.02
736.108	5.11
736.428	5.21
736.748	5.36
737.068	5.32
737.388	5.36
737.708	5.49
738.028	5.57
738.348	5.58
738.668	5.6
738.988	5.5
739.308	5.52
739.628	5.47
739.947	5.38
740.267	5.31
740.586	5.31
740.906	5.32
741.225	5.3
741.545	5.29
741.864	5.18
742.184	5.22
742.503	5.2
742.822	5.23
743.141	5.31
743.46	5.35
743.779	5.34
744.098	5.38
744.417	5.35
744.736	5.32
745.055	5.32
745.374	5.46
745.693	5.43
746.011	5.4
746.33	5.44
746.649	5.33
746.967	5.28
747.286	5.33
747.604	5.38
747.923	5.38
748.241	5.37
748.559	5.43
748.877	5.31
749.196	5.23
749.514	5.16
749.832	5.14
750.15	5.25
750.468	5.41
750.786	5.27
751.104	5.26
751.422	5.27
751.739	5.32
752.057	5.16
752.375	5.2
752.692	5.26
753.01	5.34
753.327	5.34
753.645	5.25
753.962	5.08
754.28	5.17
754.597	5.19
754.914	5.25
755.231	5.29
755.548	5.3
755.866	5.37
756.183	5.36
756.5	5.36
756.816	5.4
757.133	5.42
757.45	5.54
757.767	5.57
758.084	5.5
758.4	5.46
758.717	5.47
759.034	5.6
759.35	5.54
759.667	5.51
759.983	5.58
760.299	5.62
760.616	5.73
760.932	5.78
761.248	5.92
761.564	5.99
761.88	6.07
762.196	5.98
762.512	6.01
762.828	5.95
763.144	5.97
763.46	5.9
763.776	5.88
764.092	5.81
764.407	5.76
764.723	5.63
765.038	5.68
765.354	5.64
765.669	5.66
765.985	5.65
766.3	5.76
766.616	5.79
766.931	5.85
767.246	5.91
767.561	5.99
767.876	6.12
768.191	6.1
768.506	6.13
768.821	6.25
769.136	6.33
769.451	6.34
769.766	6.36
770.08	6.45
770.395	6.55
770.71	6.56
771.024	6.54
771.339	6.37
771.653	6.41
771.968	6.57
772.282	6.54
772.596	6.51
772.911	6.41
773.225	6.34
773.539	6.4
773.853	6.22
774.167	6.16
774.481	6.22
774.795	6.34
775.109	6.46
775.423	6.05
775.737	6.03
776.05	5.98
776.364	6.08
776.678	6.05
776.991	5.8
777.305	5.85
777.618	6.01
777.931	6
778.245	5.95
778.558	6.01
778.871	5.97
779.185	6.06
779.498	6.06
779.811	6.02
780.124	6.14
780.437	6.3
780.75	6.44
781.063	6.15
781.375	6.06
781.688	5.98
782.001	5.94
782.314	5.98
782.626	5.88
782.939	6.22
783.251	6.14
783.564	6.12
783.876	6.17
784.188	6.01
784.501	6.04
784.813	6.15
785.125	6.51
785.437	6.67
785.749	6.87
786.061	6.97
786.373	6.8
786.685	6.87
786.997	6.79
787.309	6.93
787.621	6.96
787.932	7.18
788.244	7.19
788.556	6.98
788.867	6.88
789.179	6.94
789.49	6.85
789.801	6.86
790.113	6.81
790.424	6.97
790.735	6.74
791.046	6.89
791.358	6.79
791.669	6.88
791.98	6.93
792.291	6.85
792.601	6.77
792.912	6.94
793.223	7.01
793.534	7.14
793.845	7.01
794.155	7.15
794.466	7.06
794.776	7.23
795.087	7.08
795.397	7.13
795.707	7.19
796.018	7.22
796.328	7.16
796.638	7.03
796.948	7.03
797.258	7.07
797.569	7.02
797.879	7.16
798.188	6.96
798.498	6.98
798.808	6.76
799.118	6.81
799.428	6.83
799.737	6.87
800.047	6.84
800.356	6.7
800.666	6.69
800.975	6.63
801.285	6.32
801.594	6.4
801.903	6.26
802.213	6.41
802.522	6.62
802.831	6.57
803.14	6.53
803.449	6.6
803.758	6.79
804.067	6.8
804.376	7.03
804.684	7.13
804.993	7.24
805.302	7.36
805.611	7.28
805.919	7.37
806.228	7.71
806.536	7.65
806.845	7.63
807.153	7.7
807.461	7.89
807.769	7.9
808.078	8.02
808.386	7.89
808.694	8.12
809.002	8.37
809.31	7.99
809.618	7.83
809.926	7.83
810.233	7.91
810.541	7.96
810.849	7.79
811.157	7.72
811.464	7.75
811.772	7.85
812.079	7.67
812.387	7.56
812.694	7.91
813.001	7.8
813.309	7.93
813.616	7.87
813.923	7.76
814.23	7.9
814.537	7.9
814.844	8.12
815.151	8.05
815.458	7.96
815.765	7.89
816.072	7.66
816.378	7.74
816.685	7.6
816.992	7.76
817.298	7.7
817.605	7.6
817.911	7.7
818.218	7.47
818.524	7.27
818.83	7.27
819.136	7.28
819.443	7.47
819.749	7.12
820.055	7.29
820.361	7.22
820.667	7.17
820.973	7.15
821.279	7.11
821.584	7.12
821.89	7.25
822.196	7.27
822.501	7.26
822.807	7.22
823.113	7.25
823.418	7.2
823.723	7.22
824.029	7.25
824.334	7.19
824.639	7.2
824.944	7.17
825.25	7.15
825.555	7.14
825.86	7.16
826.165	7.17
826.47	7.28
826.774	7.32
827.079	7.29
827.384	7.22
827.689	7.38
827.993	7.35
828.298	7.48
828.602	7.51
828.907	7.54
829.211	7.62
829.516	7.61
829.82	7.52
830.124	7.58
830.429	7.61
830.733	7.74
831.037	7.72
831.341	7.85
831.645	7.78
831.949	7.86
832.253	7.89
832.556	7.94
832.86	7.86
833.164	7.92
833.467	7.99
833.771	8.09
834.075	8.07
834.378	7.98
834.682	7.96
834.985	8.09
835.288	8.06
835.591	8.11
835.895	8.04
836.198	8.2
836.501	8.43
836.804	8.3
837.107	8.11
837.41	8.23
837.713	8.26
838.016	8.21
838.318	8.11
838.621	8.05
838.924	7.9
839.226	7.86
839.529	7.58
839.831	7.28
840.134	7.27
840.436	7.36
840.738	7.66
841.041	7.81
841.343	7.96
841.645	7.94
841.947	7.77
842.249	8.19
842.551	8.47
842.853	8.89
843.155	9.01
843.457	9.42
843.758	9.6
844.06	9.4
844.362	10.01
844.663	10.64
844.965	10.61
845.266	10.72
845.568	10.62
845.869	10.55
846.17	10.52
846.472	10.92
846.773	10.75
847.074	10.93
847.375	11.2
847.676	11.01
847.977	10.72
848.278	10.67
848.579	10.7
848.88	10.49
849.181	10.99
849.481	10.99
849.782	10.32
850.082	10.52
850.383	10.2
850.683	9.77
850.984	9.06
851.284	8.01
851.585	8.01
851.885	8.38
852.185	7.78
852.485	7.47
852.785	7.19
853.085	7.85
853.385	8.29
853.685	8.26
853.985	8.35
854.285	8.82
854.584	9.39
854.884	9.95
855.184	10.74
855.483	10.89
855.783	11.04
856.082	11.62
856.382	11.07
856.681	11.09
856.98	11.1
857.28	11.74
857.579	11.02
857.878	10.88
858.177	10.02
858.476	9.16
858.775	10.7
859.074	10.63
859.373	10.97
859.671	11.25
859.97	10.52
860.269	11.36
860.567	10.43
860.866	11.5
861.165	11.79
861.463	12.22
861.761	12.36
862.06	11.07
862.358	11.65
862.656	12.12
862.954	12.08
863.252	11.94
863.551	11.53
863.849	11.68
864.146	10.84
864.444	11.2
864.742	11.45
865.04	11.46
865.338	11.42
865.635	10.45
865.933	9.77
866.23	9.48
866.528	10.73
866.825	11.46
867.123	12.38
867.42	12.94
867.717	12.26
868.014	12.69
868.312	12.24
868.609	13.2
868.906	12.86
869.203	12.91
869.5	13.42
869.796	12.59
870.093	12.34
870.39	11.75
870.687	11.64
870.983	11.87
871.28	11.14
871.576	11.45
871.873	11.38
872.169	12.32
872.466	11.6
872.762	11.52
873.058	11.86
873.354	11.47
873.65	11.71
873.947	12.22
874.243	12.59
874.538	13.08
874.834	13.4
875.13	13.23
875.426	13.13
875.722	13.55
876.017	13.61
876.313	13.67
876.608	14.08
876.904	13.62
877.199	13.32
877.495	12.54
877.79	12.05
878.085	11.71
878.381	11.27
878.676	11.03
878.971	11.1
879.266	10.65
879.561	10.83
879.856	11.11
880.151	11.13
880.445	11.25
880.74	11.31
881.035	11.36
881.329	11.44
881.624	11.51
881.919	11.48
882.213	11.36
