177.169	-2850
177.554	511.27
177.94	-97.63
178.326	-21.95
178.711	7.74
179.097	-99.07
179.482	-15.79
179.868	-7.93
180.253	0.36
180.639	62.92
181.024	69.81
181.409	-98.6
181.795	511.27
182.18	-69.1
182.565	-251.35
182.95	145.82
183.336	-11.24
183.721	-15.16
184.106	-11.51
184.491	-38.03
184.876	-15.51
185.261	-9.78
185.646	-45.25
186.031	-58.77
186.416	-47.92
186.801	-25.92
187.186	-25.7
187.57	-53.89
187.955	-55.22
188.34	-54.05
188.725	-43.5
189.11	-37.37
189.494	-34.96
189.879	-11.12
190.263	-3.83
190.648	-6.01
191.033	-10.19
191.417	-2.9
191.802	2.76
192.186	11.01
192.57	3.62
192.955	7.48
193.339	2.53
193.723	6.15
194.108	-2.87
194.492	-5.04
194.876	-6.48
195.26	-12.56
195.645	-16.32
196.029	-15.93
196.413	-21.83
196.797	-2.51
197.181	-4.92
197.565	4.19
197.949	5.1
198.333	12.31
198.717	13.31
199.101	17.41
199.484	22.34
199.868	25.25
200.252	21.27
200.636	27.82
201.019	20.7
201.403	17.94
201.787	9.81
202.17	5.19
202.554	-9.54
202.937	-15.15
203.321	-18.67
203.704	-14.54
204.088	-8.54
204.471	-7.46
204.855	-12.05
205.238	-15.7
205.621	-15.75
206.005	-12.98
206.388	-5.68
206.771	3.19
207.154	10.46
207.537	14.23
207.921	11.08
208.304	4.65
208.687	1.37
209.07	4.99
209.453	20.74
209.836	15.05
210.219	10.81
210.601	10.64
210.984	7.55
211.367	4.79
211.75	5.01
212.133	6.21
212.515	4.34
212.898	5.4
213.281	4.1
213.663	-1.07
214.046	1.81
214.428	-2.43
214.811	-10.88
215.193	-7.53
215.576	-7.66
215.958	-13.01
216.341	-11.57
216.723	-13.18
217.105	-8.06
217.488	-9.12
217.87	-15.74
218.252	-15.92
218.634	-12.71
219.017	-11.81
219.399	-10.8
219.781	-13.61
220.163	-3.63
220.545	-9.61
220.927	-6.3
221.309	-8.74
221.691	-13.62
222.073	-5.45
222.455	-3.31
222.836	1.4
223.218	3.11
223.6	2.86
223.982	3.23
224.363	-0.81
224.745	1.26
225.127	2.2
225.508	3.41
225.89	6.69
226.271	8.81
226.653	7.69
227.034	11.7
227.416	10.72
227.797	3.91
228.178	3.42
228.56	1
228.941	1.68
229.322	0.8
229.704	0.8
230.085	-2.39
230.466	-5.44
230.847	-9.7
231.228	-15.24
231.609	-12.52
231.99	-7.43
232.371	-4.79
232.752	-1.9
233.133	2.98
233.514	2.52
233.895	1.91
234.276	7.32
234.657	6.35
235.037	12.86
235.418	13.5
235.799	12.95
236.179	14.35
236.56	14.83
236.941	15.74
237.321	14.19
237.702	13.18
238.082	13.21
238.463	11.02
238.843	9.15
239.223	6.49
239.604	5
239.984	3.76
240.364	3.23
240.745	2.02
241.125	1.33
241.505	0.78
241.885	1.23
242.265	0.75
242.645	0.53
243.025	1.54
243.405	1.65
243.785	1.67
244.165	1.77
244.545	1.43
244.925	1.29
245.305	1.36
245.685	1.37
246.065	1.19
246.444	1.25
246.824	1.35
247.204	1.14
247.583	0.95
247.963	1.14
248.343	1.02
248.722	1
249.102	1.1
249.481	0.91
249.861	0.78
250.24	0.84
250.619	0.89
250.999	0.8
251.378	0.7
251.757	0.84
252.136	0.6
252.516	0.52
252.895	0.78
253.274	0.98
253.653	1
254.032	0.9
254.411	0.79
254.79	0.78
255.169	1.01
255.548	1.06
255.927	1.26
256.306	1.26
256.685	1.39
257.063	1.13
257.442	1.05
257.821	1.2
258.199	1.39
258.578	1.35
258.957	1.27
259.335	1.23
259.714	1.26
260.092	1.24
260.471	1.28
260.849	1.32
261.228	1.34
261.606	1.3
261.984	1.19
262.363	1.16
262.741	1.14
263.119	1.2
263.497	1.19
263.876	1.13
264.254	1.15
264.632	1.01
265.01	0.88
265.388	0.9
265.766	1.03
266.144	1.14
266.522	1.2
266.9	1.42
267.278	1.44
267.655	1.4
268.033	1.42
268.411	1.45
268.789	1.45
269.166	1.59
269.544	1.53
269.922	1.46
270.299	1.43
270.677	1.35
271.054	1.13
271.432	1.08
271.809	1.13
272.186	1.12
272.564	1.06
272.941	1.11
273.318	1
273.696	0.89
274.073	0.82
274.45	0.79
274.827	0.74
275.204	0.79
275.582	0.85
275.959	0.85
276.336	0.82
276.713	0.86
277.09	0.81
277.466	0.85
277.843	0.96
278.22	1.04
278.597	1.08
278.974	0.97
279.35	0.9
279.727	0.87
280.104	0.83
280.48	0.88
280.857	0.79
281.234	0.76
281.61	0.71
281.987	0.75
282.363	0.77
282.74	0.8
283.116	0.91
283.492	0.98
283.869	0.99
284.245	0.99
284.621	0.94
284.997	1.01
285.373	1.02
285.75	1.09
286.126	1.17
286.502	1.14
286.878	1.23
287.254	1.25
287.63	1.32
288.006	1.33
288.382	1.3
288.757	1.28
289.133	1.22
289.509	1.2
289.885	1.16
290.26	1.13
290.636	1.2
291.012	1.07
291.387	0.99
291.763	0.92
292.139	0.93
292.514	0.94
292.889	0.99
293.265	1.06
293.64	1.11
294.016	1.17
294.391	1.11
294.766	1.17
295.142	1.28
295.517	1.36
295.892	1.38
296.267	1.4
296.642	1.42
297.017	1.43
297.392	1.4
297.767	1.45
298.142	1.49
298.517	1.52
298.892	1.42
299.267	1.36
299.642	1.38
300.017	1.37
300.391	1.38
300.766	1.4
301.141	1.35
301.515	1.44
301.89	1.43
302.265	1.45
302.639	1.43
303.014	1.55
303.388	1.58
303.762	1.61
304.137	1.65
304.511	1.65
304.886	1.69
305.26	1.88
305.634	1.81
306.008	1.83
306.382	1.87
306.757	1.95
307.131	1.93
307.505	1.98
307.879	1.97
308.253	1.95
308.627	1.94
309.001	2.02
309.375	2
309.748	2.09
310.122	2.07
310.496	2.1
310.87	2.13
311.243	2.14
311.617	2.13
311.991	2.1
312.364	2.14
312.738	2.15
313.111	2.09
313.485	2.05
313.858	2.01
314.232	2.06
314.605	2
314.979	2.01
315.352	1.99
315.725	2
316.098	2.07
316.472	2.07
316.845	2.15
317.218	2.1
317.591	2.15
317.964	2.23
318.337	2.21
318.71	2.3
319.083	2.21
319.456	2.21
319.829	2.26
320.202	2.2
320.574	2.33
320.947	2.34
321.32	2.45
321.693	2.42
322.065	2.45
322.438	2.53
322.81	2.46
323.183	2.52
323.555	2.62
323.928	2.63
324.3	2.72
324.673	2.68
325.045	2.69
325.417	2.73
325.79	2.78
326.162	2.73
326.534	2.73
326.906	2.84
327.278	2.88
327.651	2.92
328.023	2.97
328.395	2.91
328.767	2.93
329.139	2.95
329.511	2.89
329.882	2.81
330.254	2.86
330.626	2.83
330.998	2.78
331.37	2.76
331.741	2.74
332.113	2.72
332.485	2.75
332.856	2.69
333.228	2.71
333.599	2.78
333.971	2.87
334.342	2.83
334.714	2.91
335.085	2.95
335.456	2.94
335.828	2.9
336.199	2.89
336.57	2.96
336.941	3.04
337.312	2.95
337.683	2.9
338.054	2.89
338.426	2.95
338.797	2.97
339.167	2.94
339.538	2.94
339.909	2.97
340.28	2.96
340.651	2.89
341.022	2.89
341.392	2.92
341.763	2.93
342.134	2.98
342.504	2.96
342.875	2.9
343.246	2.93
343.616	2.95
343.987	2.95
344.357	3.01
344.727	3.09
345.098	3.09
345.468	3.17
345.838	3.2
346.209	3.16
346.579	3.13
346.949	3.17
347.319	3.17
347.689	3.23
348.059	3.29
348.429	3.22
348.799	3.17
349.169	3.18
349.539	3.17
349.909	3.2
350.279	3.25
350.649	3.32
351.018	3.31
351.388	3.26
351.758	3.24
352.128	3.22
352.497	3.24
352.867	3.25
353.236	3.27
353.606	3.19
353.975	3.1
354.345	3.06
354.714	3.06
355.083	3.11
355.453	3.15
355.822	3.14
356.191	3.11
356.56	3.11
356.93	3.13
357.299	3.11
357.668	3.14
358.037	3.16
358.406	3.12
358.775	3.1
359.144	3.05
359.513	3.02
359.882	3.03
360.25	3.03
360.619	3.02
360.988	2.99
361.357	2.98
361.725	3
362.094	3.02
362.463	3.05
362.831	3.08
363.2	3.09
363.568	3.12
363.937	3.11
364.305	3.13
364.673	3.17
365.042	3.24
365.41	3.28
365.778	3.29
366.146	3.33
366.515	3.39
366.883	3.37
367.251	3.41
367.619	3.43
367.987	3.45
368.355	3.47
368.723	3.48
369.091	3.45
369.459	3.43
369.826	3.42
370.194	3.38
370.562	3.36
370.93	3.39
371.297	3.39
371.665	3.4
372.033	3.37
372.4	3.4
372.768	3.41
373.135	3.41
373.503	3.42
373.87	3.45
374.237	3.48
374.605	3.49
374.972	3.45
375.339	3.44
375.707	3.44
376.074	3.46
376.441	3.45
376.808	3.42
377.175	3.43
377.542	3.45
377.909	3.43
378.276	3.41
378.643	3.41
379.01	3.43
379.377	3.41
379.744	3.39
380.11	3.4
380.477	3.4
380.844	3.41
381.21	3.44
381.577	3.41
381.944	3.4
382.31	3.42
382.677	3.42
383.043	3.46
383.409	3.48
383.776	3.51
384.142	3.51
384.508	3.52
384.875	3.51
385.241	3.47
385.607	3.48
385.973	3.48
386.339	3.51
386.705	3.5
387.071	3.48
387.437	3.48
387.803	3.46
388.169	3.45
388.535	3.46
388.901	3.45
389.267	3.46
389.633	3.45
389.998	3.45
390.364	3.43
390.73	3.42
391.095	3.43
391.461	3.42
391.826	3.39
392.192	3.41
392.557	3.41
392.923	3.41
393.288	3.43
393.653	3.46
394.019	3.46
394.384	3.47
394.749	3.49
395.114	3.52
395.479	3.52
395.844	3.56
396.21	3.55
396.575	3.57
396.94	3.58
397.304	3.58
397.669	3.57
398.034	3.55
398.399	3.55
398.764	3.54
399.129	3.52
399.493	3.51
399.858	3.49
400.223	3.5
400.587	3.47
400.952	3.46
401.316	3.48
401.681	3.46
402.045	3.47
402.409	3.48
402.774	3.46
403.138	3.44
403.502	3.45
403.867	3.44
404.231	3.42
404.595	3.41
404.959	3.41
405.323	3.4
405.687	3.41
406.051	3.42
406.415	3.41
406.779	3.43
407.143	3.46
407.507	3.46
407.871	3.47
408.234	3.46
408.598	3.47
408.962	3.49
409.325	3.5
409.689	3.52
410.053	3.51
410.416	3.51
410.78	3.51
411.143	3.49
411.506	3.5
411.87	3.51
412.233	3.55
412.596	3.55
412.96	3.52
413.323	3.51
413.686	3.48
414.049	3.47
414.412	3.46
414.775	3.45
415.138	3.44
415.501	3.44
415.864	3.43
416.227	3.41
416.59	3.4
416.953	3.39
417.315	3.37
417.678	3.37
418.041	3.36
418.404	3.34
418.766	3.32
419.129	3.31
419.491	3.3
419.854	3.29
420.216	3.29
420.579	3.28
420.941	3.26
421.303	3.27
421.666	3.26
422.028	3.25
422.39	3.24
422.752	3.25
423.114	3.26
423.476	3.26
423.839	3.25
424.201	3.26
424.563	3.26
424.924	3.27
425.286	3.27
425.648	3.29
426.01	3.32
426.372	3.32
426.733	3.33
427.095	3.33
427.457	3.33
427.818	3.34
428.18	3.33
428.542	3.34
428.903	3.36
429.264	3.36
429.626	3.35
429.987	3.34
430.349	3.35
430.71	3.35
431.071	3.35
431.432	3.34
431.794	3.34
432.155	3.34
432.516	3.33
432.877	3.33
433.238	3.33
433.599	3.33
433.96	3.34
434.321	3.34
434.681	3.35
435.042	3.35
435.403	3.36
435.764	3.37
436.124	3.37
436.485	3.37
436.846	3.34
437.206	3.33
437.567	3.31
437.927	3.29
438.288	3.29
438.648	3.28
439.008	3.26
439.369	3.26
439.729	3.26
440.089	3.25
440.449	3.26
440.81	3.26
441.17	3.26
441.53	3.27
441.89	3.28
442.25	3.27
442.61	3.27
442.97	3.28
443.33	3.27
443.689	3.28
444.049	3.26
444.409	3.26
444.769	3.25
445.128	3.24
445.488	3.23
445.848	3.23
446.207	3.23
446.567	3.25
446.926	3.25
447.285	3.26
447.645	3.26
448.004	3.28
448.363	3.29
448.723	3.3
449.082	3.32
449.441	3.35
449.8	3.36
450.159	3.36
450.518	3.35
450.877	3.35
451.236	3.35
451.595	3.36
451.954	3.38
452.313	3.38
452.672	3.38
453.031	3.37
453.389	3.36
453.748	3.37
454.107	3.37
454.465	3.39
454.824	3.39
455.182	3.4
455.541	3.4
455.899	3.4
456.258	3.38
456.616	3.39
456.974	3.37
457.333	3.36
457.691	3.34
458.049	3.33
458.407	3.31
458.765	3.31
459.123	3.3
459.481	3.3
459.839	3.3
460.197	3.31
460.555	3.31
460.913	3.33
461.271	3.34
461.629	3.36
461.987	3.38
462.344	3.41
462.702	3.43
463.06	3.43
463.417	3.44
463.775	3.43
464.132	3.44
464.49	3.46
464.847	3.45
465.204	3.45
465.562	3.45
465.919	3.45
466.276	3.44
466.633	3.43
466.991	3.44
467.348	3.44
467.705	3.43
468.062	3.42
468.419	3.41
468.776	3.41
469.133	3.41
469.49	3.41
469.846	3.42
470.203	3.43
470.56	3.43
470.917	3.42
471.273	3.44
471.63	3.43
471.986	3.45
472.343	3.45
472.699	3.45
473.056	3.44
473.412	3.45
473.769	3.44
474.125	3.41
474.481	3.41
474.838	3.4
475.194	3.39
475.55	3.39
475.906	3.36
476.262	3.35
476.618	3.34
476.974	3.34
477.33	3.33
477.686	3.34
478.042	3.35
478.398	3.36
478.753	3.37
479.109	3.37
479.465	3.36
479.821	3.37
480.176	3.36
480.532	3.34
480.887	3.32
481.243	3.28
481.598	3.26
481.954	3.29
482.309	3.32
482.664	3.31
483.02	3.27
483.375	3.26
483.73	3.26
484.085	3.27
484.44	3.27
484.795	3.27
485.15	3.27
485.505	3.27
485.86	3.24
486.215	3.2
486.57	3.19
486.925	3.22
487.28	3.23
487.634	3.23
487.989	3.23
488.344	3.24
488.698	3.24
489.053	3.25
489.407	3.24
489.762	3.24
490.116	3.24
490.471	3.24
490.825	3.25
491.179	3.25
491.534	3.25
491.888	3.25
492.242	3.24
492.596	3.25
492.95	3.27
493.304	3.29
493.658	3.31
494.012	3.34
494.366	3.35
494.72	3.35
495.074	3.36
495.428	3.35
495.782	3.34
496.135	3.33
496.489	3.33
496.843	3.33
497.196	3.33
497.55	3.33
497.903	3.34
498.257	3.34
498.61	3.36
498.963	3.35
499.317	3.36
499.67	3.39
500.023	3.4
500.376	3.4
500.73	3.39
501.083	3.39
501.436	3.39
501.789	3.38
502.142	3.38
502.495	3.38
502.848	3.39
503.201	3.38
503.553	3.37
503.906	3.37
504.259	3.38
504.612	3.39
504.964	3.4
505.317	3.4
505.669	3.41
506.022	3.41
506.374	3.39
506.727	3.39
507.079	3.38
507.432	3.37
507.784	3.36
508.136	3.35
508.488	3.34
508.841	3.34
509.193	3.34
509.545	3.34
509.897	3.33
510.249	3.32
510.601	3.33
510.953	3.34
511.305	3.35
511.656	3.35
512.008	3.35
512.36	3.35
512.712	3.35
513.063	3.35
513.415	3.36
513.766	3.37
514.118	3.38
514.469	3.38
514.821	3.39
515.172	3.4
515.524	3.4
515.875	3.38
516.226	3.36
516.577	3.34
516.929	3.32
517.28	3.31
517.631	3.3
517.982	3.3
518.333	3.28
518.684	3.27
519.035	3.26
519.386	3.27
519.737	3.28
520.087	3.3
520.438	3.32
520.789	3.33
521.139	3.34
521.49	3.34
521.841	3.34
522.191	3.35
522.542	3.36
522.892	3.35
523.243	3.33
523.593	3.31
523.943	3.29
524.293	3.28
524.644	3.26
524.994	3.26
525.344	3.26
525.694	3.25
526.044	3.24
526.394	3.22
526.744	3.21
527.094	3.21
527.444	3.21
527.794	3.23
528.144	3.23
528.493	3.24
528.843	3.25
529.193	3.25
529.542	3.26
529.892	3.27
530.241	3.28
530.591	3.3
530.94	3.29
531.29	3.28
531.639	3.27
531.988	3.25
532.338	3.25
532.687	3.24
533.036	3.24
533.385	3.24
533.734	3.25
534.083	3.25
534.432	3.24
534.781	3.25
535.13	3.26
535.479	3.27
535.828	3.28
536.177	3.28
536.525	3.29
536.874	3.3
537.223	3.3
537.571	3.29
537.92	3.3
538.268	3.3
538.617	3.3
538.965	3.3
539.314	3.28
539.662	3.26
540.01	3.24
540.359	3.24
540.707	3.22
541.055	3.22
541.403	3.22
541.751	3.22
542.099	3.22
542.447	3.23
542.795	3.24
543.143	3.26
543.491	3.28
543.839	3.31
544.187	3.31
544.534	3.32
544.882	3.31
545.23	3.32
545.577	3.33
545.925	3.33
546.272	3.33
546.62	3.34
546.967	3.36
547.314	3.36
547.662	3.37
548.009	3.38
548.356	3.39
548.704	3.41
549.051	3.45
549.398	3.45
549.745	3.45
550.092	3.46
550.439	3.45
550.786	3.43
551.133	3.42
551.479	3.41
551.826	3.42
552.173	3.42
552.52	3.43
552.866	3.41
553.213	3.42
553.56	3.42
553.906	3.43
554.253	3.43
554.599	3.45
554.945	3.45
555.292	3.44
555.638	3.44
555.984	3.45
556.331	3.44
556.677	3.45
557.023	3.45
557.369	3.46
557.715	3.47
558.061	3.47
558.407	3.46
558.753	3.46
559.099	3.46
559.444	3.46
559.79	3.44
560.136	3.46
560.482	3.45
560.827	3.43
561.173	3.45
561.518	3.46
561.864	3.45
562.209	3.45
562.555	3.46
562.9	3.46
563.245	3.45
563.591	3.44
563.936	3.41
564.281	3.39
564.626	3.4
564.971	3.37
565.316	3.35
565.661	3.37
566.006	3.38
566.351	3.37
566.696	3.37
567.041	3.38
567.386	3.4
567.73	3.42
568.075	3.42
568.42	3.42
568.764	3.44
569.109	3.44
569.453	3.41
569.798	3.38
570.142	3.36
570.487	3.37
570.831	3.35
571.175	3.34
571.519	3.33
571.864	3.33
572.208	3.35
572.552	3.34
572.896	3.33
573.24	3.34
573.584	3.34
573.928	3.36
574.272	3.36
574.616	3.38
574.959	3.38
575.303	3.4
575.647	3.4
575.99	3.39
576.334	3.41
576.678	3.42
577.021	3.44
577.364	3.46
577.708	3.48
578.051	3.49
578.395	3.5
578.738	3.52
579.081	3.53
579.424	3.55
579.767	3.58
580.111	3.59
580.454	3.6
580.797	3.6
581.14	3.59
581.482	3.6
581.825	3.6
582.168	3.6
582.511	3.6
582.854	3.6
583.196	3.59
583.539	3.58
583.882	3.58
584.224	3.56
584.567	3.57
584.909	3.59
585.252	3.57
585.594	3.57
585.936	3.57
586.279	3.56
586.621	3.56
586.963	3.57
587.305	3.56
587.647	3.55
587.989	3.55
588.331	3.54
588.673	3.52
589.015	3.52
589.357	3.52
589.699	3.52
590.041	3.5
590.382	3.52
590.724	3.51
591.066	3.51
591.407	3.52
591.749	3.54
592.09	3.52
592.432	3.53
592.773	3.53
593.114	3.55
593.456	3.53
593.797	3.53
594.138	3.5
594.479	3.49
594.821	3.47
595.162	3.46
595.503	3.42
595.844	3.42
596.185	3.43
596.525	3.44
596.866	3.44
597.207	3.46
597.548	3.48
597.889	3.5
598.229	3.51
598.57	3.53
598.91	3.54
599.251	3.57
599.592	3.6
599.932	3.6
600.272	3.6
600.613	3.59
600.953	3.57
601.293	3.55
601.633	3.54
601.974	3.52
602.314	3.52
602.654	3.51
602.994	3.48
603.334	3.47
603.674	3.46
604.014	3.45
604.353	3.44
604.693	3.44
605.033	3.45
605.373	3.46
605.712	3.46
606.052	3.46
606.391	3.46
606.731	3.48
607.07	3.46
607.41	3.46
607.749	3.46
608.088	3.47
608.428	3.47
608.767	3.45
609.106	3.44
609.445	3.44
609.784	3.46
610.123	3.48
610.462	3.49
610.801	3.53
611.14	3.56
611.479	3.57
611.818	3.59
612.157	3.62
612.495	3.65
612.834	3.69
613.173	3.71
613.511	3.71
613.85	3.69
614.188	3.68
614.527	3.64
614.865	3.62
615.203	3.62
615.542	3.61
615.88	3.61
616.218	3.59
616.556	3.56
616.894	3.56
617.233	3.57
617.571	3.6
617.908	3.62
618.246	3.64
618.584	3.66
618.922	3.66
619.26	3.65
619.598	3.66
619.935	3.67
620.273	3.68
620.611	3.69
620.948	3.68
621.286	3.67
621.623	3.66
621.96	3.68
622.298	3.65
622.635	3.66
622.972	3.69
623.31	3.67
623.647	3.66
623.984	3.66
624.321	3.61
624.658	3.59
624.995	3.57
625.332	3.58
625.669	3.54
626.006	3.57
626.342	3.57
626.679	3.54
627.016	3.53
627.352	3.54
627.689	3.56
628.026	3.6
628.362	3.61
628.699	3.62
629.035	3.62
629.371	3.63
629.708	3.61
630.044	3.63
630.38	3.66
630.716	3.67
631.052	3.68
631.388	3.66
631.725	3.64
632.06	3.66
632.396	3.67
632.732	3.69
633.068	3.7
633.404	3.71
633.74	3.71
634.075	3.7
634.411	3.71
634.747	3.7
635.082	3.7
635.418	3.72
635.753	3.73
636.089	3.75
636.424	3.76
636.759	3.78
637.095	3.79
637.43	3.81
637.765	3.82
638.1	3.83
638.435	3.85
638.77	3.88
639.105	3.87
639.44	3.86
639.775	3.85
640.11	3.83
640.445	3.85
640.779	3.84
641.114	3.81
641.449	3.8
641.783	3.79
642.118	3.78
642.452	3.75
642.787	3.78
643.121	3.8
643.456	3.79
643.79	3.78
644.124	3.77
644.458	3.79
644.793	3.82
645.127	3.84
645.461	3.86
645.795	3.85
646.129	3.85
646.463	3.84
646.797	3.82
647.13	3.83
647.464	3.83
647.798	3.85
648.132	3.87
648.465	3.85
648.799	3.83
649.132	3.84
649.466	3.88
649.799	3.9
650.133	3.9
650.466	3.92
650.799	3.92
651.133	3.94
651.466	3.9
651.799	3.86
652.132	3.88
652.465	3.9
652.798	3.9
653.131	3.86
653.464	3.85
653.797	3.88
654.13	3.85
654.463	3.85
654.795	3.87
655.128	3.89
655.461	3.88
655.793	3.88
656.126	3.89
656.458	3.9
656.791	3.91
657.123	3.9
657.455	3.83
657.788	3.83
658.12	3.84
658.452	3.83
658.784	3.85
659.116	3.85
659.448	3.85
659.78	3.84
660.112	3.83
660.444	3.8
660.776	3.8
661.108	3.84
661.44	3.84
661.771	3.86
662.103	3.87
662.435	3.83
662.766	3.84
663.098	3.87
663.429	3.87
663.761	3.9
664.092	3.95
664.423	3.99
664.755	3.97
665.086	3.97
665.417	3.98
665.748	3.96
666.079	3.99
666.41	3.96
666.741	3.9
667.072	3.94
667.403	3.88
667.734	3.85
668.065	3.8
668.395	3.81
668.726	3.86
669.057	3.85
669.387	3.83
669.718	3.84
670.048	3.87
670.379	3.91
670.709	3.89
671.039	3.93
671.37	3.98
671.7	4.01
672.03	4.04
672.36	4.07
672.69	4.03
673.02	4.06
673.35	4.07
673.68	4.1
674.01	4.07
674.34	4.07
674.67	4.08
675	4.04
675.329	4.05
675.659	4.04
675.989	4.04
676.318	4.02
676.648	4.01
676.977	3.99
677.307	3.97
677.636	3.97
677.965	4
678.295	3.98
678.624	3.97
678.953	3.96
679.282	3.96
679.611	3.92
679.94	3.97
680.269	4
680.598	4
680.927	4.02
681.256	4.03
681.584	3.99
681.913	4.04
682.242	4.08
682.57	4.08
682.899	4.12
683.228	4.18
683.556	4.15
683.884	4.18
684.213	4.19
684.541	4.17
684.869	4.22
685.198	4.28
685.526	4.24
685.854	4.23
686.182	4.28
686.51	4.26
686.838	4.25
687.166	4.29
687.494	4.27
687.822	4.24
688.149	4.27
688.477	4.27
688.805	4.24
689.133	4.24
689.46	4.26
689.788	4.26
690.115	4.25
690.443	4.19
690.77	4.19
691.097	4.2
691.425	4.29
691.752	4.31
692.079	4.26
692.406	4.26
692.733	4.29
693.06	4.25
693.387	4.19
693.714	4.22
694.041	4.25
694.368	4.29
694.695	4.28
695.021	4.19
695.348	4.15
695.675	4.14
696.001	4.15
696.328	4.1
696.654	4.09
696.981	4.08
697.307	4.08
697.634	4.07
697.96	4.02
698.286	4.05
698.612	4.08
698.938	4.07
699.264	4.11
699.591	4.13
699.917	4.18
700.242	4.22
700.568	4.25
700.894	4.25
701.22	4.29
701.546	4.34
701.871	4.33
702.197	4.33
702.523	4.35
702.848	4.34
703.174	4.28
703.499	4.25
703.824	4.23
704.15	4.25
704.475	4.3
704.8	4.26
705.125	4.24
705.451	4.22
705.776	4.21
706.101	4.19
706.426	4.19
706.751	4.24
707.076	4.29
707.4	4.33
707.725	4.34
708.05	4.32
708.375	4.34
708.699	4.37
709.024	4.39
709.348	4.45
709.673	4.47
709.997	4.56
710.322	4.57
710.646	4.52
710.97	4.52
711.294	4.51
711.619	4.53
711.943	4.55
712.267	4.54
712.591	4.54
712.915	4.52
713.239	4.62
713.563	4.58
713.886	4.57
714.21	4.55
714.534	4.54
714.858	4.59
715.181	4.56
715.505	4.52
715.828	4.59
716.152	4.6
716.475	4.65
716.799	4.59
717.122	4.57
717.445	4.56
717.768	4.62
718.092	4.6
718.415	4.48
718.738	4.5
719.061	4.57
719.384	4.49
719.707	4.57
720.03	4.54
720.352	4.61
720.675	4.59
720.998	4.67
721.32	4.7
721.643	4.72
721.966	4.87
722.288	4.95
722.611	4.92
722.933	4.93
723.255	4.91
723.578	4.88
723.9	4.83
724.222	4.88
724.544	4.89
724.866	4.84
725.188	4.79
725.51	4.75
725.832	4.74
726.154	4.77
726.476	4.79
726.798	4.77
727.12	4.81
727.441	4.77
727.763	4.76
728.085	4.77
728.406	4.75
728.728	4.81
729.049	4.84
729.37	4.88
729.692	4.89
730.013	4.93
730.334	4.92
730.655	4.91
730.977	4.96
731.298	4.94
731.619	4.9
731.94	4.96
732.261	5.03
732.581	5.01
732.902	4.92
733.223	4.91
733.544	4.88
733.864	4.8
734.185	4.76
734.506	4.76
734.826	4.85
735.146	4.88
735.467	4.89
735.787	4.82
736.108	4.75
736.428	4.84
736.748	4.86
737.068	4.91
737.388	5.02
737.708	5.08
738.028	5.08
738.348	5.02
738.668	4.98
738.988	5.08
739.308	5.13
739.628	5.23
739.947	5.19
740.267	5.26
740.586	5.23
740.906	5.23
741.225	5.24
741.545	5.27
741.864	5.26
742.184	5.33
742.503	5.16
742.822	5.06
743.141	5.05
743.46	5.02
743.779	4.92
744.098	4.88
744.417	4.84
744.736	4.85
745.055	4.79
745.374	4.87
745.693	4.83
746.011	4.83
746.33	4.93
746.649	4.91
746.967	5.01
747.286	5.04
747.604	5.17
747.923	5.18
748.241	5.24
748.559	5.28
748.877	5.3
749.196	5.35
749.514	5.44
749.832	5.4
750.15	5.49
750.468	5.44
750.786	5.41
751.104	5.31
751.422	5.41
751.739	5.26
752.057	5.31
752.375	5.24
752.692	5.22
753.01	5.22
753.327	5.3
753.645	5.17
753.962	5.16
754.28	5.16
754.597	5.09
754.914	5.08
755.231	5.11
755.548	5.27
755.866	5.34
756.183	5.28
756.5	5.25
756.816	5.16
757.133	5.38
757.45	5.41
757.767	5.41
758.084	5.51
758.4	5.56
758.717	5.62
759.034	5.42
759.35	5.32
759.667	5.38
759.983	5.4
760.299	5.51
760.616	5.39
760.932	5.43
761.248	5.46
761.564	5.53
761.88	5.48
762.196	5.46
762.512	5.48
762.828	5.61
763.144	5.61
763.46	5.65
763.776	5.56
764.092	5.58
764.407	5.56
764.723	5.53
765.038	5.51
765.354	5.6
765.669	5.61
765.985	5.58
766.3	5.55
766.616	5.56
766.931	5.52
767.246	5.54
767.561	5.51
767.876	5.52
768.191	5.49
768.506	5.48
768.821	5.35
769.136	5.39
769.451	5.4
769.766	5.44
770.08	5.33
770.395	5.42
770.71	5.46
771.024	5.5
771.339	5.48
771.653	5.66
771.968	5.61
772.282	5.67
772.596	5.6
772.911	5.57
773.225	5.48
773.539	5.6
773.853	5.53
774.167	5.52
774.481	5.47
774.795	5.6
775.109	5.61
775.423	5.61
775.737	5.57
776.05	5.58
776.364	5.74
776.678	5.69
776.991	5.66
777.305	5.77
777.618	5.73
777.931	5.65
778.245	5.6
778.558	5.44
778.871	5.41
779.185	5.3
779.498	5.38
779.811	5.49
780.124	5.72
780.437	5.74
780.75	5.6
781.063	5.75
781.375	5.94
781.688	5.97
782.001	5.95
782.314	6.03
782.626	6.06
782.939	6.08
783.251	5.97
783.564	5.95
783.876	6.08
784.188	6.2
784.501	6.14
784.813	6.2
785.125	6.11
785.437	6.23
785.749	6.3
786.061	6.48
786.373	6.36
786.685	6.44
786.997	6.31
787.309	5.96
787.621	5.92
787.932	5.86
788.244	5.9
788.556	6
788.867	6.02
789.179	6.04
789.49	6.01
789.801	6.26
790.113	6.36
790.424	6.21
790.735	6.45
791.046	6.38
791.358	6.31
791.669	6.13
791.98	6.18
792.291	6.27
792.601	6.27
792.912	6.27
793.223	6.17
793.534	5.87
793.845	6.12
794.155	6.05
794.466	6.19
794.776	6.36
795.087	6.38
795.397	6.37
795.707	6.26
796.018	6.16
796.328	6.15
796.638	6.21
796.948	6.34
797.258	6.2
797.569	6.35
797.879	6.54
798.188	6.4
798.498	6.49
798.808	6.24
799.118	6.47
799.428	6.58
799.737	6.62
800.047	6.35
800.356	6.28
800.666	6.36
800.975	6.41
801.285	6.4
801.594	6.55
801.903	6.54
802.213	6.79
802.522	6.68
802.831	6.59
803.14	6.63
803.449	6.92
803.758	7.07
804.067	7.12
804.376	7.33
804.684	7.19
804.993	7.29
805.302	7.29
805.611	7.36
805.919	7.3
806.228	7.31
806.536	7.38
806.845	7.4
807.153	7.42
807.461	7.33
807.769	6.89
808.078	6.93
808.386	6.88
808.694	6.91
809.002	6.62
809.31	6.61
809.618	6.6
809.926	6.56
810.233	6.28
810.541	6.15
810.849	6.27
811.157	6.41
811.464	6.39
811.772	6.41
812.079	6.53
812.387	6.54
812.694	6.74
813.001	6.75
813.309	6.8
813.616	7.02
813.923	7.15
814.23	7.14
814.537	7.29
814.844	7.26
815.151	7.05
815.458	6.78
815.765	6.76
816.072	6.56
816.378	6.72
816.685	6.67
816.992	6.61
817.298	6.52
817.605	6.57
817.911	6.42
818.218	6.24
818.524	6.34
818.83	6.42
819.136	6.58
819.443	6.85
819.749	6.76
820.055	6.75
820.361	6.9
820.667	7.08
820.973	7.26
821.279	7.32
821.584	7.49
821.89	7.59
822.196	7.63
822.501	7.62
822.807	7.57
823.113	7.63
823.418	7.65
823.723	7.69
824.029	7.67
824.334	7.63
824.639	7.68
824.944	7.69
825.25	7.7
825.555	7.69
825.86	7.73
826.165	7.79
826.47	7.79
826.774	7.86
827.079	7.77
827.384	7.74
827.689	7.73
827.993	7.74
828.298	7.69
828.602	7.74
828.907	7.76
829.211	7.75
829.516	7.72
829.82	7.57
830.124	7.51
830.429	7.45
830.733	7.59
831.037	7.5
831.341	7.4
831.645	7.4
831.949	7.21
832.253	7.13
832.556	7.13
832.86	7.13
833.164	7.21
833.467	7.17
833.771	7.29
834.075	7.37
834.378	7.38
834.682	7.36
834.985	7.39
835.288	7.45
835.591	7.45
835.895	7.56
836.198	7.58
836.501	7.79
836.804	7.72
837.107	7.59
837.41	7.47
837.713	7.58
838.016	7.45
838.318	7.43
838.621	7.33
838.924	7.49
839.226	7.27
839.529	7.28
839.831	6.96
840.134	7.15
840.436	7.41
840.738	7.2
841.041	7.41
841.343	7.74
841.645	7.8
841.947	7.65
842.249	7.71
842.551	8.09
842.853	8.02
843.155	8.55
843.457	8.37
843.758	8.37
844.06	9.07
844.362	8.72
844.663	8.9
844.965	8.96
845.266	9.39
845.568	9.12
845.869	8.21
846.17	8.45
846.472	7.62
846.773	7.96
847.074	7.38
847.375	6.89
847.676	7.18
847.977	6.68
848.278	6.88
848.579	7.55
848.88	8.4
849.181	9.32
849.481	9.02
849.782	9.32
850.082	9.45
850.383	9.95
850.683	10.05
850.984	9.93
851.284	10.54
851.585	9.86
851.885	9.2
852.185	8.65
852.485	8.61
852.785	8.43
853.085	8.28
853.385	8
853.685	8.35
853.985	7.76
854.285	7.33
854.584	7.01
854.884	7.26
855.184	7.56
855.483	8.06
855.783	8.24
856.082	8.42
856.382	8.56
856.681	8
856.98	7.72
857.28	8.64
857.579	9.41
857.878	9.86
858.177	9.61
858.476	9.34
858.775	8.93
859.074	7.8
859.373	8.36
859.671	8.51
859.97	9.37
860.269	9.68
860.567	8.74
860.866	8.73
861.165	8.24
861.463	8.65
861.761	8.02
862.06	7.93
862.358	8.98
862.656	8.5
862.954	9.01
863.252	8.52
863.551	8.5
863.849	8.71
864.146	8.5
864.444	8.42
864.742	8.67
865.04	8.89
865.338	8.52
865.635	8.33
865.933	8.58
866.23	8.1
866.528	8.31
866.825	8.5
867.123	8.83
867.42	8.77
867.717	8.91
868.014	8.4
868.312	8.8
868.609	9
868.906	9.42
869.203	9.52
869.5	9.28
869.796	9.14
870.093	8.81
870.39	8.59
870.687	8.88
870.983	9.21
871.28	9.51
871.576	9
871.873	9.09
872.169	8.99
872.466	8.28
872.762	9.11
873.058	9.57
873.354	9.33
873.65	9.29
873.947	8.98
874.243	8.26
874.538	8.41
874.834	8.47
875.13	7.9
875.426	7.42
875.722	7.92
876.017	7.8
876.313	7.19
876.608	6.87
876.904	6.88
877.199	7
877.495	7.57
877.79	6.92
878.085	6.78
878.381	7.65
878.676	7.4
878.971	7.85
879.266	7.26
879.561	7.56
879.856	8.47
880.151	8.7
880.445	9.48
880.74	9.62
881.035	9.92
881.329	10.21
881.624	10.21
881.919	10.65
882.213	10.58
