177.169	-3200
177.554	-242.25
177.94	-1.18
178.326	-39.02
178.711	7.1
179.097	246.51
179.482	61.57
179.868	8.93
180.253	26.51
180.639	19.7
181.024	31.56
181.409	-82.52
181.795	-242.25
182.18	176.09
182.565	1000
182.95	-25.39
183.336	141.83
183.721	67.52
184.106	49
184.491	48.01
184.876	23.49
185.261	20.35
185.646	-6.74
186.031	-19.8
186.416	-27.96
186.801	-13.7
187.186	-5.09
187.57	-17.2
187.955	-24.63
188.34	-24.52
188.725	-13.72
189.11	-19.74
189.494	-26.94
189.879	-5.41
190.263	4.55
190.648	-1.54
191.033	5.58
191.417	9.59
191.802	17.84
192.186	25.1
192.57	23.03
192.955	21.3
193.339	23.58
193.723	31.19
194.108	26.68
194.492	21.86
194.876	22.69
195.26	17.31
195.645	12.22
196.029	-3.24
196.413	-9.86
196.797	-3.93
197.181	-9.17
197.565	-0.57
197.949	7.49
198.333	14.97
198.717	16.54
199.101	20.39
199.484	15.55
199.868	16.9
200.252	22.63
200.636	28.31
201.019	27.43
201.403	35.12
201.787	36.59
202.17	29.19
202.554	22.07
202.937	20.36
203.321	16.13
203.704	20.03
204.088	17.31
204.471	16.37
204.855	9.84
205.238	2.62
205.621	-0.7
206.005	-2.48
206.388	-0.63
206.771	3.82
207.154	9.44
207.537	9.96
207.921	4.02
208.304	5.2
208.687	-0.69
209.07	5.71
209.453	14.58
209.836	4.95
210.219	-4.19
210.601	-8.88
210.984	-15.66
211.367	-16.79
211.75	-10.34
212.133	-9.61
212.515	-6.87
212.898	-3.36
213.281	-2.06
213.663	-1.82
214.046	1.26
214.428	0.57
214.811	2.76
215.193	5.56
215.576	3.6
215.958	-5.23
216.341	-0.67
216.723	-4.94
217.105	-5.32
217.488	-12.45
217.87	-16.58
218.252	-15.64
218.634	-13.09
219.017	-16.4
219.399	-20.24
219.781	-27.06
220.163	-12.85
220.545	-18.5
220.927	-18.37
221.309	-18.89
221.691	-24.53
222.073	-17.02
222.455	-12.06
222.836	-9.56
223.218	-5.71
223.6	-3.6
223.982	-4.87
224.363	-11.02
224.745	-9.21
225.127	-4.68
225.508	-2.73
225.89	4.26
226.271	0.93
226.653	0.08
227.034	2.13
227.416	3.05
227.797	2.03
228.178	3.27
228.56	4.24
228.941	5.91
229.322	6.4
229.704	7.78
230.085	9.03
230.466	12.93
230.847	8.97
231.228	5.02
231.609	4.39
231.99	7.69
232.371	7.42
232.752	8.39
233.133	8.94
233.514	9.62
233.895	5.94
234.276	5.9
234.657	2.93
235.037	6.44
235.418	6.22
235.799	6.08
236.179	5.83
236.56	7.21
236.941	7.7
237.321	6.24
237.702	4.91
238.082	5.4
238.463	4.88
238.843	5.42
239.223	3.59
239.604	3.82
239.984	3.53
240.364	3.71
240.745	2.81
241.125	2.88
241.505	2.49
241.885	3.06
242.265	3.17
242.645	2.51
243.025	2.77
243.405	3.14
243.785	3.07
244.165	3.39
244.545	3.19
244.925	3.36
245.305	3.05
245.685	3.25
246.065	3.14
246.444	3.3
246.824	3.6
247.204	3.45
247.583	3.33
247.963	3.47
248.343	3.35
248.722	3.39
249.102	3.51
249.481	3.41
249.861	3.29
250.24	3.36
250.619	3.36
250.999	3.29
251.378	3.39
251.757	3.53
252.136	3.52
252.516	3.42
252.895	3.55
253.274	3.45
253.653	3.6
254.032	3.77
254.411	3.77
254.79	3.92
255.169	4.06
255.548	3.71
255.927	3.89
256.306	3.52
256.685	3.53
257.063	3.18
257.442	3.33
257.821	3.49
258.199	3.38
258.578	3.26
258.957	3.17
259.335	3.11
259.714	3.16
260.092	3.09
260.471	3.25
260.849	3.25
261.228	3.26
261.606	3.18
261.984	3.05
262.363	3.11
262.741	3.16
263.119	3.08
263.497	3.09
263.876	2.96
264.254	2.99
264.632	2.83
265.01	2.82
265.388	2.8
265.766	2.99
266.144	3.11
266.522	3.06
266.9	3.05
267.278	3.07
267.655	3.12
268.033	3.21
268.411	3.24
268.789	3.19
269.166	3.12
269.544	3.08
269.922	2.94
270.299	2.85
270.677	2.81
271.054	2.78
271.432	2.79
271.809	2.78
272.186	2.76
272.564	2.73
272.941	2.81
273.318	2.85
273.696	2.86
274.073	2.85
274.45	2.8
274.827	2.84
275.204	2.88
275.582	2.83
275.959	2.81
276.336	2.77
276.713	2.75
277.09	2.72
277.466	2.65
277.843	2.72
278.22	2.68
278.597	2.77
278.974	2.77
279.35	2.65
279.727	2.75
280.104	2.68
280.48	2.79
280.857	2.76
281.234	2.7
281.61	2.75
281.987	2.81
282.363	2.9
282.74	2.92
283.116	2.89
283.492	3
283.869	3
284.245	3.12
284.621	3.11
284.997	3.09
285.373	3.08
285.75	3.09
286.126	3.16
286.502	3.07
286.878	3.07
287.254	3.15
287.63	3.19
288.006	3.27
288.382	3.24
288.757	3.27
289.133	3.39
289.509	3.53
289.885	3.59
290.26	3.58
290.636	3.8
291.012	3.88
291.387	3.94
291.763	4
292.139	4.03
292.514	4.1
292.889	4.21
293.265	4.28
293.64	4.28
294.016	4.32
294.391	4.33
294.766	4.39
295.142	4.48
295.517	4.52
295.892	4.61
296.267	4.7
296.642	4.76
297.017	4.78
297.392	4.84
297.767	4.95
298.142	5.08
298.517	5.17
298.892	5.17
299.267	5.16
299.642	5.31
300.017	5.34
300.391	5.34
300.766	5.4
301.141	5.44
301.515	5.41
301.89	5.37
302.265	5.4
302.639	5.45
303.014	5.47
303.388	5.55
303.762	5.54
304.137	5.6
304.511	5.63
304.886	5.69
305.26	5.83
305.634	5.93
306.008	6.04
306.382	6.12
306.757	6.25
307.131	6.39
307.505	6.49
307.879	6.56
308.253	6.66
308.627	6.72
309.001	6.78
309.375	6.84
309.748	6.89
310.122	6.96
310.496	7
310.87	7.01
311.243	7.08
311.617	7.13
311.991	7.2
312.364	7.23
312.738	7.33
313.111	7.32
313.485	7.31
313.858	7.38
314.232	7.41
314.605	7.39
314.979	7.46
315.352	7.41
315.725	7.45
316.098	7.44
316.472	7.48
316.845	7.55
317.218	7.64
317.591	7.76
317.964	7.91
318.337	7.95
318.71	8.06
319.083	8
319.456	8.07
319.829	8.22
320.202	8.25
320.574	8.32
320.947	8.3
321.32	8.36
321.693	8.27
322.065	8.29
322.438	8.36
322.81	8.4
323.183	8.52
323.555	8.55
323.928	8.53
324.3	8.69
324.673	8.67
325.045	8.7
325.417	8.77
325.79	8.86
326.162	8.86
326.534	8.87
326.906	8.96
327.278	8.97
327.651	9.09
328.023	9.14
328.395	9.08
328.767	9.14
329.139	9.17
329.511	9.17
329.882	9.15
330.254	9.18
330.626	9.27
330.998	9.22
331.37	9.28
331.741	9.28
332.113	9.21
332.485	9.24
332.856	9.16
333.228	9.26
333.599	9.28
333.971	9.27
334.342	9.25
334.714	9.24
335.085	9.3
335.456	9.24
335.828	9.27
336.199	9.27
336.57	9.39
336.941	9.52
337.312	9.44
337.683	9.38
338.054	9.47
338.426	9.53
338.797	9.58
339.167	9.57
339.538	9.62
339.909	9.58
340.28	9.62
340.651	9.5
341.022	9.48
341.392	9.51
341.763	9.59
342.134	9.66
342.504	9.66
342.875	9.61
343.246	9.69
343.616	9.62
343.987	9.66
344.357	9.7
344.727	9.78
345.098	9.75
345.468	9.83
345.838	9.83
346.209	9.83
346.579	9.82
346.949	9.86
347.319	9.85
347.689	9.97
348.059	9.96
348.429	9.94
348.799	9.92
349.169	9.93
349.539	9.98
349.909	9.99
350.279	9.98
350.649	10.02
351.018	10.05
351.388	10.01
351.758	10.07
352.128	10.09
352.497	10.13
352.867	10.13
353.236	10.21
353.606	10.16
353.975	10.13
354.345	10.14
354.714	10.14
355.083	10.16
355.453	10.14
355.822	10.08
356.191	10.07
356.56	10.09
356.93	10.13
357.299	10.14
357.668	10.18
358.037	10.26
358.406	10.25
358.775	10.21
359.144	10.2
359.513	10.22
359.882	10.22
360.25	10.23
360.619	10.22
360.988	10.21
361.357	10.2
361.725	10.2
362.094	10.19
362.463	10.19
362.831	10.22
363.2	10.21
363.568	10.22
363.937	10.23
364.305	10.27
364.673	10.27
365.042	10.31
365.41	10.33
365.778	10.31
366.146	10.3
366.515	10.35
366.883	10.37
367.251	10.37
367.619	10.39
367.987	10.45
368.355	10.46
368.723	10.5
369.091	10.51
369.459	10.47
369.826	10.45
370.194	10.47
370.562	10.46
370.93	10.5
371.297	10.53
371.665	10.53
372.033	10.51
372.4	10.5
372.768	10.46
373.135	10.41
373.503	10.43
373.87	10.47
374.237	10.42
374.605	10.39
374.972	10.35
375.339	10.35
375.707	10.33
376.074	10.35
376.441	10.31
376.808	10.31
377.175	10.34
377.542	10.31
377.909	10.29
378.276	10.31
378.643	10.34
379.01	10.34
379.377	10.33
379.744	10.31
380.11	10.3
380.477	10.33
380.844	10.35
381.21	10.35
381.577	10.36
381.944	10.36
382.31	10.36
382.677	10.35
383.043	10.37
383.409	10.39
383.776	10.45
384.142	10.44
384.508	10.44
384.875	10.41
385.241	10.39
385.607	10.39
385.973	10.38
386.339	10.39
386.705	10.38
387.071	10.36
387.437	10.35
387.803	10.31
388.169	10.3
388.535	10.33
388.901	10.34
389.267	10.35
389.633	10.35
389.998	10.37
390.364	10.35
390.73	10.34
391.095	10.33
391.461	10.31
391.826	10.3
392.192	10.29
392.557	10.27
392.923	10.27
393.288	10.27
393.653	10.27
394.019	10.24
394.384	10.26
394.749	10.27
395.114	10.29
395.479	10.29
395.844	10.31
396.21	10.29
396.575	10.3
396.94	10.31
397.304	10.3
397.669	10.3
398.034	10.3
398.399	10.3
398.764	10.3
399.129	10.29
399.493	10.28
399.858	10.26
400.223	10.27
400.587	10.23
400.952	10.19
401.316	10.18
401.681	10.18
402.045	10.2
402.409	10.19
402.774	10.16
403.138	10.13
403.502	10.12
403.867	10.1
404.231	10.11
404.595	10.12
404.959	10.13
405.323	10.12
405.687	10.1
406.051	10.07
406.415	10.05
406.779	10.06
407.143	10.06
407.507	10.06
407.871	10.04
408.234	10.01
408.598	10
408.962	9.98
409.325	9.98
409.689	9.99
410.053	9.98
410.416	9.98
410.78	9.95
411.143	9.94
411.506	9.94
411.87	9.94
412.233	9.93
412.596	9.91
412.96	9.87
413.323	9.85
413.686	9.82
414.049	9.8
414.412	9.77
414.775	9.77
415.138	9.75
415.501	9.72
415.864	9.72
416.227	9.69
416.59	9.67
416.953	9.66
417.315	9.64
417.678	9.63
418.041	9.6
418.404	9.58
418.766	9.56
419.129	9.54
419.491	9.52
419.854	9.49
420.216	9.48
420.579	9.47
420.941	9.46
421.303	9.45
421.666	9.42
422.028	9.41
422.39	9.38
422.752	9.37
423.114	9.38
423.476	9.37
423.839	9.37
424.201	9.37
424.563	9.37
424.924	9.36
425.286	9.35
425.648	9.36
426.01	9.36
426.372	9.36
426.733	9.35
427.095	9.33
427.457	9.32
427.818	9.28
428.18	9.25
428.542	9.22
428.903	9.23
429.264	9.2
429.626	9.18
429.987	9.17
430.349	9.14
430.71	9.11
431.071	9.08
431.432	9.03
431.794	9.03
432.155	9.02
432.516	9.02
432.877	9
433.238	8.98
433.599	8.95
433.96	8.94
434.321	8.93
434.681	8.92
435.042	8.91
435.403	8.92
435.764	8.91
436.124	8.89
436.485	8.85
436.846	8.82
437.206	8.81
437.567	8.8
437.927	8.77
438.288	8.76
438.648	8.74
439.008	8.73
439.369	8.72
439.729	8.71
440.089	8.69
440.449	8.69
440.81	8.68
441.17	8.68
441.53	8.67
441.89	8.67
442.25	8.65
442.61	8.62
442.97	8.6
443.33	8.57
443.689	8.54
444.049	8.51
444.409	8.48
444.769	8.48
445.128	8.46
445.488	8.44
445.848	8.42
446.207	8.43
446.567	8.43
446.926	8.44
447.285	8.44
447.645	8.44
448.004	8.44
448.363	8.43
448.723	8.42
449.082	8.41
449.441	8.41
449.8	8.39
450.159	8.35
450.518	8.33
450.877	8.29
451.236	8.28
451.595	8.27
451.954	8.25
452.313	8.26
452.672	8.25
453.031	8.24
453.389	8.22
453.748	8.23
454.107	8.22
454.465	8.2
454.824	8.18
455.182	8.15
455.541	8.14
455.899	8.12
456.258	8.07
456.616	8.04
456.974	8.01
457.333	7.99
457.691	7.96
458.049	7.95
458.407	7.93
458.765	7.94
459.123	7.94
459.481	7.92
459.839	7.93
460.197	7.93
460.555	7.93
460.913	7.93
461.271	7.92
461.629	7.91
461.987	7.91
462.344	7.91
462.702	7.9
463.06	7.88
463.417	7.86
463.775	7.84
464.132	7.81
464.49	7.8
464.847	7.78
465.204	7.77
465.562	7.77
465.919	7.75
466.276	7.74
466.633	7.73
466.991	7.71
467.348	7.71
467.705	7.68
468.062	7.68
468.419	7.67
468.776	7.65
469.133	7.63
469.49	7.62
469.846	7.6
470.203	7.58
470.56	7.56
470.917	7.55
471.273	7.55
471.63	7.54
471.986	7.52
472.343	7.51
472.699	7.52
473.056	7.51
473.412	7.5
473.769	7.49
474.125	7.49
474.481	7.47
474.838	7.45
475.194	7.4
475.55	7.38
475.906	7.35
476.262	7.33
476.618	7.3
476.974	7.3
477.33	7.3
477.686	7.28
478.042	7.26
478.398	7.24
478.753	7.24
479.109	7.23
479.465	7.2
479.821	7.19
480.176	7.18
480.532	7.15
480.887	7.1
481.243	7.04
481.598	7.03
481.954	7.14
482.309	7.22
482.664	7.2
483.02	7.1
483.375	7.07
483.73	7.07
484.085	7.06
484.44	7.05
484.795	7.04
485.15	7.03
485.505	7.01
485.86	6.9
486.215	6.8
486.57	6.76
486.925	6.81
487.28	6.82
487.634	6.8
487.989	6.79
488.344	6.79
488.698	6.77
489.053	6.75
489.407	6.73
489.762	6.72
490.116	6.7
490.471	6.69
490.825	6.68
491.179	6.67
491.534	6.67
491.888	6.67
492.242	6.67
492.596	6.68
492.95	6.69
493.304	6.71
493.658	6.71
494.012	6.7
494.366	6.7
494.72	6.68
495.074	6.69
495.428	6.66
495.782	6.65
496.135	6.62
496.489	6.62
496.843	6.6
497.196	6.6
497.55	6.59
497.903	6.6
498.257	6.6
498.61	6.61
498.963	6.6
499.317	6.61
499.67	6.62
500.023	6.61
500.376	6.6
500.73	6.59
501.083	6.59
501.436	6.59
501.789	6.57
502.142	6.55
502.495	6.53
502.848	6.51
503.201	6.49
503.553	6.47
503.906	6.46
504.259	6.46
504.612	6.45
504.964	6.44
505.317	6.43
505.669	6.41
506.022	6.4
506.374	6.38
506.727	6.37
507.079	6.36
507.432	6.34
507.784	6.32
508.136	6.3
508.488	6.29
508.841	6.27
509.193	6.26
509.545	6.26
509.897	6.24
510.249	6.23
510.601	6.22
510.953	6.21
511.305	6.19
511.656	6.2
512.008	6.18
512.36	6.17
512.712	6.17
513.063	6.17
513.415	6.17
513.766	6.17
514.118	6.17
514.469	6.16
514.821	6.16
515.172	6.16
515.524	6.14
515.875	6.13
516.226	6.11
516.577	6.09
516.929	6.06
517.28	6.04
517.631	6.04
517.982	6.04
518.333	6.03
518.684	6.02
519.035	6.02
519.386	6.02
519.737	6.02
520.087	6.03
520.438	6.03
520.789	6.04
521.139	6.07
521.49	6.07
521.841	6.06
522.191	6.06
522.542	6.05
522.892	6.04
523.243	6.02
523.593	6
523.943	5.97
524.293	5.96
524.644	5.94
524.994	5.9
525.344	5.88
525.694	5.86
526.044	5.84
526.394	5.82
526.744	5.82
527.094	5.82
527.444	5.83
527.794	5.84
528.144	5.84
528.493	5.84
528.843	5.84
529.193	5.84
529.542	5.84
529.892	5.84
530.241	5.85
530.591	5.84
530.94	5.82
531.29	5.78
531.639	5.75
531.988	5.73
532.338	5.72
532.687	5.72
533.036	5.72
533.385	5.72
533.734	5.72
534.083	5.71
534.432	5.7
534.781	5.7
535.13	5.7
535.479	5.7
535.828	5.7
536.177	5.69
536.525	5.68
536.874	5.67
537.223	5.67
537.571	5.66
537.92	5.65
538.268	5.65
538.617	5.64
538.965	5.62
539.314	5.6
539.662	5.59
540.01	5.59
540.359	5.59
540.707	5.58
541.055	5.58
541.403	5.58
541.751	5.58
542.099	5.58
542.447	5.59
542.795	5.61
543.143	5.62
543.491	5.62
543.839	5.63
544.187	5.62
544.534	5.61
544.882	5.6
545.23	5.58
545.577	5.58
545.925	5.58
546.272	5.56
546.62	5.56
546.967	5.56
547.314	5.56
547.662	5.56
548.009	5.56
548.356	5.56
548.704	5.57
549.051	5.59
549.398	5.58
549.745	5.57
550.092	5.56
550.439	5.56
550.786	5.55
551.133	5.53
551.479	5.52
551.826	5.52
552.173	5.53
552.52	5.53
552.866	5.52
553.213	5.52
553.56	5.52
553.906	5.53
554.253	5.52
554.599	5.52
554.945	5.53
555.292	5.53
555.638	5.54
555.984	5.53
556.331	5.52
556.677	5.52
557.023	5.5
557.369	5.5
557.715	5.49
558.061	5.5
558.407	5.51
558.753	5.49
559.099	5.49
559.444	5.47
559.79	5.46
560.136	5.46
560.482	5.46
560.827	5.46
561.173	5.46
561.518	5.47
561.864	5.47
562.209	5.47
562.555	5.48
562.9	5.47
563.245	5.47
563.591	5.45
563.936	5.42
564.281	5.41
564.626	5.39
564.971	5.37
565.316	5.36
565.661	5.35
566.006	5.35
566.351	5.35
566.696	5.33
567.041	5.32
567.386	5.34
567.73	5.36
568.075	5.37
568.42	5.38
568.764	5.38
569.109	5.38
569.453	5.36
569.798	5.35
570.142	5.33
570.487	5.34
570.831	5.34
571.175	5.33
571.519	5.34
571.864	5.33
572.208	5.34
572.552	5.34
572.896	5.35
573.24	5.36
573.584	5.36
573.928	5.38
574.272	5.38
574.616	5.39
574.959	5.38
575.303	5.37
575.647	5.38
575.99	5.38
576.334	5.39
576.678	5.4
577.021	5.4
577.364	5.41
577.708	5.41
578.051	5.43
578.395	5.43
578.738	5.45
579.081	5.46
579.424	5.46
579.767	5.46
580.111	5.46
580.454	5.46
580.797	5.45
581.14	5.44
581.482	5.43
581.825	5.4
582.168	5.39
582.511	5.37
582.854	5.35
583.196	5.35
583.539	5.35
583.882	5.35
584.224	5.34
584.567	5.35
584.909	5.37
585.252	5.35
585.594	5.35
585.936	5.34
586.279	5.36
586.621	5.36
586.963	5.36
587.305	5.34
587.647	5.33
587.989	5.32
588.331	5.3
588.673	5.29
589.015	5.29
589.357	5.3
589.699	5.31
590.041	5.28
590.382	5.29
590.724	5.29
591.066	5.3
591.407	5.3
591.749	5.31
592.09	5.3
592.432	5.29
592.773	5.28
593.114	5.28
593.456	5.27
593.797	5.28
594.138	5.27
594.479	5.26
594.821	5.25
595.162	5.25
595.503	5.22
595.844	5.24
596.185	5.24
596.525	5.25
596.866	5.25
597.207	5.25
597.548	5.25
597.889	5.26
598.229	5.25
598.57	5.27
598.91	5.27
599.251	5.28
599.592	5.26
599.932	5.29
600.272	5.28
600.613	5.28
600.953	5.28
601.293	5.28
601.633	5.27
601.974	5.26
602.314	5.26
602.654	5.25
602.994	5.26
603.334	5.26
603.674	5.25
604.014	5.25
604.353	5.26
604.693	5.27
605.033	5.29
605.373	5.3
605.712	5.33
606.052	5.32
606.391	5.32
606.731	5.31
607.07	5.31
607.41	5.3
607.749	5.29
608.088	5.29
608.428	5.28
608.767	5.26
609.106	5.25
609.445	5.22
609.784	5.22
610.123	5.24
610.462	5.25
610.801	5.28
611.14	5.3
611.479	5.28
611.818	5.3
612.157	5.31
612.495	5.33
612.834	5.35
613.173	5.37
613.511	5.41
613.85	5.4
614.188	5.39
614.527	5.39
614.865	5.36
615.203	5.39
615.542	5.38
615.88	5.4
616.218	5.38
616.556	5.36
616.894	5.35
617.233	5.34
617.571	5.35
617.908	5.36
618.246	5.37
618.584	5.41
618.922	5.42
619.26	5.4
619.598	5.4
619.935	5.39
620.273	5.39
620.611	5.39
620.948	5.39
621.286	5.39
621.623	5.37
621.96	5.36
622.298	5.34
622.635	5.34
622.972	5.34
623.31	5.32
623.647	5.34
623.984	5.36
624.321	5.33
624.658	5.33
624.995	5.33
625.332	5.37
625.669	5.37
626.006	5.37
626.342	5.37
626.679	5.38
627.016	5.39
627.352	5.38
627.689	5.41
628.026	5.42
628.362	5.42
628.699	5.42
629.035	5.42
629.371	5.42
629.708	5.44
630.044	5.45
630.38	5.46
630.716	5.46
631.052	5.47
631.388	5.43
631.725	5.44
632.06	5.44
632.396	5.45
632.732	5.45
633.068	5.46
633.404	5.45
633.74	5.46
634.075	5.45
634.411	5.45
634.747	5.45
635.082	5.46
635.418	5.46
635.753	5.49
636.089	5.47
636.424	5.47
636.759	5.47
637.095	5.46
637.43	5.46
637.765	5.49
638.1	5.47
638.435	5.45
638.77	5.46
639.105	5.44
639.44	5.42
639.775	5.45
640.11	5.47
640.445	5.45
640.779	5.49
641.114	5.46
641.449	5.44
641.783	5.48
642.118	5.49
642.452	5.5
642.787	5.53
643.121	5.54
643.456	5.55
643.79	5.54
644.124	5.56
644.458	5.54
644.793	5.57
645.127	5.59
645.461	5.58
645.795	5.58
646.129	5.57
646.463	5.54
646.797	5.52
647.13	5.5
647.464	5.5
647.798	5.5
648.132	5.5
648.465	5.5
648.799	5.46
649.132	5.46
649.466	5.49
649.799	5.5
650.133	5.51
650.466	5.53
650.799	5.54
651.133	5.54
651.466	5.53
651.799	5.51
652.132	5.52
652.465	5.56
652.798	5.59
653.131	5.58
653.464	5.57
653.797	5.61
654.13	5.62
654.463	5.62
654.795	5.63
655.128	5.65
655.461	5.67
655.793	5.67
656.126	5.68
656.458	5.66
656.791	5.66
657.123	5.67
657.455	5.63
657.788	5.6
658.12	5.6
658.452	5.6
658.784	5.6
659.116	5.6
659.448	5.6
659.78	5.6
660.112	5.62
660.444	5.63
660.776	5.63
661.108	5.65
661.44	5.66
661.771	5.69
662.103	5.7
662.435	5.7
662.766	5.69
663.098	5.67
663.429	5.66
663.761	5.65
664.092	5.66
664.423	5.68
664.755	5.67
665.086	5.65
665.417	5.63
665.748	5.66
666.079	5.64
666.41	5.66
666.741	5.67
667.072	5.69
667.403	5.65
667.734	5.6
668.065	5.56
668.395	5.59
668.726	5.6
669.057	5.58
669.387	5.56
669.718	5.58
670.048	5.56
670.379	5.58
670.709	5.6
671.039	5.59
671.37	5.62
671.7	5.66
672.03	5.64
672.36	5.66
672.69	5.68
673.02	5.66
673.35	5.69
673.68	5.74
674.01	5.73
674.34	5.72
674.67	5.77
675	5.76
675.329	5.73
675.659	5.79
675.989	5.84
676.318	5.82
676.648	5.82
676.977	5.79
677.307	5.79
677.636	5.8
677.965	5.78
678.295	5.76
678.624	5.76
678.953	5.75
679.282	5.72
679.611	5.67
679.94	5.73
680.269	5.78
680.598	5.79
680.927	5.82
681.256	5.81
681.584	5.85
681.913	5.87
682.242	5.9
682.57	5.92
682.899	5.91
683.228	5.97
683.556	5.95
683.884	5.98
684.213	6.01
684.541	5.97
684.869	5.98
685.198	5.95
685.526	5.92
685.854	5.9
686.182	5.94
686.51	5.98
686.838	5.98
687.166	5.98
687.494	5.91
687.822	5.87
688.149	5.88
688.477	5.92
688.805	5.95
689.133	5.98
689.46	6.04
689.788	6.03
690.115	6
690.443	5.93
690.77	5.94
691.097	5.92
691.425	5.95
691.752	5.94
692.079	5.94
692.406	5.94
692.733	5.98
693.06	5.94
693.387	5.91
693.714	5.94
694.041	6.02
694.368	6.05
694.695	6.09
695.021	6.09
695.348	6.14
695.675	6.14
696.001	6.15
696.328	6.13
696.654	6.12
696.981	6.15
697.307	6.14
697.634	6.11
697.96	6.09
698.286	6.09
698.612	6.13
698.938	6.1
699.264	6.11
699.591	6.12
699.917	6.14
700.242	6.17
700.568	6.19
700.894	6.24
701.22	6.32
701.546	6.36
701.871	6.43
702.197	6.42
702.523	6.43
702.848	6.41
703.174	6.37
703.499	6.4
703.824	6.37
704.15	6.32
704.475	6.23
704.8	6.13
705.125	6.09
705.451	6.04
705.776	6.03
706.101	6.07
706.426	6.15
706.751	6.2
707.076	6.21
707.4	6.27
707.725	6.32
708.05	6.38
708.375	6.46
708.699	6.44
709.024	6.43
709.348	6.41
709.673	6.35
709.997	6.33
710.322	6.39
710.646	6.35
710.97	6.35
711.294	6.28
711.619	6.27
711.943	6.21
712.267	6.24
712.591	6.26
712.915	6.3
713.239	6.33
713.563	6.35
713.886	6.37
714.21	6.37
714.534	6.35
714.858	6.41
715.181	6.44
715.505	6.43
715.828	6.5
716.152	6.51
716.475	6.54
716.799	6.53
717.122	6.5
717.445	6.47
717.768	6.5
718.092	6.49
718.415	6.48
718.738	6.48
719.061	6.51
719.384	6.48
719.707	6.52
720.03	6.52
720.352	6.58
720.675	6.58
720.998	6.59
721.32	6.56
721.643	6.57
721.966	6.64
722.288	6.66
722.611	6.73
722.933	6.77
723.255	6.77
723.578	6.74
723.9	6.74
724.222	6.77
724.544	6.75
724.866	6.78
725.188	6.77
725.51	6.76
725.832	6.8
726.154	6.78
726.476	6.76
726.798	6.78
727.12	6.78
727.441	6.76
727.763	6.74
728.085	6.79
728.406	6.79
728.728	6.81
729.049	6.87
729.37	6.88
729.692	6.89
730.013	6.92
730.334	6.91
730.655	6.98
730.977	6.99
731.298	7.02
731.619	7.04
731.94	7.07
732.261	7.12
732.581	7.12
732.902	7.1
733.223	7.04
733.544	7.06
733.864	7.03
734.185	7.01
734.506	7.08
734.826	7.17
735.146	7.16
735.467	7.22
735.787	7.23
736.108	7.21
736.428	7.27
736.748	7.33
737.068	7.35
737.388	7.39
737.708	7.39
738.028	7.32
738.348	7.3
738.668	7.21
738.988	7.22
739.308	7.26
739.628	7.28
739.947	7.21
740.267	7.21
740.586	7.19
740.906	7.21
741.225	7.23
741.545	7.34
741.864	7.36
742.184	7.47
742.503	7.37
742.822	7.39
743.141	7.28
743.46	7.28
743.779	7.35
744.098	7.42
744.417	7.34
744.736	7.36
745.055	7.34
745.374	7.32
745.693	7.37
746.011	7.37
746.33	7.29
746.649	7.3
746.967	7.48
747.286	7.44
747.604	7.37
747.923	7.46
748.241	7.52
748.559	7.46
748.877	7.53
749.196	7.52
749.514	7.56
749.832	7.53
750.15	7.61
750.468	7.54
750.786	7.48
751.104	7.44
751.422	7.45
751.739	7.38
752.057	7.31
752.375	7.32
752.692	7.32
753.01	7.37
753.327	7.41
753.645	7.27
753.962	7.13
754.28	7.22
754.597	7.2
754.914	7.09
755.231	7.08
755.548	7.15
755.866	7.07
756.183	7.02
756.5	6.98
756.816	7.02
757.133	7.31
757.45	7.4
757.767	7.43
758.084	7.44
758.4	7.6
758.717	7.69
759.034	7.71
759.35	7.64
759.667	7.73
759.983	7.76
760.299	7.71
760.616	7.7
760.932	7.68
761.248	7.6
761.564	7.63
761.88	7.47
762.196	7.42
762.512	7.43
762.828	7.55
763.144	7.59
763.46	7.67
763.776	7.73
764.092	7.64
764.407	7.61
764.723	7.63
765.038	7.73
765.354	7.89
765.669	7.94
765.985	7.96
766.3	7.9
766.616	7.81
766.931	7.67
767.246	7.66
767.561	7.63
767.876	7.78
768.191	7.72
768.506	7.58
768.821	7.48
769.136	7.44
769.451	7.41
769.766	7.39
770.08	7.4
770.395	7.55
770.71	7.49
771.024	7.59
771.339	7.56
771.653	7.71
771.968	7.94
772.282	7.91
772.596	7.97
772.911	8.09
773.225	8.3
773.539	8.39
773.853	8.41
774.167	8.49
774.481	8.53
774.795	8.59
775.109	8.77
775.423	8.62
775.737	8.65
776.05	8.54
776.364	8.57
776.678	8.45
776.991	8.47
777.305	8.46
777.618	8.45
777.931	8.38
778.245	8.38
778.558	8.31
778.871	8.26
779.185	8.43
779.498	8.44
779.811	8.44
780.124	8.56
780.437	8.57
780.75	8.47
781.063	8.48
781.375	8.61
781.688	8.62
782.001	8.41
782.314	8.54
782.626	8.28
782.939	8.54
783.251	8.58
783.564	8.64
783.876	8.72
784.188	8.93
784.501	9
784.813	8.91
785.125	8.87
785.437	9.01
785.749	8.99
786.061	9.23
786.373	8.95
786.685	8.99
786.997	8.92
787.309	8.69
787.621	8.64
787.932	8.67
788.244	8.68
788.556	8.6
788.867	8.57
789.179	8.65
789.49	8.64
789.801	8.66
790.113	8.49
790.424	8.5
790.735	8.51
791.046	8.42
791.358	8.24
791.669	8.23
791.98	8.35
792.291	8.6
792.601	8.49
792.912	8.53
793.223	8.74
793.534	8.67
793.845	8.78
794.155	8.84
794.466	8.94
794.776	9.12
795.087	9.33
795.397	9.2
795.707	8.95
796.018	8.98
796.328	8.95
796.638	9
796.948	9.16
797.258	9.05
797.569	9.08
797.879	9.15
798.188	9.08
798.498	9.03
798.808	9.05
799.118	9.26
799.428	9.28
799.737	9.13
800.047	9
800.356	8.97
800.666	9.04
800.975	9.18
801.285	9.15
801.594	9.22
801.903	9.18
802.213	9.44
802.522	9.44
802.831	9.43
803.14	9.49
803.449	9.59
803.758	9.45
804.067	9.39
804.376	9.44
804.684	9.6
804.993	9.88
805.302	9.85
805.611	9.89
805.919	9.65
806.228	9.65
806.536	9.8
806.845	9.73
807.153	9.96
807.461	9.93
807.769	9.76
808.078	9.71
808.386	9.65
808.694	9.72
809.002	9.46
809.31	9.61
809.618	9.72
809.926	9.77
810.233	9.66
810.541	9.57
810.849	9.65
811.157	9.63
811.464	9.56
811.772	9.52
812.079	9.44
812.387	9.55
812.694	9.62
813.001	9.66
813.309	9.69
813.616	10.05
813.923	10.21
814.23	10.41
814.537	10.83
814.844	10.86
815.151	10.79
815.458	10.82
815.765	10.82
816.072	10.84
816.378	10.95
816.685	10.75
816.992	10.54
817.298	10.3
817.605	9.92
817.911	9.74
818.218	9.74
818.524	9.85
818.83	9.74
819.136	9.79
819.443	9.76
819.749	9.79
820.055	9.93
820.361	10
820.667	10.3
820.973	10.52
821.279	10.6
821.584	10.69
821.89	10.72
822.196	10.77
822.501	10.8
822.807	10.77
823.113	10.74
823.418	10.75
823.723	10.79
824.029	10.76
824.334	10.74
824.639	10.73
824.944	10.69
825.25	10.69
825.555	10.71
825.86	10.76
826.165	10.86
826.47	10.93
826.774	10.95
827.079	10.91
827.384	10.88
827.689	10.92
827.993	10.93
828.298	11.02
828.602	11.1
828.907	11.11
829.211	11.03
829.516	10.94
829.82	10.86
830.124	10.81
830.429	10.9
830.733	11.02
831.037	11.03
831.341	11.01
831.645	10.85
831.949	10.58
832.253	10.55
832.556	10.46
832.86	10.63
833.164	10.72
833.467	10.75
833.771	10.63
834.075	10.69
834.378	10.8
834.682	10.88
834.985	10.91
835.288	10.97
835.591	11
835.895	11.2
836.198	11.06
836.501	11.1
836.804	11.04
837.107	11.02
837.41	11
837.713	10.8
838.016	10.71
838.318	10.58
838.621	10.44
838.924	10.34
839.226	10.43
839.529	10.73
839.831	10.46
840.134	10.54
840.436	10.83
840.738	10.89
841.041	11.1
841.343	11.17
841.645	11.33
841.947	11.56
842.249	11.81
842.551	11.66
842.853	11.29
843.155	11.67
843.457	11.94
843.758	11.75
844.06	12.16
844.362	12.08
844.663	12.27
844.965	12.24
845.266	12.21
845.568	12.03
845.869	11.56
846.17	11.95
846.472	11.64
846.773	11.58
847.074	11.35
847.375	10.41
847.676	10.27
847.977	10.22
848.278	10.44
848.579	10.86
848.88	10.83
849.181	11.39
849.481	10.99
849.782	10.95
850.082	11.13
850.383	11.74
850.683	12.53
850.984	12.72
851.284	12.94
851.585	12.58
851.885	12.18
852.185	12.68
852.485	12.42
852.785	12.35
853.085	12.4
853.385	11.99
853.685	11.89
853.985	11.5
854.285	11.35
854.584	10.91
854.884	10.5
855.184	10.45
855.483	9.76
855.783	10.41
856.082	10.93
856.382	11.62
856.681	12.18
856.98	12.27
857.28	12.16
857.579	12.5
857.878	12.3
858.177	12.62
858.476	12.15
858.775	12.85
859.074	12.48
859.373	12.9
859.671	12.79
859.97	12.66
860.269	13.25
860.567	13.56
860.866	13.55
861.165	14.26
861.463	14.65
861.761	14.9
862.06	15.04
862.358	15.27
862.656	15.17
862.954	14.59
863.252	13.93
863.551	13.25
863.849	12.98
864.146	12.84
864.444	12.63
864.742	12.48
865.04	12.85
865.338	11.74
865.635	11.69
865.933	12.03
866.23	12.48
866.528	12.89
866.825	13.55
867.123	13.49
867.42	13.02
867.717	12.55
868.014	12.75
868.312	12.78
868.609	13.57
868.906	13.99
869.203	13.54
869.5	12.67
869.796	12.75
870.093	11.72
870.39	11.96
870.687	12.8
870.983	13.15
871.28	13.61
871.576	13.74
871.873	13.63
872.169	13.63
872.466	13.63
872.762	14.45
873.058	14.93
873.354	15.53
873.65	15.81
873.947	15.92
874.243	15.83
874.538	15.74
874.834	15.63
875.13	15.18
875.426	13.99
875.722	13.77
876.017	13.12
876.313	12.6
876.608	12.16
876.904	11.76
877.199	11.26
877.495	11.44
877.79	11.25
878.085	11.14
878.381	11.37
878.676	11.82
878.971	12.34
879.266	12.72
879.561	13.56
879.856	14.16
880.151	14.69
880.445	14.88
880.74	14.85
881.035	14.85
881.329	15
881.624	15.31
881.919	15.6
882.213	15.56
