177.169	2125
177.554	-170.8
177.94	-307.39
178.326	-1125
178.711	397.54
179.097	167.11
179.482	214.57
179.868	101.38
180.253	80.94
180.639	-38.99
181.024	113.67
181.409	39.06
181.795	-170.8
182.18	663.06
182.565	387.17
182.95	224.94
183.336	144.98
183.721	116.3
184.106	182.21
184.491	444.42
184.876	-605.25
185.261	-452.06
185.646	-226.59
186.031	-145.01
186.416	-69.1
186.801	-51.06
187.186	-42.19
187.57	-18.07
187.955	-12.04
188.34	-13.18
188.725	-17.1
189.11	-12.34
189.494	-14.32
189.879	0.51
190.263	1.81
190.648	10.1
191.033	10.16
191.417	8.32
191.802	3.91
192.186	-4.8
192.57	-2.28
192.955	5.51
193.339	10.03
193.723	11.23
194.108	4.17
194.492	8.32
194.876	1.1
195.26	-3.48
195.645	-4.8
196.029	-7.02
196.413	4.02
196.797	3.36
197.181	5.75
197.565	4.9
197.949	3.67
198.333	6.85
198.717	10.7
199.101	8.07
199.484	5.84
199.868	7.84
200.252	8.28
200.636	-0.72
201.019	2.77
201.403	-3.7
201.787	-11.18
202.17	-8.4
202.554	-20.39
202.937	-19.8
203.321	-15.32
203.704	-14.22
204.088	-6.17
204.471	-4.96
204.855	-10.44
205.238	-15.92
205.621	-11.61
206.005	1
206.388	-0.33
206.771	10.07
207.154	9.44
207.537	9.3
207.921	16.62
208.304	7.79
208.687	7.45
209.07	11.29
209.453	11.34
209.836	2.93
210.219	-7.93
210.601	-13.1
210.984	-15.09
211.367	-14.49
211.75	-23.23
212.133	-26.56
212.515	-11.35
212.898	-14.91
213.281	-15.55
213.663	-7.63
214.046	-2.81
214.428	-1.88
214.811	-3.04
215.193	-6.6
215.576	-13.52
215.958	-3.34
216.341	-3.26
216.723	-12.67
217.105	-17.89
217.488	-12.04
217.87	-15.44
218.252	-11.65
218.634	-10.39
219.017	-5.67
219.399	-3.88
219.781	2.57
220.163	0.04
220.545	3.1
220.927	0.37
221.309	5.83
221.691	-2.65
222.073	0.42
222.455	-3.26
222.836	-9.6
223.218	-7.34
223.6	-2.45
223.982	-3.76
224.363	-7
224.745	-9.92
225.127	-4.92
225.508	-0.11
225.89	6.68
226.271	4.21
226.653	5.51
227.034	9.66
227.416	9.65
227.797	7.95
228.178	6.31
228.56	10.09
228.941	8.41
229.322	9.06
229.704	6.79
230.085	6.3
230.466	4.52
230.847	5.26
231.228	2.63
231.609	0.59
231.99	0.24
232.371	1.95
232.752	-1.06
233.133	0.51
233.514	0.67
233.895	-0.41
234.276	0.02
234.657	2.04
235.037	-1.63
235.418	-0.33
235.799	-1.17
236.179	-2.25
236.56	-3.48
236.941	-2.27
237.321	-0.09
237.702	-0.28
238.082	1.64
238.463	2.11
238.843	2.48
239.223	4.27
239.604	3.04
239.984	2.97
240.364	3.69
240.745	3.4
241.125	3.46
241.505	3.04
241.885	3.18
242.265	2.93
242.645	2.76
243.025	2.19
243.405	1.78
243.785	2.32
244.165	2.58
244.545	2.37
244.925	2.53
245.305	2.4
245.685	2.35
246.065	2.19
246.444	2.24
246.824	2.12
247.204	2.29
247.583	2.33
247.963	2.2
248.343	2.21
248.722	2.1
249.102	2.04
249.481	1.86
249.861	1.78
250.24	1.97
250.619	1.96
250.999	2.07
251.378	2.31
251.757	2.32
252.136	2.52
252.516	2.4
252.895	2.64
253.274	2.76
253.653	3.08
254.032	3.21
254.411	3.08
254.79	3.51
255.169	3.43
255.548	3.03
255.927	3.1
256.306	2.89
256.685	2.85
257.063	2.68
257.442	2.55
257.821	2.37
258.199	2.3
258.578	2.25
258.957	2.2
259.335	2.25
259.714	2.23
260.092	2.16
260.471	2.15
260.849	2.22
261.228	2.16
261.606	2.17
261.984	2.2
262.363	2.23
262.741	2.3
263.119	2.03
263.497	1.9
263.876	1.99
264.254	2.05
264.632	2.22
265.01	2.23
265.388	2.39
265.766	2.32
266.144	2.28
266.522	2.38
266.9	2.28
267.278	2.25
267.655	2.22
268.033	2.07
268.411	2.07
268.789	1.87
269.166	1.72
269.544	1.62
269.922	1.58
270.299	1.6
270.677	1.57
271.054	1.77
271.432	1.78
271.809	1.87
272.186	1.93
272.564	2.01
272.941	2.01
273.318	1.97
273.696	2.06
274.073	2.12
274.45	2
274.827	1.97
275.204	1.84
275.582	2.07
275.959	1.95
276.336	2.03
276.713	1.94
277.09	2.07
277.466	2.13
277.843	2.05
278.22	2.19
278.597	2.32
278.974	2.28
279.35	2.26
279.727	2.21
280.104	2.28
280.48	2.29
280.857	2.31
281.234	2.23
281.61	2.21
281.987	2.13
282.363	2.09
282.74	2.06
283.116	2.01
283.492	2
283.869	1.91
284.245	1.91
284.621	1.86
284.997	1.89
285.373	1.93
285.75	1.93
286.126	2.04
286.502	2.01
286.878	2.11
287.254	2.14
287.63	2.15
288.006	2.22
288.382	2.21
288.757	2.26
289.133	2.15
289.509	2.13
289.885	2.17
290.26	2.15
290.636	2.14
291.012	2.07
291.387	2.14
291.763	2.19
292.139	2.2
292.514	2.18
292.889	2.12
293.265	2.19
293.64	2.12
294.016	2.13
294.391	2.14
294.766	2.17
295.142	2.23
295.517	2.17
295.892	2.08
296.267	2.06
296.642	2.06
297.017	2.05
297.392	2.03
297.767	2.07
298.142	2.02
298.517	1.94
298.892	1.92
299.267	1.87
299.642	1.9
300.017	1.96
300.391	1.99
300.766	2.12
301.141	2.2
301.515	2.23
301.89	2.18
302.265	2.26
302.639	2.29
303.014	2.29
303.388	2.35
303.762	2.33
304.137	2.39
304.511	2.33
304.886	2.21
305.26	2.21
305.634	2.25
306.008	2.31
306.382	2.33
306.757	2.32
307.131	2.34
307.505	2.23
307.879	2.25
308.253	2.28
308.627	2.25
309.001	2.35
309.375	2.27
309.748	2.24
310.122	2.23
310.496	2.25
310.87	2.3
311.243	2.24
311.617	2.29
311.991	2.29
312.364	2.23
312.738	2.28
313.111	2.26
313.485	2.35
313.858	2.35
314.232	2.3
314.605	2.22
314.979	2.19
315.352	2.24
315.725	2.18
316.098	2.13
316.472	2.13
316.845	2.09
317.218	2.02
317.591	2.02
317.964	2.01
318.337	2.12
318.71	2.16
319.083	2.2
319.456	2.13
319.829	2.19
320.202	2.24
320.574	2.23
320.947	2.23
321.32	2.19
321.693	2.14
322.065	2.21
322.438	2.2
322.81	2.27
323.183	2.27
323.555	2.29
323.928	2.3
324.3	2.25
324.673	2.28
325.045	2.34
325.417	2.38
325.79	2.39
326.162	2.37
326.534	2.36
326.906	2.3
327.278	2.35
327.651	2.45
328.023	2.49
328.395	2.56
328.767	2.57
329.139	2.56
329.511	2.57
329.882	2.52
330.254	2.54
330.626	2.47
330.998	2.48
331.37	2.46
331.741	2.43
332.113	2.41
332.485	2.4
332.856	2.41
333.228	2.46
333.599	2.51
333.971	2.58
334.342	2.54
334.714	2.58
335.085	2.63
335.456	2.64
335.828	2.65
336.199	2.67
336.57	2.74
336.941	2.74
337.312	2.65
337.683	2.59
338.054	2.6
338.426	2.65
338.797	2.65
339.167	2.6
339.538	2.58
339.909	2.62
340.28	2.67
340.651	2.59
341.022	2.58
341.392	2.66
341.763	2.73
342.134	2.64
342.504	2.62
342.875	2.66
343.246	2.67
343.616	2.72
343.987	2.68
344.357	2.57
344.727	2.57
345.098	2.61
345.468	2.56
345.838	2.54
346.209	2.59
346.579	2.59
346.949	2.58
347.319	2.59
347.689	2.55
348.059	2.55
348.429	2.59
348.799	2.71
349.169	2.68
349.539	2.71
349.909	2.66
350.279	2.67
350.649	2.71
351.018	2.73
351.388	2.77
351.758	2.77
352.128	2.8
352.497	2.81
352.867	2.71
353.236	2.75
353.606	2.76
353.975	2.81
354.345	2.83
354.714	2.87
355.083	2.84
355.453	2.84
355.822	2.87
356.191	2.85
356.56	2.88
356.93	2.85
357.299	2.79
357.668	2.81
358.037	2.82
358.406	2.81
358.775	2.76
359.144	2.77
359.513	2.76
359.882	2.75
360.25	2.72
360.619	2.71
360.988	2.75
361.357	2.8
361.725	2.78
362.094	2.8
362.463	2.77
362.831	2.78
363.2	2.79
363.568	2.78
363.937	2.76
364.305	2.81
364.673	2.8
365.042	2.83
365.41	2.88
365.778	2.88
366.146	2.87
366.515	2.92
366.883	2.92
367.251	2.93
367.619	2.93
367.987	3
368.355	2.95
368.723	2.94
369.091	2.91
369.459	2.86
369.826	2.88
370.194	2.87
370.562	2.91
370.93	2.93
371.297	2.95
371.665	2.94
372.033	2.9
372.4	2.94
372.768	2.97
373.135	3
373.503	2.97
373.87	2.94
374.237	2.97
374.605	2.95
374.972	2.95
375.339	2.94
375.707	2.91
376.074	2.94
376.441	2.94
376.808	2.95
377.175	2.94
377.542	2.96
377.909	3.01
378.276	2.96
378.643	2.93
379.01	2.96
379.377	2.94
379.744	3
380.11	3.02
380.477	3.03
380.844	3.01
381.21	2.97
381.577	2.95
381.944	2.91
382.31	2.97
382.677	3.03
383.043	3.02
383.409	3.05
383.776	3.04
384.142	3.02
384.508	3.01
384.875	3.01
385.241	3.06
385.607	3.08
385.973	3.13
386.339	3.12
386.705	3.11
387.071	3.11
387.437	3.09
387.803	3.08
388.169	3.06
388.535	3.07
388.901	3.06
389.267	3.05
389.633	3.08
389.998	3.07
390.364	3.07
390.73	3.09
391.095	3.09
391.461	3.12
391.826	3.13
392.192	3.15
392.557	3.17
392.923	3.18
393.288	3.21
393.653	3.2
394.019	3.16
394.384	3.17
394.749	3.16
395.114	3.14
395.479	3.13
395.844	3.13
396.21	3.15
396.575	3.14
396.94	3.14
397.304	3.12
397.669	3.12
398.034	3.13
398.399	3.09
398.764	3.09
399.129	3.12
399.493	3.11
399.858	3.09
400.223	3.1
400.587	3.09
400.952	3.11
401.316	3.12
401.681	3.11
402.045	3.13
402.409	3.14
402.774	3.14
403.138	3.14
403.502	3.15
403.867	3.16
404.231	3.15
404.595	3.17
404.959	3.18
405.323	3.18
405.687	3.2
406.051	3.23
406.415	3.24
406.779	3.26
407.143	3.28
407.507	3.26
407.871	3.26
408.234	3.26
408.598	3.26
408.962	3.23
409.325	3.23
409.689	3.23
410.053	3.21
410.416	3.23
410.78	3.22
411.143	3.22
411.506	3.24
411.87	3.28
412.233	3.27
412.596	3.28
412.96	3.33
413.323	3.35
413.686	3.36
414.049	3.38
414.412	3.37
414.775	3.38
415.138	3.35
415.501	3.34
415.864	3.33
416.227	3.34
416.59	3.33
416.953	3.33
417.315	3.34
417.678	3.35
418.041	3.34
418.404	3.33
418.766	3.32
419.129	3.33
419.491	3.34
419.854	3.34
420.216	3.34
420.579	3.36
420.941	3.35
421.303	3.35
421.666	3.34
422.028	3.35
422.39	3.37
422.752	3.38
423.114	3.39
423.476	3.4
423.839	3.41
424.201	3.42
424.563	3.42
424.924	3.44
425.286	3.45
425.648	3.47
426.01	3.48
426.372	3.49
426.733	3.51
427.095	3.52
427.457	3.54
427.818	3.55
428.18	3.56
428.542	3.57
428.903	3.58
429.264	3.58
429.626	3.59
429.987	3.6
430.349	3.6
430.71	3.59
431.071	3.61
431.432	3.61
431.794	3.6
432.155	3.6
432.516	3.61
432.877	3.61
433.238	3.63
433.599	3.64
433.96	3.65
434.321	3.66
434.681	3.68
435.042	3.69
435.403	3.71
435.764	3.73
436.124	3.74
436.485	3.73
436.846	3.74
437.206	3.72
437.567	3.72
437.927	3.71
438.288	3.72
438.648	3.72
439.008	3.72
439.369	3.72
439.729	3.73
440.089	3.74
440.449	3.76
440.81	3.77
441.17	3.79
441.53	3.8
441.89	3.81
442.25	3.82
442.61	3.83
442.97	3.82
443.33	3.82
443.689	3.83
444.049	3.82
444.409	3.82
444.769	3.81
445.128	3.8
445.488	3.82
445.848	3.83
446.207	3.84
446.567	3.84
446.926	3.87
447.285	3.87
447.645	3.88
448.004	3.9
448.363	3.91
448.723	3.92
449.082	3.95
449.441	3.95
449.8	3.96
450.159	3.97
450.518	3.98
450.877	3.97
451.236	3.97
451.595	3.99
451.954	4.01
452.313	4.01
452.672	4.03
453.031	4.03
453.389	4.04
453.748	4.06
454.107	4.06
454.465	4.08
454.824	4.1
455.182	4.12
455.541	4.1
455.899	4.11
456.258	4.12
456.616	4.12
456.974	4.11
457.333	4.11
457.691	4.1
458.049	4.1
458.407	4.1
458.765	4.1
459.123	4.1
459.481	4.12
459.839	4.13
460.197	4.14
460.555	4.16
460.913	4.19
461.271	4.2
461.629	4.23
461.987	4.26
462.344	4.28
462.702	4.29
463.06	4.32
463.417	4.34
463.775	4.34
464.132	4.35
464.49	4.35
464.847	4.35
465.204	4.36
465.562	4.37
465.919	4.37
466.276	4.39
466.633	4.41
466.991	4.42
467.348	4.42
467.705	4.43
468.062	4.42
468.419	4.43
468.776	4.44
469.133	4.45
469.49	4.46
469.846	4.46
470.203	4.46
470.56	4.48
470.917	4.48
471.273	4.49
471.63	4.5
471.986	4.52
472.343	4.54
472.699	4.55
473.056	4.56
473.412	4.57
473.769	4.59
474.125	4.6
474.481	4.6
474.838	4.62
475.194	4.64
475.55	4.66
475.906	4.68
476.262	4.69
476.618	4.69
476.974	4.71
477.33	4.72
477.686	4.74
478.042	4.75
478.398	4.77
478.753	4.78
479.109	4.78
479.465	4.78
479.821	4.78
480.176	4.78
480.532	4.78
480.887	4.78
481.243	4.77
481.598	4.77
481.954	4.83
482.309	4.87
482.664	4.85
483.02	4.86
483.375	4.87
483.73	4.88
484.085	4.89
484.44	4.89
484.795	4.9
485.15	4.91
485.505	4.92
485.86	4.9
486.215	4.89
486.57	4.93
486.925	4.94
487.28	4.95
487.634	4.96
487.989	4.97
488.344	4.99
488.698	5
489.053	5.02
489.407	5.04
489.762	5.05
490.116	5.06
490.471	5.07
490.825	5.09
491.179	5.1
491.534	5.11
491.888	5.13
492.242	5.13
492.596	5.15
492.95	5.18
493.304	5.2
493.658	5.24
494.012	5.26
494.366	5.28
494.72	5.28
495.074	5.27
495.428	5.28
495.782	5.29
496.135	5.31
496.489	5.32
496.843	5.34
497.196	5.35
497.55	5.35
497.903	5.37
498.257	5.4
498.61	5.42
498.963	5.46
499.317	5.48
499.67	5.5
500.023	5.52
500.376	5.54
500.73	5.56
501.083	5.59
501.436	5.62
501.789	5.64
502.142	5.66
502.495	5.67
502.848	5.69
503.201	5.69
503.553	5.71
503.906	5.72
504.259	5.73
504.612	5.74
504.964	5.76
505.317	5.75
505.669	5.76
506.022	5.78
506.374	5.8
506.727	5.81
507.079	5.84
507.432	5.85
507.784	5.87
508.136	5.89
508.488	5.91
508.841	5.93
509.193	5.95
509.545	5.96
509.897	5.99
510.249	6
510.601	6.03
510.953	6.05
511.305	6.08
511.656	6.1
512.008	6.12
512.36	6.14
512.712	6.15
513.063	6.18
513.415	6.22
513.766	6.24
514.118	6.27
514.469	6.3
514.821	6.31
515.172	6.33
515.524	6.36
515.875	6.36
516.226	6.38
516.577	6.39
516.929	6.4
517.28	6.4
517.631	6.42
517.982	6.43
518.333	6.45
518.684	6.46
519.035	6.47
519.386	6.48
519.737	6.51
520.087	6.53
520.438	6.56
520.789	6.6
521.139	6.64
521.49	6.67
521.841	6.7
522.191	6.72
522.542	6.75
522.892	6.76
523.243	6.78
523.593	6.78
523.943	6.79
524.293	6.79
524.644	6.81
524.994	6.83
525.344	6.84
525.694	6.86
526.044	6.88
526.394	6.91
526.744	6.94
527.094	6.97
527.444	7.01
527.794	7.05
528.144	7.08
528.493	7.11
528.843	7.12
529.193	7.14
529.542	7.16
529.892	7.19
530.241	7.22
530.591	7.25
530.94	7.27
531.29	7.29
531.639	7.31
531.988	7.33
532.338	7.35
532.687	7.39
533.036	7.41
533.385	7.43
533.734	7.45
534.083	7.47
534.432	7.49
534.781	7.54
535.13	7.58
535.479	7.62
535.828	7.65
536.177	7.68
536.525	7.7
536.874	7.72
537.223	7.76
537.571	7.79
537.92	7.82
538.268	7.85
538.617	7.88
538.965	7.9
539.314	7.92
539.662	7.94
540.01	7.97
540.359	8.01
540.707	8.03
541.055	8.05
541.403	8.07
541.751	8.09
542.099	8.12
542.447	8.15
542.795	8.2
543.143	8.25
543.491	8.31
543.839	8.35
544.187	8.38
544.534	8.41
544.882	8.45
545.23	8.49
545.577	8.51
545.925	8.54
546.272	8.58
546.62	8.6
546.967	8.63
547.314	8.67
547.662	8.7
548.009	8.73
548.356	8.8
548.704	8.84
549.051	8.9
549.398	8.96
549.745	9.01
550.092	9.01
550.439	9.04
550.786	9.06
551.133	9.08
551.479	9.11
551.826	9.13
552.173	9.15
552.52	9.18
552.866	9.19
553.213	9.23
553.56	9.26
553.906	9.31
554.253	9.35
554.599	9.38
554.945	9.41
555.292	9.46
555.638	9.51
555.984	9.55
556.331	9.61
556.677	9.66
557.023	9.71
557.369	9.73
557.715	9.76
558.061	9.81
558.407	9.87
558.753	9.91
559.099	9.95
559.444	9.98
559.79	10.01
560.136	10.01
560.482	10.03
560.827	10.07
561.173	10.11
561.518	10.17
561.864	10.2
562.209	10.23
562.555	10.27
562.9	10.3
563.245	10.33
563.591	10.37
563.936	10.42
564.281	10.45
564.626	10.49
564.971	10.51
565.316	10.52
565.661	10.57
566.006	10.6
566.351	10.63
566.696	10.66
567.041	10.7
567.386	10.75
567.73	10.78
568.075	10.85
568.42	10.9
568.764	10.94
569.109	11
569.453	11.05
569.798	11.07
570.142	11.1
570.487	11.16
570.831	11.2
571.175	11.23
571.519	11.28
571.864	11.29
572.208	11.34
572.552	11.4
572.896	11.44
573.24	11.48
573.584	11.54
573.928	11.61
574.272	11.65
574.616	11.7
574.959	11.75
575.303	11.81
575.647	11.87
575.99	11.9
576.334	11.94
576.678	11.99
577.021	12.05
577.364	12.12
577.708	12.15
578.051	12.2
578.395	12.26
578.738	12.29
579.081	12.31
579.424	12.34
579.767	12.39
580.111	12.45
580.454	12.47
580.797	12.49
581.14	12.53
581.482	12.58
581.825	12.61
582.168	12.64
582.511	12.7
582.854	12.75
583.196	12.81
583.539	12.84
583.882	12.89
584.224	12.93
584.567	12.97
584.909	13
585.252	13.04
585.594	13.11
585.936	13.14
586.279	13.19
586.621	13.23
586.963	13.26
587.305	13.32
587.647	13.36
587.989	13.4
588.331	13.46
588.673	13.53
589.015	13.57
589.357	13.61
589.699	13.66
590.041	13.71
590.382	13.74
590.724	13.78
591.066	13.84
591.407	13.87
591.749	13.93
592.09	13.97
592.432	13.99
592.773	14.05
593.114	14.11
593.456	14.15
593.797	14.2
594.138	14.23
594.479	14.28
594.821	14.29
595.162	14.31
595.503	14.32
595.844	14.36
596.185	14.41
596.525	14.46
596.866	14.49
597.207	14.52
597.548	14.55
597.889	14.6
598.229	14.63
598.57	14.67
598.91	14.74
599.251	14.81
599.592	14.84
599.932	14.91
600.272	14.96
600.613	15.02
600.953	15.04
601.293	15.09
601.633	15.12
601.974	15.16
602.314	15.21
602.654	15.25
602.994	15.28
603.334	15.31
603.674	15.32
604.014	15.35
604.353	15.38
604.693	15.44
605.033	15.47
605.373	15.52
605.712	15.57
606.052	15.61
606.391	15.67
606.731	15.75
607.07	15.8
607.41	15.85
607.749	15.88
608.088	15.91
608.428	15.95
608.767	15.99
609.106	16.05
609.445	16.1
609.784	16.15
610.123	16.18
610.462	16.22
610.801	16.29
611.14	16.36
611.479	16.43
611.818	16.51
612.157	16.56
612.495	16.63
612.834	16.66
613.173	16.72
613.511	16.76
613.85	16.82
614.188	16.86
614.527	16.9
614.865	16.96
615.203	16.99
615.542	17.04
615.88	17.12
616.218	17.14
616.556	17.19
616.894	17.24
617.233	17.33
617.571	17.39
617.908	17.44
618.246	17.51
618.584	17.54
618.922	17.61
619.26	17.65
619.598	17.69
619.935	17.76
620.273	17.8
620.611	17.87
620.948	17.9
621.286	17.96
621.623	17.97
621.96	18.02
622.298	18.06
622.635	18.06
622.972	18.09
623.31	18.12
623.647	18.15
623.984	18.19
624.321	18.2
624.658	18.21
624.995	18.23
625.332	18.28
625.669	18.33
626.006	18.37
626.342	18.42
626.679	18.47
627.016	18.51
627.352	18.55
627.689	18.62
628.026	18.67
628.362	18.77
628.699	18.83
629.035	18.91
629.371	18.95
629.708	19.03
630.044	19.11
630.38	19.19
630.716	19.25
631.052	19.31
631.388	19.34
631.725	19.4
632.06	19.42
632.396	19.48
632.732	19.55
633.068	19.6
633.404	19.66
633.74	19.71
634.075	19.72
634.411	19.77
634.747	19.82
635.082	19.89
635.418	19.94
635.753	20
636.089	20.06
636.424	20.12
636.759	20.19
637.095	20.23
637.43	20.27
637.765	20.34
638.1	20.4
638.435	20.44
638.77	20.5
639.105	20.52
639.44	20.57
639.775	20.63
640.11	20.65
640.445	20.67
640.779	20.73
641.114	20.78
641.449	20.83
641.783	20.9
642.118	20.93
642.452	20.96
642.787	21.03
643.121	21.11
643.456	21.15
643.79	21.16
644.124	21.18
644.458	21.22
644.793	21.27
645.127	21.34
645.461	21.34
645.795	21.38
646.129	21.45
646.463	21.5
646.797	21.54
647.13	21.57
647.464	21.65
647.798	21.76
648.132	21.78
648.465	21.85
648.799	21.85
649.132	21.93
649.466	22.06
649.799	22.13
650.133	22.15
650.466	22.17
650.799	22.22
651.133	22.23
651.466	22.25
651.799	22.32
652.132	22.38
652.465	22.49
652.798	22.53
653.131	22.53
653.464	22.56
653.797	22.58
654.13	22.66
654.463	22.71
654.795	22.8
655.128	22.83
655.461	22.86
655.793	22.86
656.126	22.84
656.458	22.86
656.791	22.88
657.123	22.9
657.455	22.97
657.788	23
658.12	23.02
658.452	23.05
658.784	23.07
659.116	23.14
659.448	23.18
659.78	23.26
660.112	23.34
660.444	23.41
660.776	23.49
661.108	23.57
661.44	23.62
661.771	23.7
662.103	23.74
662.435	23.83
662.766	23.85
663.098	23.9
663.429	23.95
663.761	24.01
664.092	24.04
664.423	24.05
664.755	24.11
665.086	24.1
665.417	24.14
665.748	24.18
666.079	24.23
666.41	24.31
666.741	24.38
667.072	24.41
667.403	24.43
667.734	24.55
668.065	24.59
668.395	24.65
668.726	24.73
669.057	24.8
669.387	24.91
669.718	24.93
670.048	24.93
670.379	24.98
670.709	25.01
671.039	25.11
671.37	25.14
671.7	25.22
672.03	25.24
672.36	25.3
672.69	25.34
673.02	25.37
673.35	25.49
673.68	25.62
674.01	25.67
674.34	25.76
674.67	25.76
675	25.75
675.329	25.76
675.659	25.78
675.989	25.79
676.318	25.84
676.648	25.9
676.977	25.95
677.307	25.94
677.636	25.97
677.965	26.05
678.295	26.12
678.624	26.2
678.953	26.28
679.282	26.34
679.611	26.43
679.94	26.46
680.269	26.51
680.598	26.57
680.927	26.67
681.256	26.74
681.584	26.75
681.913	26.8
682.242	26.87
682.57	26.94
682.899	27.02
683.228	27.1
683.556	27.22
683.884	27.26
684.213	27.29
684.541	27.28
684.869	27.33
685.198	27.36
685.526	27.38
685.854	27.43
686.182	27.44
686.51	27.49
686.838	27.5
687.166	27.54
687.494	27.58
687.822	27.65
688.149	27.71
688.477	27.78
688.805	27.83
689.133	27.91
689.46	27.99
689.788	28.05
690.115	28.12
690.443	28.18
690.77	28.23
691.097	28.24
691.425	28.28
691.752	28.34
692.079	28.36
692.406	28.48
692.733	28.51
693.06	28.52
693.387	28.57
693.714	28.59
694.041	28.65
694.368	28.68
694.695	28.71
695.021	28.75
695.348	28.75
695.675	28.78
696.001	28.78
696.328	28.81
696.654	28.83
696.981	28.86
697.307	28.92
697.634	28.93
697.96	28.97
698.286	29.06
698.612	29.07
698.938	29.16
699.264	29.23
699.591	29.28
699.917	29.35
700.242	29.39
700.568	29.48
700.894	29.53
701.22	29.62
701.546	29.67
701.871	29.73
702.197	29.87
702.523	29.85
702.848	29.87
703.174	29.91
703.499	29.9
703.824	30.07
704.15	30.09
704.475	30.1
704.8	30.21
705.125	30.29
705.451	30.34
705.776	30.37
706.101	30.37
706.426	30.42
706.751	30.51
707.076	30.64
707.4	30.59
707.725	30.61
708.05	30.67
708.375	30.69
708.699	30.67
709.024	30.81
709.348	30.85
709.673	30.94
709.997	30.98
710.322	30.99
710.646	31.04
710.97	31.07
711.294	31.26
711.619	31.31
711.943	31.37
712.267	31.45
712.591	31.36
712.915	31.39
713.239	31.43
713.563	31.52
713.886	31.59
714.21	31.6
714.534	31.69
714.858	31.58
715.181	31.58
715.505	31.69
715.828	31.7
716.152	31.8
716.475	31.81
716.799	31.87
717.122	31.9
717.445	31.89
717.768	32.01
718.092	32.04
718.415	32.15
718.738	32.24
719.061	32.17
719.384	32.31
719.707	32.35
720.03	32.5
720.352	32.6
720.675	32.68
720.998	32.81
721.32	32.78
721.643	32.83
721.966	32.93
722.288	33.05
722.611	33.19
722.933	33.19
723.255	33.29
723.578	33.41
723.9	33.46
724.222	33.53
724.544	33.56
724.866	33.57
725.188	33.64
725.51	33.68
725.832	33.73
726.154	33.7
726.476	33.74
726.798	33.71
727.12	33.62
727.441	33.64
727.763	33.67
728.085	33.69
728.406	33.69
728.728	33.71
729.049	33.75
729.37	33.85
729.692	34
730.013	34.1
730.334	34.21
730.655	34.32
730.977	34.4
731.298	34.4
731.619	34.51
731.94	34.68
732.261	34.78
732.581	34.86
732.902	34.84
733.223	34.83
733.544	34.87
733.864	34.85
734.185	34.82
734.506	34.87
734.826	34.98
735.146	35.04
735.467	35.11
735.787	35.07
736.108	35.14
736.428	35.25
736.748	35.45
737.068	35.45
737.388	35.55
737.708	35.73
738.028	35.78
738.348	35.82
738.668	35.85
738.988	35.94
739.308	36.05
739.628	36.07
739.947	36.08
740.267	36.03
740.586	36.03
740.906	36.08
741.225	36.25
741.545	36.34
741.864	36.35
742.184	36.42
742.503	36.3
742.822	36.39
743.141	36.45
743.46	36.56
743.779	36.68
744.098	36.79
744.417	36.83
744.736	36.7
745.055	36.72
745.374	36.82
745.693	36.81
746.011	36.92
746.33	37
746.649	36.94
746.967	36.8
747.286	36.77
747.604	36.89
747.923	36.97
748.241	37.03
748.559	37.14
748.877	37.12
749.196	37.12
749.514	37.19
749.832	37.12
750.15	37.29
750.468	37.4
750.786	37.45
751.104	37.6
751.422	37.55
751.739	37.57
752.057	37.53
752.375	37.62
752.692	37.69
753.01	37.64
753.327	37.69
753.645	37.61
753.962	37.6
754.28	37.68
754.597	37.57
754.914	37.58
755.231	37.7
755.548	37.63
755.866	37.7
756.183	37.86
756.5	37.95
756.816	38.03
757.133	38.14
757.45	38.35
757.767	38.26
758.084	38.23
758.4	38.46
758.717	38.5
759.034	38.55
759.35	38.66
759.667	38.52
759.983	38.57
760.299	38.66
760.616	38.75
760.932	38.72
761.248	38.85
761.564	39.01
761.88	38.94
762.196	38.96
762.512	39.16
762.828	39.17
763.144	39.36
763.46	39.43
763.776	39.46
764.092	39.47
764.407	39.5
764.723	39.58
765.038	39.62
765.354	39.7
765.669	39.77
765.985	39.85
766.3	39.86
766.616	39.8
766.931	39.95
767.246	39.95
767.561	39.88
767.876	39.99
768.191	39.91
768.506	39.8
768.821	39.97
769.136	40.04
769.451	40.03
769.766	40.17
770.08	40.26
770.395	40.1
770.71	40.22
771.024	40.45
771.339	40.33
771.653	40.3
771.968	40.54
772.282	40.36
772.596	40.46
772.911	40.42
773.225	40.51
773.539	40.56
773.853	40.47
774.167	40.48
774.481	40.43
774.795	40.56
775.109	40.89
775.423	40.79
775.737	40.85
776.05	40.65
776.364	40.57
776.678	40.44
776.991	40.55
777.305	40.83
777.618	40.97
777.931	41.1
778.245	41.17
778.558	41.04
778.871	40.92
779.185	40.98
779.498	41.02
779.811	41.11
780.124	41.36
780.437	41.57
780.75	41.6
781.063	41.3
781.375	41.25
781.688	41.09
782.001	41
782.314	41.05
782.626	41.1
782.939	41.31
783.251	41.28
783.564	40.95
783.876	40.71
784.188	40.63
784.501	40.8
784.813	40.78
785.125	41.08
785.437	41.38
785.749	41.55
786.061	41.58
786.373	41.43
786.685	41.58
786.997	41.59
787.309	41.72
787.621	41.93
787.932	42
788.244	42.05
788.556	42.06
788.867	42.13
789.179	42.12
789.49	42.2
789.801	42.28
790.113	42.32
790.424	42.54
790.735	42.51
791.046	42.64
791.358	42.71
791.669	42.81
791.98	42.86
792.291	42.89
792.601	43.16
792.912	43.18
793.223	43.21
793.534	43.21
793.845	43.11
794.155	43.14
794.466	43.17
794.776	43.17
795.087	43.05
795.397	42.98
795.707	42.6
796.018	42.56
796.328	42.64
796.638	42.75
796.948	42.66
797.258	42.81
797.569	42.87
797.879	42.83
798.188	42.97
798.498	43.16
798.808	43.2
799.118	43.57
799.428	43.7
799.737	43.65
800.047	43.68
800.356	43.89
800.666	43.97
800.975	43.95
801.285	43.94
801.594	43.74
801.903	43.6
802.213	43.69
802.522	43.71
802.831	43.64
803.14	43.59
803.449	43.77
803.758	43.49
804.067	43.57
804.376	43.69
804.684	43.53
804.993	43.79
805.302	43.87
805.611	43.86
805.919	43.85
806.228	43.94
806.536	44.16
806.845	43.97
807.153	44.22
807.461	44.13
807.769	44.02
808.078	43.94
808.386	43.96
808.694	44.2
809.002	44.22
809.31	44.41
809.618	44.33
809.926	44.45
810.233	44.7
810.541	44.94
810.849	45.01
811.157	45.26
811.464	45.62
811.772	45.79
812.079	45.88
812.387	46.05
812.694	46.03
813.001	46.33
813.309	46.23
813.616	46.06
813.923	45.97
814.23	46.09
814.537	45.81
814.844	45.82
815.151	45.43
815.458	45.1
815.765	44.94
816.072	44.75
816.378	44.74
816.685	44.53
816.992	44.53
817.298	44.67
817.605	44.83
817.911	44.99
818.218	45.19
818.524	45.6
818.83	45.71
819.136	45.79
819.443	46
819.749	45.66
820.055	45.72
820.361	45.85
820.667	45.89
820.973	45.82
821.279	45.93
821.584	45.97
821.89	46.1
822.196	46.2
822.501	46.28
822.807	46.29
823.113	46.39
823.418	46.52
823.723	46.59
824.029	46.66
824.334	46.79
824.639	46.91
824.944	47.03
825.25	47.04
825.555	47.22
825.86	47.38
826.165	47.55
826.47	47.61
826.774	47.63
827.079	47.63
827.384	47.55
827.689	47.54
827.993	47.53
828.298	47.61
828.602	47.76
828.907	47.66
829.211	47.66
829.516	47.62
829.82	47.67
830.124	47.62
830.429	47.7
830.733	48.04
831.037	48.09
831.341	48.14
831.645	48.03
831.949	47.85
832.253	48.02
832.556	47.94
832.86	47.9
833.164	47.87
833.467	47.79
833.771	47.91
834.075	47.78
834.378	47.66
834.682	47.86
834.985	48.15
835.288	48.31
835.591	48.38
835.895	48.48
836.198	48.44
836.501	48.65
836.804	48.75
837.107	48.82
837.41	48.85
837.713	49.18
838.016	49.03
838.318	48.75
838.621	48.69
838.924	48.17
839.226	48.11
839.529	48.49
839.831	48.32
840.134	48.55
840.436	48.12
840.738	48.29
841.041	48.24
841.343	48.18
841.645	48.18
841.947	48.29
842.249	48.87
842.551	48.62
842.853	48.81
843.155	48.91
843.457	48.95
843.758	49.4
844.06	49.19
844.362	49.55
844.663	49.86
844.965	49.61
845.266	48.93
845.568	48.5
845.869	49.39
846.17	48.86
846.472	49.47
846.773	49.28
847.074	49.32
847.375	50.27
847.676	49.25
847.977	49.69
848.278	49.95
848.579	50.35
848.88	50.78
849.181	50.7
849.481	51.28
849.782	51.3
850.082	50.99
850.383	50.38
850.683	49.41
850.984	50.02
851.284	49.25
851.585	48.93
851.885	48.82
852.185	48.08
852.485	47.74
852.785	46.62
853.085	46.15
853.385	47.23
853.685	47.38
853.985	48.1
854.285	48.46
854.584	48.78
854.884	49.56
855.184	50.18
855.483	51.05
855.783	51.02
856.082	52.05
856.382	51.84
856.681	51.9
856.98	52.2
857.28	52.11
857.579	52.2
857.878	52.19
858.177	52.05
858.476	52.07
858.775	52.07
859.074	51.89
859.373	52.2
859.671	52.4
859.97	51.93
860.269	52.28
860.567	51.77
860.866	51.49
861.165	50.95
861.463	50.7
861.761	50.45
862.06	49.87
862.358	49.88
862.656	49.62
862.954	49.9
863.252	49.33
863.551	48.53
863.849	48.75
864.146	49.04
864.444	49.47
864.742	49.81
865.04	50.1
865.338	50.33
865.635	50.2
865.933	50.17
866.23	50.08
866.528	50.32
866.825	51.13
867.123	51.59
867.42	50.17
867.717	50.07
868.014	49.12
868.312	49.24
868.609	49.42
868.906	48.92
869.203	48.46
869.5	48.01
869.796	48.41
870.093	48.38
870.39	47.9
870.687	48.04
870.983	48.07
871.28	48.1
871.576	47.58
871.873	47.4
872.169	48.07
872.466	48.41
872.762	48.61
873.058	48.72
873.354	49.13
873.65	49.06
873.947	50.44
874.243	50.48
874.538	51.18
874.834	51.4
875.13	51.51
875.426	51.89
875.722	52.88
876.017	53.07
876.313	53.76
876.608	53.84
876.904	54.46
877.199	53.88
877.495	53.84
877.79	53.71
878.085	53.22
878.381	53.24
878.676	52.79
878.971	51.51
879.266	51.84
879.561	52.15
879.856	51.82
880.151	51.85
880.445	52.26
880.74	52.45
881.035	52.49
881.329	52.77
881.624	52.96
881.919	53.19
882.213	53.61
