177.169	-67.57
177.554	13.62
177.94	88.57
178.326	-21.05
178.711	452.63
179.097	-32.04
179.482	82.55
179.868	239.25
180.253	-41.99
180.639	-22.18
181.024	12.09
181.409	41.29
181.795	13.62
182.18	53.48
182.565	44.08
182.95	0.64
183.336	56.46
183.721	75.55
184.106	60.11
184.491	121.11
184.876	-1643.64
185.261	-1904.11
185.646	-570.03
186.031	-218.84
186.416	-94.57
186.801	-93.42
187.186	-72.85
187.57	-28.26
187.955	-13.03
188.34	-20.51
188.725	-15.99
189.11	-8.45
189.494	-13.36
189.879	1.08
190.263	-5.02
190.648	7.85
191.033	15.99
191.417	14.06
191.802	6.2
192.186	-2.1
192.57	1.92
192.955	6.49
193.339	-2.75
193.723	-0.99
194.108	-12.31
194.492	-2.89
194.876	-18.59
195.26	-38.82
195.645	-41.82
196.029	-32.46
196.413	-20.35
196.797	-23.13
197.181	-22.62
197.565	-17.79
197.949	-14.54
198.333	-9.74
198.717	-8.55
199.101	-9.93
199.484	1.29
199.868	-0.04
200.252	-4.5
200.636	-14.39
201.019	-6.89
201.403	-8.08
201.787	-14.65
202.17	-12.81
202.554	-20.22
202.937	-24.4
203.321	-19.59
203.704	-22.9
204.088	-13.22
204.471	-10.14
204.855	-4.7
205.238	-12.07
205.621	-17.95
206.005	-7.83
206.388	-7.63
206.771	3.74
207.154	6.27
207.537	8.27
207.921	13.06
208.304	4.65
208.687	0.64
209.07	-7.79
209.453	-9.43
209.836	-7.72
210.219	-18.36
210.601	-32.87
210.984	-44.18
211.367	-46.26
211.75	-59.74
212.133	-62.74
212.515	-41.63
212.898	-40.05
213.281	-41.35
213.663	-36.3
214.046	-36.08
214.428	-32.56
214.811	-33.85
215.193	-33.6
215.576	-42.47
215.958	-25.35
216.341	-22.9
216.723	-23.98
217.105	-29.41
217.488	-16.25
217.87	-14.3
218.252	-12.47
218.634	-16.55
219.017	-6.47
219.399	-5.84
219.781	0.77
220.163	-7.07
220.545	-10.81
220.927	-22.94
221.309	-19.31
221.691	-24.99
222.073	-23.92
222.455	-22.26
222.836	-21.58
223.218	-24.78
223.6	-20.92
223.982	-20.68
224.363	-20.25
224.745	-16.28
225.127	-9.75
225.508	-7.25
225.89	-4.34
226.271	-7.09
226.653	-12.22
227.034	-12.8
227.416	-7.97
227.797	-11.16
228.178	-12.08
228.56	-9.45
228.941	-17.87
229.322	-15.8
229.704	-19.45
230.085	-19.47
230.466	-23.24
230.847	-21.12
231.228	-21.18
231.609	-23.09
231.99	-21.19
232.371	-18.89
232.752	-19.65
233.133	-15.42
233.514	-12.57
233.895	-9.77
234.276	-6.78
234.657	-2.56
235.037	-0.63
235.418	1.16
235.799	-1.2
236.179	-2.35
236.56	-3.12
236.941	-2.46
237.321	-1.72
237.702	-0.41
238.082	1.35
238.463	0.48
238.843	1.11
239.223	0.41
239.604	-0.42
239.984	0.46
240.364	1.14
240.745	1.87
241.125	1.96
241.505	1.96
241.885	1.84
242.265	1.54
242.645	1.33
243.025	1.19
243.405	1.18
243.785	1.18
244.165	1.69
244.545	1.56
244.925	1.46
245.305	1.37
245.685	1.5
246.065	1.34
246.444	1.34
246.824	1.42
247.204	1.42
247.583	1.56
247.963	1.68
248.343	1.5
248.722	1.46
249.102	1.62
249.481	1.58
249.861	1.63
250.24	1.81
250.619	1.84
250.999	1.89
251.378	1.84
251.757	1.5
252.136	1.4
252.516	1.15
252.895	1.28
253.274	1.01
253.653	1.2
254.032	0.89
254.411	0.59
254.79	0.67
255.169	0.51
255.548	0.63
255.927	0.86
256.306	1
256.685	1.29
257.063	1.2
257.442	1.21
257.821	1.19
258.199	1.23
258.578	1.29
258.957	1.32
259.335	1.45
259.714	1.43
260.092	1.42
260.471	1.41
260.849	1.42
261.228	1.35
261.606	1.42
261.984	1.5
262.363	1.69
262.741	1.76
263.119	1.52
263.497	1.25
263.876	1.2
264.254	1.34
264.632	1.37
265.01	1.44
265.388	1.51
265.766	1.36
266.144	1.18
266.522	1.1
266.9	0.98
267.278	1.04
267.655	1.01
268.033	0.95
268.411	0.85
268.789	0.76
269.166	0.72
269.544	0.77
269.922	0.71
270.299	0.78
270.677	0.83
271.054	0.96
271.432	0.96
271.809	1.05
272.186	1.07
272.564	1.17
272.941	1.16
273.318	1.01
273.696	1.03
274.073	1.17
274.45	1.15
274.827	1.14
275.204	1.01
275.582	1.15
275.959	1.01
276.336	1.04
276.713	1.08
277.09	1.19
277.466	1.28
277.843	1.22
278.22	1.21
278.597	1.22
278.974	1.19
279.35	1.35
279.727	1.23
280.104	1.28
280.48	1.35
280.857	1.2
281.234	1.16
281.61	1.12
281.987	1.01
282.363	1.04
282.74	1.01
283.116	0.92
283.492	0.86
283.869	0.81
284.245	0.83
284.621	0.79
284.997	0.78
285.373	0.77
285.75	0.82
286.126	0.95
286.502	0.91
286.878	1.01
287.254	1.09
287.63	1.08
288.006	1.2
288.382	1.22
288.757	1.27
289.133	1.33
289.509	1.42
289.885	1.43
290.26	1.42
290.636	1.41
291.012	1.34
291.387	1.36
291.763	1.44
292.139	1.44
292.514	1.44
292.889	1.38
293.265	1.4
293.64	1.38
294.016	1.4
294.391	1.4
294.766	1.38
295.142	1.39
295.517	1.33
295.892	1.27
296.267	1.27
296.642	1.27
297.017	1.28
297.392	1.27
297.767	1.22
298.142	1.16
298.517	1.12
298.892	1.17
299.267	1.2
299.642	1.31
300.017	1.37
300.391	1.35
300.766	1.39
301.141	1.43
301.515	1.39
301.89	1.34
302.265	1.43
302.639	1.43
303.014	1.45
303.388	1.53
303.762	1.43
304.137	1.42
304.511	1.36
304.886	1.33
305.26	1.37
305.634	1.48
306.008	1.56
306.382	1.55
306.757	1.62
307.131	1.59
307.505	1.37
307.879	1.34
308.253	1.41
308.627	1.46
309.001	1.52
309.375	1.45
309.748	1.33
310.122	1.33
310.496	1.36
310.87	1.37
311.243	1.3
311.617	1.39
311.991	1.46
312.364	1.39
312.738	1.37
313.111	1.35
313.485	1.41
313.858	1.48
314.232	1.45
314.605	1.39
314.979	1.36
315.352	1.39
315.725	1.33
316.098	1.25
316.472	1.28
316.845	1.3
317.218	1.25
317.591	1.28
317.964	1.3
318.337	1.32
318.71	1.35
319.083	1.43
319.456	1.41
319.829	1.45
320.202	1.5
320.574	1.41
320.947	1.42
321.32	1.37
321.693	1.37
322.065	1.35
322.438	1.4
322.81	1.37
323.183	1.36
323.555	1.41
323.928	1.44
324.3	1.5
324.673	1.55
325.045	1.52
325.417	1.58
325.79	1.56
326.162	1.55
326.534	1.52
326.906	1.49
327.278	1.47
327.651	1.41
328.023	1.36
328.395	1.29
328.767	1.28
329.139	1.28
329.511	1.24
329.882	1.16
330.254	1.16
330.626	1.2
330.998	1.28
331.37	1.29
331.741	1.34
332.113	1.27
332.485	1.29
332.856	1.3
333.228	1.37
333.599	1.42
333.971	1.52
334.342	1.53
334.714	1.53
335.085	1.53
335.456	1.51
335.828	1.5
336.199	1.63
336.57	1.66
336.941	1.7
337.312	1.64
337.683	1.65
338.054	1.62
338.426	1.68
338.797	1.6
339.167	1.63
339.538	1.6
339.909	1.63
340.28	1.6
340.651	1.61
341.022	1.63
341.392	1.71
341.763	1.68
342.134	1.65
342.504	1.61
342.875	1.64
343.246	1.59
343.616	1.62
343.987	1.57
344.357	1.49
344.727	1.42
345.098	1.41
345.468	1.33
345.838	1.33
346.209	1.33
346.579	1.31
346.949	1.34
347.319	1.36
347.689	1.34
348.059	1.4
348.429	1.45
348.799	1.54
349.169	1.54
349.539	1.53
349.909	1.5
350.279	1.57
350.649	1.61
351.018	1.62
351.388	1.65
351.758	1.66
352.128	1.59
352.497	1.6
352.867	1.52
353.236	1.49
353.606	1.52
353.975	1.53
354.345	1.5
354.714	1.52
355.083	1.47
355.453	1.46
355.822	1.47
356.191	1.52
356.56	1.55
356.93	1.57
357.299	1.58
357.668	1.57
358.037	1.59
358.406	1.6
358.775	1.59
359.144	1.62
359.513	1.61
359.882	1.6
360.25	1.57
360.619	1.54
360.988	1.56
361.357	1.57
361.725	1.58
362.094	1.59
362.463	1.56
362.831	1.53
363.2	1.53
363.568	1.54
363.937	1.57
364.305	1.6
364.673	1.61
365.042	1.64
365.41	1.64
365.778	1.67
366.146	1.65
366.515	1.67
366.883	1.74
367.251	1.71
367.619	1.72
367.987	1.7
368.355	1.65
368.723	1.65
369.091	1.6
369.459	1.59
369.826	1.58
370.194	1.57
370.562	1.57
370.93	1.53
371.297	1.55
371.665	1.58
372.033	1.57
372.4	1.6
372.768	1.62
373.135	1.65
373.503	1.64
373.87	1.63
374.237	1.66
374.605	1.67
374.972	1.65
375.339	1.65
375.707	1.59
376.074	1.59
376.441	1.59
376.808	1.59
377.175	1.58
377.542	1.56
377.909	1.57
378.276	1.55
378.643	1.54
379.01	1.57
379.377	1.54
379.744	1.59
380.11	1.62
380.477	1.66
380.844	1.65
381.21	1.66
381.577	1.67
381.944	1.66
382.31	1.68
382.677	1.7
383.043	1.7
383.409	1.71
383.776	1.71
384.142	1.67
384.508	1.65
384.875	1.69
385.241	1.68
385.607	1.69
385.973	1.7
386.339	1.73
386.705	1.71
387.071	1.7
387.437	1.69
387.803	1.67
388.169	1.67
388.535	1.66
388.901	1.6
389.267	1.61
389.633	1.62
389.998	1.63
390.364	1.63
390.73	1.62
391.095	1.61
391.461	1.62
391.826	1.62
392.192	1.63
392.557	1.66
392.923	1.67
393.288	1.69
393.653	1.67
394.019	1.63
394.384	1.63
394.749	1.64
395.114	1.62
395.479	1.64
395.844	1.65
396.21	1.67
396.575	1.64
396.94	1.65
397.304	1.63
397.669	1.62
398.034	1.61
398.399	1.58
398.764	1.59
399.129	1.6
399.493	1.58
399.858	1.56
400.223	1.56
400.587	1.57
400.952	1.54
401.316	1.53
401.681	1.56
402.045	1.58
402.409	1.58
402.774	1.58
403.138	1.6
403.502	1.6
403.867	1.61
404.231	1.58
404.595	1.58
404.959	1.59
405.323	1.6
405.687	1.59
406.051	1.61
406.415	1.62
406.779	1.64
407.143	1.64
407.507	1.63
407.871	1.62
408.234	1.63
408.598	1.63
408.962	1.62
409.325	1.62
409.689	1.63
410.053	1.6
410.416	1.59
410.78	1.57
411.143	1.56
411.506	1.57
411.87	1.6
412.233	1.6
412.596	1.59
412.96	1.58
413.323	1.59
413.686	1.59
414.049	1.6
414.412	1.6
414.775	1.61
415.138	1.62
415.501	1.61
415.864	1.59
416.227	1.59
416.59	1.6
416.953	1.61
417.315	1.61
417.678	1.6
418.041	1.6
418.404	1.6
418.766	1.58
419.129	1.57
419.491	1.57
419.854	1.57
420.216	1.56
420.579	1.56
420.941	1.56
421.303	1.56
421.666	1.56
422.028	1.55
422.39	1.56
422.752	1.56
423.114	1.56
423.476	1.56
423.839	1.55
424.201	1.55
424.563	1.54
424.924	1.55
425.286	1.56
425.648	1.56
426.01	1.56
426.372	1.56
426.733	1.57
427.095	1.57
427.457	1.58
427.818	1.59
428.18	1.6
428.542	1.61
428.903	1.6
429.264	1.59
429.626	1.6
429.987	1.59
430.349	1.58
430.71	1.57
431.071	1.58
431.432	1.58
431.794	1.56
432.155	1.56
432.516	1.56
432.877	1.57
433.238	1.57
433.599	1.57
433.96	1.58
434.321	1.59
434.681	1.59
435.042	1.59
435.403	1.6
435.764	1.62
436.124	1.62
436.485	1.63
436.846	1.61
437.206	1.61
437.567	1.61
437.927	1.6
438.288	1.59
438.648	1.58
439.008	1.57
439.369	1.56
439.729	1.56
440.089	1.56
440.449	1.56
440.81	1.56
441.17	1.58
441.53	1.58
441.89	1.59
442.25	1.6
442.61	1.62
442.97	1.61
443.33	1.61
443.689	1.62
444.049	1.61
444.409	1.6
444.769	1.59
445.128	1.58
445.488	1.58
445.848	1.57
446.207	1.57
446.567	1.56
446.926	1.57
447.285	1.57
447.645	1.57
448.004	1.58
448.363	1.58
448.723	1.6
449.082	1.6
449.441	1.62
449.8	1.63
450.159	1.65
450.518	1.66
450.877	1.66
451.236	1.65
451.595	1.66
451.954	1.66
452.313	1.66
452.672	1.67
453.031	1.67
453.389	1.66
453.748	1.66
454.107	1.62
454.465	1.62
454.824	1.63
455.182	1.63
455.541	1.62
455.899	1.62
456.258	1.63
456.616	1.63
456.974	1.62
457.333	1.63
457.691	1.63
458.049	1.62
458.407	1.61
458.765	1.62
459.123	1.62
459.481	1.63
459.839	1.62
460.197	1.62
460.555	1.63
460.913	1.63
461.271	1.64
461.629	1.63
461.987	1.66
462.344	1.67
462.702	1.67
463.06	1.67
463.417	1.68
463.775	1.69
464.132	1.68
464.49	1.69
464.847	1.69
465.204	1.69
465.562	1.7
465.919	1.68
466.276	1.7
466.633	1.71
466.991	1.71
467.348	1.7
467.705	1.7
468.062	1.69
468.419	1.68
468.776	1.67
469.133	1.68
469.49	1.68
469.846	1.69
470.203	1.67
470.56	1.68
470.917	1.68
471.273	1.68
471.63	1.68
471.986	1.69
472.343	1.7
472.699	1.71
473.056	1.71
473.412	1.72
473.769	1.72
474.125	1.73
474.481	1.72
474.838	1.72
475.194	1.74
475.55	1.75
475.906	1.75
476.262	1.74
476.618	1.72
476.974	1.73
477.33	1.72
477.686	1.71
478.042	1.71
478.398	1.71
478.753	1.72
479.109	1.72
479.465	1.72
479.821	1.72
480.176	1.73
480.532	1.74
480.887	1.74
481.243	1.73
481.598	1.72
481.954	1.7
482.309	1.69
482.664	1.67
483.02	1.66
483.375	1.65
483.73	1.65
484.085	1.65
484.44	1.64
484.795	1.64
485.15	1.63
485.505	1.63
485.86	1.63
486.215	1.63
486.57	1.63
486.925	1.63
487.28	1.63
487.634	1.63
487.989	1.64
488.344	1.64
488.698	1.64
489.053	1.65
489.407	1.65
489.762	1.64
490.116	1.65
490.471	1.65
490.825	1.65
491.179	1.66
491.534	1.66
491.888	1.66
492.242	1.66
492.596	1.66
492.95	1.66
493.304	1.67
493.658	1.69
494.012	1.7
494.366	1.7
494.72	1.7
495.074	1.67
495.428	1.66
495.782	1.66
496.135	1.66
496.489	1.65
496.843	1.65
497.196	1.65
497.55	1.63
497.903	1.63
498.257	1.64
498.61	1.65
498.963	1.68
499.317	1.69
499.67	1.68
500.023	1.68
500.376	1.68
500.73	1.68
501.083	1.7
501.436	1.71
501.789	1.72
502.142	1.72
502.495	1.72
502.848	1.72
503.201	1.72
503.553	1.72
503.906	1.73
504.259	1.73
504.612	1.74
504.964	1.74
505.317	1.73
505.669	1.73
506.022	1.74
506.374	1.73
506.727	1.74
507.079	1.75
507.432	1.75
507.784	1.74
508.136	1.74
508.488	1.74
508.841	1.74
509.193	1.74
509.545	1.73
509.897	1.74
510.249	1.74
510.601	1.73
510.953	1.73
511.305	1.74
511.656	1.75
512.008	1.76
512.36	1.76
512.712	1.76
513.063	1.76
513.415	1.77
513.766	1.77
514.118	1.77
514.469	1.78
514.821	1.78
515.172	1.76
515.524	1.77
515.875	1.76
516.226	1.75
516.577	1.75
516.929	1.74
517.28	1.73
517.631	1.73
517.982	1.73
518.333	1.72
518.684	1.72
519.035	1.73
519.386	1.71
519.737	1.72
520.087	1.73
520.438	1.74
520.789	1.74
521.139	1.75
521.49	1.76
521.841	1.76
522.191	1.77
522.542	1.77
522.892	1.76
523.243	1.77
523.593	1.76
523.943	1.74
524.293	1.72
524.644	1.73
524.994	1.73
525.344	1.73
525.694	1.73
526.044	1.73
526.394	1.72
526.744	1.71
527.094	1.71
527.444	1.7
527.794	1.71
528.144	1.71
528.493	1.71
528.843	1.71
529.193	1.71
529.542	1.72
529.892	1.72
530.241	1.72
530.591	1.74
530.94	1.74
531.29	1.75
531.639	1.75
531.988	1.75
532.338	1.75
532.687	1.76
533.036	1.75
533.385	1.75
533.734	1.75
534.083	1.74
534.432	1.75
534.781	1.75
535.13	1.75
535.479	1.76
535.828	1.76
536.177	1.76
536.525	1.77
536.874	1.78
537.223	1.79
537.571	1.79
537.92	1.79
538.268	1.79
538.617	1.8
538.965	1.8
539.314	1.8
539.662	1.79
540.01	1.78
540.359	1.77
540.707	1.77
541.055	1.76
541.403	1.75
541.751	1.76
542.099	1.76
542.447	1.76
542.795	1.76
543.143	1.76
543.491	1.78
543.839	1.79
544.187	1.79
544.534	1.79
544.882	1.79
545.23	1.79
545.577	1.79
545.925	1.78
546.272	1.78
546.62	1.78
546.967	1.79
547.314	1.79
547.662	1.79
548.009	1.8
548.356	1.82
548.704	1.83
549.051	1.84
549.398	1.87
549.745	1.88
550.092	1.89
550.439	1.9
550.786	1.87
551.133	1.85
551.479	1.85
551.826	1.83
552.173	1.83
552.52	1.83
552.866	1.84
553.213	1.82
553.56	1.82
553.906	1.82
554.253	1.82
554.599	1.84
554.945	1.84
555.292	1.83
555.638	1.86
555.984	1.87
556.331	1.89
556.677	1.88
557.023	1.9
557.369	1.9
557.715	1.9
558.061	1.9
558.407	1.91
558.753	1.89
559.099	1.91
559.444	1.9
559.79	1.9
560.136	1.9
560.482	1.9
560.827	1.9
561.173	1.91
561.518	1.91
561.864	1.9
562.209	1.9
562.555	1.93
562.9	1.92
563.245	1.92
563.591	1.91
563.936	1.89
564.281	1.89
564.626	1.89
564.971	1.87
565.316	1.86
565.661	1.87
566.006	1.86
566.351	1.86
566.696	1.85
567.041	1.86
567.386	1.88
567.73	1.88
568.075	1.89
568.42	1.9
568.764	1.9
569.109	1.91
569.453	1.92
569.798	1.92
570.142	1.92
570.487	1.92
570.831	1.91
571.175	1.91
571.519	1.9
571.864	1.89
572.208	1.89
572.552	1.89
572.896	1.89
573.24	1.88
573.584	1.88
573.928	1.89
574.272	1.9
574.616	1.91
574.959	1.89
575.303	1.91
575.647	1.91
575.99	1.92
576.334	1.93
576.678	1.94
577.021	1.94
577.364	1.94
577.708	1.95
578.051	1.96
578.395	1.94
578.738	1.96
579.081	1.97
579.424	1.96
579.767	1.96
580.111	1.97
580.454	1.97
580.797	1.98
581.14	1.99
581.482	1.98
581.825	1.96
582.168	1.98
582.511	1.98
582.854	1.95
583.196	1.95
583.539	1.94
583.882	1.94
584.224	1.93
584.567	1.92
584.909	1.91
585.252	1.91
585.594	1.91
585.936	1.9
586.279	1.9
586.621	1.91
586.963	1.92
587.305	1.92
587.647	1.91
587.989	1.9
588.331	1.9
588.673	1.89
589.015	1.89
589.357	1.9
589.699	1.91
590.041	1.92
590.382	1.91
590.724	1.91
591.066	1.93
591.407	1.93
591.749	1.95
592.09	1.97
592.432	1.97
592.773	2
593.114	1.99
593.456	1.98
593.797	1.98
594.138	1.98
594.479	1.99
594.821	1.96
595.162	1.94
595.503	1.91
595.844	1.91
596.185	1.91
596.525	1.89
596.866	1.89
597.207	1.91
597.548	1.91
597.889	1.91
598.229	1.89
598.57	1.9
598.91	1.93
599.251	1.93
599.592	1.92
599.932	1.92
600.272	1.92
600.613	1.95
600.953	1.96
601.293	1.94
601.633	1.93
601.974	1.94
602.314	1.95
602.654	1.93
602.994	1.94
603.334	1.94
603.674	1.93
604.014	1.92
604.353	1.89
604.693	1.89
605.033	1.9
605.373	1.9
605.712	1.9
606.052	1.91
606.391	1.91
606.731	1.89
607.07	1.9
607.41	1.9
607.749	1.9
608.088	1.91
608.428	1.9
608.767	1.9
609.106	1.89
609.445	1.89
609.784	1.89
610.123	1.92
610.462	1.95
610.801	1.94
611.14	1.93
611.479	1.94
611.818	1.95
612.157	1.93
612.495	1.94
612.834	1.95
613.173	1.97
613.511	1.96
613.85	1.92
614.188	1.91
614.527	1.9
614.865	1.91
615.203	1.91
615.542	1.92
615.88	1.97
616.218	1.96
616.556	1.97
616.894	1.94
617.233	1.98
617.571	1.98
617.908	2
618.246	2.02
618.584	2.02
618.922	2.05
619.26	2.02
619.598	2.01
619.935	2.01
620.273	2.01
620.611	2.01
620.948	2
621.286	2
621.623	1.99
621.96	2
622.298	2.01
622.635	1.98
622.972	2
623.31	1.98
623.647	1.99
623.984	1.98
624.321	1.99
624.658	1.98
624.995	1.97
625.332	1.99
625.669	1.98
626.006	1.95
626.342	1.95
626.679	1.96
627.016	1.95
627.352	1.94
627.689	1.94
628.026	1.94
628.362	1.93
628.699	1.97
629.035	1.96
629.371	1.96
629.708	2
630.044	2.01
630.38	2
630.716	2.02
631.052	2.05
631.388	2.04
631.725	2.04
632.06	2.06
632.396	2.07
632.732	2.08
633.068	2.09
633.404	2.07
633.74	2.08
634.075	2.09
634.411	2.09
634.747	2.06
635.082	2.11
635.418	2.12
635.753	2.11
636.089	2.07
636.424	2.09
636.759	2.12
637.095	2.14
637.43	2.15
637.765	2.15
638.1	2.14
638.435	2.18
638.77	2.15
639.105	2.15
639.44	2.14
639.775	2.16
640.11	2.15
640.445	2.13
640.779	2.16
641.114	2.14
641.449	2.14
641.783	2.2
642.118	2.17
642.452	2.18
642.787	2.17
643.121	2.2
643.456	2.24
643.79	2.23
644.124	2.23
644.458	2.18
644.793	2.2
645.127	2.17
645.461	2.15
645.795	2.16
646.129	2.16
646.463	2.17
646.797	2.19
647.13	2.16
647.464	2.16
647.798	2.18
648.132	2.18
648.465	2.2
648.799	2.24
649.132	2.22
649.466	2.27
649.799	2.29
650.133	2.28
650.466	2.25
650.799	2.29
651.133	2.26
651.466	2.21
651.799	2.23
652.132	2.19
652.465	2.17
652.798	2.15
653.131	2.1
653.464	2.08
653.797	2.06
654.13	2.08
654.463	2.05
654.795	2.06
655.128	2.08
655.461	2.07
655.793	2.1
656.126	2.09
656.458	2.08
656.791	2.1
657.123	2.11
657.455	2.1
657.788	2.09
658.12	2.07
658.452	2.08
658.784	2.09
659.116	2.08
659.448	2.06
659.78	2.09
660.112	2.13
660.444	2.14
660.776	2.15
661.108	2.16
661.44	2.16
661.771	2.18
662.103	2.19
662.435	2.21
662.766	2.21
663.098	2.23
663.429	2.23
663.761	2.19
664.092	2.18
664.423	2.16
664.755	2.2
665.086	2.17
665.417	2.18
665.748	2.16
666.079	2.15
666.41	2.14
666.741	2.16
667.072	2.18
667.403	2.21
667.734	2.22
668.065	2.21
668.395	2.21
668.726	2.24
669.057	2.25
669.387	2.25
669.718	2.25
670.048	2.24
670.379	2.2
670.709	2.14
671.039	2.15
671.37	2.13
671.7	2.19
672.03	2.19
672.36	2.19
672.69	2.19
673.02	2.2
673.35	2.25
673.68	2.28
674.01	2.32
674.34	2.37
674.67	2.4
675	2.48
675.329	2.48
675.659	2.51
675.989	2.52
676.318	2.54
676.648	2.53
676.977	2.5
677.307	2.5
677.636	2.5
677.965	2.5
678.295	2.44
678.624	2.43
678.953	2.42
679.282	2.38
679.611	2.39
679.94	2.36
680.269	2.34
680.598	2.36
680.927	2.36
681.256	2.37
681.584	2.37
681.913	2.4
682.242	2.37
682.57	2.34
682.899	2.36
683.228	2.42
683.556	2.48
683.884	2.54
684.213	2.52
684.541	2.54
684.869	2.56
685.198	2.52
685.526	2.5
685.854	2.48
686.182	2.52
686.51	2.53
686.838	2.46
687.166	2.4
687.494	2.37
687.822	2.41
688.149	2.4
688.477	2.4
688.805	2.42
689.133	2.42
689.46	2.46
689.788	2.44
690.115	2.45
690.443	2.44
690.77	2.45
691.097	2.43
691.425	2.37
691.752	2.37
692.079	2.31
692.406	2.32
692.733	2.33
693.06	2.35
693.387	2.34
693.714	2.33
694.041	2.32
694.368	2.35
694.695	2.35
695.021	2.35
695.348	2.31
695.675	2.36
696.001	2.35
696.328	2.32
696.654	2.27
696.981	2.3
697.307	2.28
697.634	2.29
697.96	2.29
698.286	2.31
698.612	2.33
698.938	2.36
699.264	2.35
699.591	2.35
699.917	2.36
700.242	2.36
700.568	2.33
700.894	2.33
701.22	2.36
701.546	2.33
701.871	2.32
702.197	2.33
702.523	2.29
702.848	2.3
703.174	2.26
703.499	2.22
703.824	2.24
704.15	2.24
704.475	2.29
704.8	2.26
705.125	2.29
705.451	2.31
705.776	2.36
706.101	2.39
706.426	2.39
706.751	2.46
707.076	2.56
707.4	2.49
707.725	2.45
708.05	2.42
708.375	2.43
708.699	2.4
709.024	2.44
709.348	2.43
709.673	2.48
709.997	2.48
710.322	2.46
710.646	2.41
710.97	2.47
711.294	2.54
711.619	2.58
711.943	2.62
712.267	2.68
712.591	2.57
712.915	2.54
713.239	2.44
713.563	2.45
713.886	2.47
714.21	2.44
714.534	2.46
714.858	2.41
715.181	2.37
715.505	2.35
715.828	2.25
716.152	2.3
716.475	2.27
716.799	2.35
717.122	2.37
717.445	2.35
717.768	2.39
718.092	2.37
718.415	2.36
718.738	2.37
719.061	2.39
719.384	2.41
719.707	2.42
720.03	2.49
720.352	2.44
720.675	2.46
720.998	2.42
721.32	2.37
721.643	2.33
721.966	2.42
722.288	2.35
722.611	2.34
722.933	2.37
723.255	2.35
723.578	2.39
723.9	2.41
724.222	2.46
724.544	2.51
724.866	2.49
725.188	2.51
725.51	2.61
725.832	2.65
726.154	2.58
726.476	2.58
726.798	2.6
727.12	2.46
727.441	2.43
727.763	2.34
728.085	2.28
728.406	2.34
728.728	2.27
729.049	2.16
729.37	2.21
729.692	2.26
730.013	2.31
730.334	2.3
730.655	2.39
730.977	2.39
731.298	2.44
731.619	2.51
731.94	2.52
732.261	2.62
732.581	2.58
732.902	2.44
733.223	2.48
733.544	2.43
733.864	2.39
734.185	2.29
734.506	2.27
734.826	2.23
735.146	2.23
735.467	2.24
735.787	2.21
736.108	2.29
736.428	2.39
736.748	2.35
737.068	2.32
737.388	2.41
737.708	2.54
738.028	2.62
738.348	2.66
738.668	2.63
738.988	2.68
739.308	2.69
739.628	2.68
739.947	2.61
740.267	2.63
740.586	2.64
740.906	2.64
741.225	2.66
741.545	2.62
741.864	2.57
742.184	2.55
742.503	2.51
742.822	2.58
743.141	2.52
743.46	2.56
743.779	2.54
744.098	2.6
744.417	2.52
744.736	2.4
745.055	2.42
745.374	2.45
745.693	2.54
746.011	2.44
746.33	2.33
746.649	2.27
746.967	2.19
747.286	2.21
747.604	2.25
747.923	2.31
748.241	2.31
748.559	2.25
748.877	2.14
749.196	1.99
749.514	2.09
749.832	2.23
750.15	2.53
750.468	2.7
750.786	2.72
751.104	2.74
751.422	2.65
751.739	2.69
752.057	2.75
752.375	2.77
752.692	2.89
753.01	2.82
753.327	2.67
753.645	2.52
753.962	2.43
754.28	2.43
754.597	2.42
754.914	2.55
755.231	2.64
755.548	2.61
755.866	2.64
756.183	2.65
756.5	2.69
756.816	2.78
757.133	2.75
757.45	2.89
757.767	2.91
758.084	2.77
758.4	2.76
758.717	2.68
759.034	2.76
759.35	2.85
759.667	2.82
759.983	2.84
760.299	2.91
760.616	2.93
760.932	2.8
761.248	2.81
761.564	2.98
761.88	2.97
762.196	2.97
762.512	2.99
762.828	2.9
763.144	2.98
763.46	2.93
763.776	2.89
764.092	2.87
764.407	2.86
764.723	2.77
765.038	2.83
765.354	2.82
765.669	2.86
765.985	2.89
766.3	2.96
766.616	2.89
766.931	2.94
767.246	2.96
767.561	3.03
767.876	3.19
768.191	3.21
768.506	3.08
768.821	3.2
769.136	3.2
769.451	3.16
769.766	3.28
770.08	3.33
770.395	3.36
770.71	3.34
771.024	3.28
771.339	3.12
771.653	3.15
771.968	3.33
772.282	3.2
772.596	3.24
772.911	3.17
773.225	2.93
773.539	2.92
773.853	2.8
774.167	2.84
774.481	2.83
774.795	2.96
775.109	3.11
775.423	2.65
775.737	2.78
776.05	2.71
776.364	2.76
776.678	2.63
776.991	2.57
777.305	2.68
777.618	2.81
777.931	2.84
778.245	2.75
778.558	2.76
778.871	2.9
779.185	2.83
779.498	2.89
779.811	2.91
780.124	3.26
780.437	3.18
780.75	3.14
781.063	2.74
781.375	2.51
781.688	2.43
782.001	2.32
782.314	2.37
782.626	2.34
782.939	2.35
783.251	2.18
783.564	2.02
783.876	2.26
784.188	2.22
784.501	2.44
784.813	2.65
785.125	2.94
785.437	2.91
785.749	2.99
786.061	3.12
786.373	3.14
786.685	3.12
786.997	2.99
787.309	3.07
787.621	3.08
787.932	3.17
788.244	3.13
788.556	3.02
788.867	3.11
789.179	3.1
789.49	3
789.801	2.97
790.113	3.05
790.424	3.14
790.735	3.02
791.046	3.14
791.358	2.93
791.669	2.98
791.98	2.97
792.291	2.89
792.601	3.07
792.912	2.92
793.223	2.87
793.534	2.74
793.845	2.61
794.155	2.52
794.466	2.62
794.776	2.93
795.087	2.91
795.397	2.92
795.707	2.82
796.018	2.6
796.328	2.8
796.638	2.85
796.948	2.88
797.258	2.94
797.569	3.19
797.879	3.04
798.188	2.82
798.498	2.78
798.808	2.73
799.118	2.88
799.428	2.92
799.737	2.82
800.047	2.65
800.356	2.84
800.666	2.67
800.975	2.53
801.285	2.31
801.594	2.21
801.903	2.09
802.213	2.09
802.522	2.09
802.831	1.94
803.14	1.95
803.449	2.17
803.758	2.01
804.067	2.26
804.376	2.18
804.684	2.19
804.993	2.25
805.302	2.33
805.611	2.33
805.919	2.39
806.228	2.87
806.536	2.88
806.845	2.76
807.153	2.83
807.461	2.95
807.769	3.05
808.078	3.07
808.386	3.17
808.694	3.39
809.002	3.35
809.31	3.27
809.618	2.92
809.926	3.11
810.233	3.12
810.541	3.29
810.849	3.17
811.157	3.18
811.464	3.47
811.772	3.55
812.079	3.47
812.387	3.56
812.694	3.77
813.001	3.85
813.309	3.64
813.616	3.4
813.923	3.26
814.23	3.49
814.537	3.44
814.844	3.35
815.151	3.19
815.458	3.11
815.765	3.19
816.072	3.01
816.378	3.14
816.685	3.17
816.992	3.65
817.298	3.56
817.605	3.65
817.911	3.62
818.218	3.72
818.524	3.85
818.83	3.89
819.136	3.82
819.443	3.93
819.749	3.72
820.055	3.76
820.361	3.59
820.667	3.69
820.973	3.5
821.279	3.61
821.584	3.59
821.89	3.56
822.196	3.64
822.501	3.71
822.807	3.75
823.113	3.78
823.418	3.75
823.723	3.77
824.029	3.78
824.334	3.78
824.639	3.75
824.944	3.73
825.25	3.8
825.555	3.74
825.86	3.64
826.165	3.62
826.47	3.66
826.774	3.73
827.079	3.78
827.384	3.66
827.689	3.77
827.993	3.85
828.298	3.91
828.602	3.88
828.907	3.89
829.211	3.93
829.516	3.88
829.82	3.79
830.124	3.77
830.429	3.62
830.733	3.81
831.037	3.61
831.341	3.52
831.645	3.46
831.949	3.43
832.253	3.45
832.556	3.57
832.86	3.43
833.164	3.38
833.467	3.42
833.771	3.47
834.075	3.29
834.378	3.37
834.682	3.49
834.985	3.58
835.288	3.57
835.591	3.62
835.895	3.59
836.198	3.73
836.501	3.88
836.804	3.64
837.107	3.52
837.41	3.59
837.713	3.55
838.016	3.15
838.318	2.99
838.621	3.05
838.924	2.97
839.226	2.84
839.529	2.8
839.831	2.52
840.134	2.85
840.436	3.21
840.738	3.77
841.041	3.84
841.343	3.72
841.645	3.93
841.947	3.69
842.249	3.69
842.551	3.68
842.853	3.77
843.155	4.12
843.457	3.93
843.758	3.75
844.06	2.86
844.362	2.93
844.663	3.87
844.965	3.43
845.266	3.71
845.568	3.51
845.869	3.19
846.17	2.21
846.472	1.61
846.773	1.84
847.074	2
847.375	2.6
847.676	2.53
847.977	2.03
848.278	1.6
848.579	0.99
848.88	1.47
849.181	2.47
849.481	3.07
849.782	3.1
850.082	3.16
850.383	2.59
850.683	1.71
850.984	0.93
851.284	0.34
851.585	0.39
851.885	0.87
852.185	-0.12
852.485	-0.43
852.785	-1.39
853.085	-1.41
853.385	-1.77
853.685	-1.44
853.985	-0.67
854.285	-0.17
854.584	-0.03
854.884	0.5
855.184	0.18
855.483	1.08
855.783	1.36
856.082	3.25
856.382	3.62
856.681	4.27
856.98	3.66
857.28	4.19
857.579	3.19
857.878	2.83
858.177	3.01
858.476	3
858.775	3.65
859.074	3.23
859.373	2.74
859.671	3.11
859.97	2.38
860.269	3.31
860.567	2.25
860.866	3.2
861.165	3.95
861.463	4.21
861.761	4.77
862.06	3.64
862.358	3.44
862.656	3.33
862.954	2.72
863.252	3.24
863.551	3.18
863.849	3.55
864.146	3.76
864.444	3.77
864.742	3.34
865.04	2.74
865.338	3.22
865.635	3.37
865.933	3.02
866.23	2.94
866.528	3.26
866.825	3.47
867.123	3.66
867.42	3.1
867.717	3.13
868.014	3.35
868.312	3.97
868.609	3.92
868.906	3.33
869.203	3.41
869.5	3.83
869.796	3.13
870.093	2.52
870.39	2.29
870.687	2.26
870.983	2.4
871.28	1.74
871.576	1.15
871.873	0.95
872.169	1.87
872.466	1.85
872.762	1.4
873.058	2.03
873.354	2.36
873.65	2.12
873.947	3.15
874.243	2.8
874.538	3.44
874.834	3.94
875.13	4.82
875.426	5.11
875.722	5.35
876.017	5.2
876.313	4.4
876.608	4.53
876.904	4.33
877.199	3.74
877.495	3.64
877.79	3.6
878.085	2.88
878.381	1.76
878.676	1.34
878.971	1.12
879.266	1.66
879.561	2.08
879.856	2.53
880.151	3.14
880.445	3.74
880.74	4
881.035	3.97
881.329	4.37
881.624	4.68
881.919	4.64
882.213	4.9
