177.169	-322.64
177.554	-1733.77
177.94	4326.32
178.326	625.93
178.711	278.72
179.097	234.01
179.482	22.2
179.868	26.54
180.253	-107.78
180.639	-64.26
181.024	-42.93
181.409	-51.71
181.795	-1733.77
182.18	-1916.84
182.565	407.66
182.95	173.07
183.336	262.56
183.721	267.45
184.106	-267.2
184.491	305.34
184.876	82.14
185.261	89.04
185.646	58.01
186.031	53.11
186.416	36.79
186.801	23.35
187.186	34.3
187.57	22.89
187.955	16.35
188.34	15.98
188.725	13.31
189.11	8.22
189.494	-0.96
189.879	6.64
190.263	6.37
190.648	5.56
191.033	6.75
191.417	3.2
191.802	0.64
192.186	4.29
192.57	2.99
192.955	1.88
193.339	4.21
193.723	13.72
194.108	8.76
194.492	6.42
194.876	12.26
195.26	7.55
195.645	9.52
196.029	17.47
196.413	25.45
196.797	31.16
197.181	32.36
197.565	29.85
197.949	24.39
198.333	26.5
198.717	33.58
199.101	33.66
199.484	34.23
199.868	40.02
200.252	37.34
200.636	29.58
201.019	30.92
201.403	33.39
201.787	36.34
202.17	36.79
202.554	28.42
202.937	23.8
203.321	23.35
203.704	27.53
204.088	28.86
204.471	22.97
204.855	18.57
205.238	22.38
205.621	15.07
206.005	14.98
206.388	13.65
206.771	18.46
207.154	14.79
207.537	12.31
207.921	11.33
208.304	8.16
208.687	16.58
209.07	25.04
209.453	20.43
209.836	23.93
210.219	27.01
210.601	30.33
210.984	33.85
211.367	39.53
211.75	47.45
212.133	48.05
212.515	45.34
212.898	41.36
213.281	37.76
213.663	35.99
214.046	31.8
214.428	35.54
214.811	31.28
215.193	29.46
215.576	22.54
215.958	12.22
216.341	18.05
216.723	23.39
217.105	23.82
217.488	27.36
217.87	29.9
218.252	31.22
218.634	24.29
219.017	30.64
219.399	31.51
219.781	35.39
220.163	35.94
220.545	29.19
220.927	27.28
221.309	21.89
221.691	22.38
222.073	23.45
222.455	22.41
222.836	21.19
223.218	14.58
223.6	12.6
223.982	14.72
224.363	19.17
224.745	23.07
225.127	22.4
225.508	27.66
225.89	24.91
226.271	24.79
226.653	24.8
227.034	26.04
227.416	27.96
227.797	22.55
228.178	21.05
228.56	18.28
228.941	13.1
229.322	13.18
229.704	12.09
230.085	9.2
230.466	4.17
230.847	5.7
231.228	6.57
231.609	6.81
231.99	8.21
232.371	6.73
232.752	5.35
233.133	7.15
233.514	6.9
233.895	4.1
234.276	2.75
234.657	6.31
235.037	7.2
235.418	9.15
235.799	7.48
236.179	8.86
236.56	7.59
236.941	8.39
237.321	7.56
237.702	6.4
238.082	7.19
238.463	9.24
238.843	8.33
239.223	6.71
239.604	5.3
239.984	5.07
240.364	4.52
240.745	4.6
241.125	4.51
241.505	4.45
241.885	4.32
242.265	4.19
242.645	4.15
243.025	4.01
243.405	4.28
243.785	4.33
244.165	4.36
244.545	4.18
244.925	3.76
245.305	3.56
245.685	3.56
246.065	3.61
246.444	3.7
246.824	3.79
247.204	3.61
247.583	3.54
247.963	3.63
248.343	3.66
248.722	3.83
249.102	4.1
249.481	4.19
249.861	4.35
250.24	4.49
250.619	4.27
250.999	4.07
251.378	4.39
251.757	4.37
252.136	4.43
252.516	4.46
252.895	4.55
253.274	4.29
253.653	4.04
254.032	3.9
254.411	3.76
254.79	4.13
255.169	4.02
255.548	3.84
255.927	3.95
256.306	3.78
256.685	3.65
257.063	3.48
257.442	3.61
257.821	3.63
258.199	3.57
258.578	3.51
258.957	3.41
259.335	3.42
259.714	3.34
260.092	3.27
260.471	3.17
260.849	3.18
261.228	3.12
261.606	3.07
261.984	2.97
262.363	2.92
262.741	2.88
263.119	2.77
263.497	2.83
263.876	3.09
264.254	3.19
264.632	3.24
265.01	3.17
265.388	3.26
265.766	3.29
266.144	3.39
266.522	3.38
266.9	3.43
267.278	3.46
267.655	3.46
268.033	3.28
268.411	3.18
268.789	3.21
269.166	3.15
269.544	3.1
269.922	3.23
270.299	3.19
270.677	3.15
271.054	3.11
271.432	3.12
271.809	3.11
272.186	3.14
272.564	3.17
272.941	3.16
273.318	3.15
273.696	3.21
274.073	3.07
274.45	3.1
274.827	3.12
275.204	3.14
275.582	3.12
275.959	3.09
276.336	3.19
276.713	3.29
277.09	3.38
277.466	3.42
277.843	3.4
278.22	3.37
278.597	3.29
278.974	3.33
279.35	3.35
279.727	3.38
280.104	3.36
280.48	3.33
280.857	3.22
281.234	3.25
281.61	3.22
281.987	3.13
282.363	3.15
282.74	3.14
283.116	3.04
283.492	2.96
283.869	3
284.245	3.01
284.621	2.94
284.997	2.97
285.373	2.9
285.75	3
286.126	3.05
286.502	3.05
286.878	3.1
287.254	3.19
287.63	3.33
288.006	3.38
288.382	3.49
288.757	3.6
289.133	3.66
289.509	3.71
289.885	3.72
290.26	3.75
290.636	3.85
291.012	3.9
291.387	3.89
291.763	3.85
292.139	3.83
292.514	3.83
292.889	3.83
293.265	3.91
293.64	3.98
294.016	3.93
294.391	3.96
294.766	4
295.142	4.03
295.517	4.06
295.892	4.12
296.267	4.17
296.642	4.21
297.017	4.25
297.392	4.26
297.767	4.26
298.142	4.32
298.517	4.31
298.892	4.31
299.267	4.36
299.642	4.46
300.017	4.48
300.391	4.42
300.766	4.48
301.141	4.51
301.515	4.47
301.89	4.49
302.265	4.55
302.639	4.64
303.014	4.72
303.388	4.81
303.762	4.8
304.137	4.87
304.511	4.98
304.886	4.93
305.26	4.96
305.634	4.96
306.008	5.02
306.382	5.05
306.757	5.07
307.131	5.02
307.505	4.97
307.879	4.96
308.253	4.97
308.627	5
309.001	5.03
309.375	5.08
309.748	5.1
310.122	5.19
310.496	5.23
310.87	5.23
311.243	5.31
311.617	5.36
311.991	5.44
312.364	5.49
312.738	5.53
313.111	5.51
313.485	5.43
313.858	5.5
314.232	5.41
314.605	5.43
314.979	5.47
315.352	5.41
315.725	5.44
316.098	5.43
316.472	5.49
316.845	5.47
317.218	5.62
317.591	5.67
317.964	5.71
318.337	5.77
318.71	5.78
319.083	5.88
319.456	5.97
319.829	6
320.202	6.07
320.574	6.04
320.947	6.1
321.32	6.12
321.693	6.23
322.065	6.28
322.438	6.35
322.81	6.43
323.183	6.4
323.555	6.38
323.928	6.41
324.3	6.34
324.673	6.35
325.045	6.31
325.417	6.31
325.79	6.38
326.162	6.34
326.534	6.38
326.906	6.38
327.278	6.43
327.651	6.55
328.023	6.57
328.395	6.64
328.767	6.66
329.139	6.77
329.511	6.73
329.882	6.63
330.254	6.72
330.626	6.6
330.998	6.58
331.37	6.56
331.741	6.5
332.113	6.46
332.485	6.5
332.856	6.58
333.228	6.52
333.599	6.6
333.971	6.67
334.342	6.6
334.714	6.65
335.085	6.61
335.456	6.66
335.828	6.69
336.199	6.73
336.57	6.73
336.941	6.73
337.312	6.79
337.683	6.81
338.054	6.83
338.426	6.85
338.797	6.87
339.167	6.89
339.538	6.85
339.909	6.81
340.28	6.81
340.651	6.8
341.022	6.85
341.392	6.92
341.763	6.92
342.134	6.88
342.504	6.96
342.875	7
343.246	7.05
343.616	7.08
343.987	7.13
344.357	7.11
344.727	7.18
345.098	7.11
345.468	7.05
345.838	7.05
346.209	7.05
346.579	7.02
346.949	7.02
347.319	7.05
347.689	7.15
348.059	7.13
348.429	7.17
348.799	7.12
349.169	7.18
349.539	7.23
349.909	7.22
350.279	7.22
350.649	7.25
351.018	7.23
351.388	7.24
351.758	7.2
352.128	7.18
352.497	7.17
352.867	7.16
353.236	7.12
353.606	7.07
353.975	7.04
354.345	7.08
354.714	7.08
355.083	7.09
355.453	7.06
355.822	7.01
356.191	7.04
356.56	7.08
356.93	7.11
357.299	7.12
357.668	7.14
358.037	7.19
358.406	7.18
358.775	7.2
359.144	7.21
359.513	7.19
359.882	7.23
360.25	7.21
360.619	7.19
360.988	7.19
361.357	7.25
361.725	7.24
362.094	7.22
362.463	7.21
362.831	7.21
363.2	7.18
363.568	7.21
363.937	7.2
364.305	7.21
364.673	7.24
365.042	7.22
365.41	7.13
365.778	7.13
366.146	7.13
366.515	7.17
366.883	7.16
367.251	7.16
367.619	7.15
367.987	7.17
368.355	7.17
368.723	7.14
369.091	7.15
369.459	7.23
369.826	7.26
370.194	7.29
370.562	7.29
370.93	7.29
371.297	7.28
371.665	7.29
372.033	7.26
372.4	7.26
372.768	7.28
373.135	7.29
373.503	7.25
373.87	7.24
374.237	7.23
374.605	7.23
374.972	7.23
375.339	7.25
375.707	7.25
376.074	7.28
376.441	7.28
376.808	7.28
377.175	7.28
377.542	7.29
377.909	7.3
378.276	7.32
378.643	7.32
379.01	7.34
379.377	7.32
379.744	7.35
380.11	7.34
380.477	7.33
380.844	7.36
381.21	7.36
381.577	7.36
381.944	7.34
382.31	7.33
382.677	7.33
383.043	7.33
383.409	7.37
383.776	7.32
384.142	7.34
384.508	7.36
384.875	7.31
385.241	7.33
385.607	7.34
385.973	7.32
386.339	7.33
386.705	7.35
387.071	7.35
387.437	7.34
387.803	7.36
388.169	7.36
388.535	7.38
388.901	7.41
389.267	7.4
389.633	7.41
389.998	7.41
390.364	7.41
390.73	7.41
391.095	7.41
391.461	7.4
391.826	7.41
392.192	7.42
392.557	7.4
392.923	7.39
393.288	7.37
393.653	7.36
394.019	7.36
394.384	7.32
394.749	7.31
395.114	7.31
395.479	7.34
395.844	7.33
396.21	7.31
396.575	7.3
396.94	7.31
397.304	7.31
397.669	7.34
398.034	7.35
398.399	7.41
398.764	7.42
399.129	7.43
399.493	7.44
399.858	7.46
400.223	7.46
400.587	7.48
400.952	7.48
401.316	7.49
401.681	7.48
402.045	7.48
402.409	7.46
402.774	7.48
403.138	7.49
403.502	7.49
403.867	7.48
404.231	7.49
404.595	7.49
404.959	7.51
405.323	7.53
405.687	7.55
406.051	7.57
406.415	7.56
406.779	7.55
407.143	7.55
407.507	7.55
407.871	7.57
408.234	7.58
408.598	7.59
408.962	7.61
409.325	7.6
409.689	7.6
410.053	7.58
410.416	7.57
410.78	7.56
411.143	7.55
411.506	7.53
411.87	7.52
412.233	7.51
412.596	7.5
412.96	7.48
413.323	7.48
413.686	7.48
414.049	7.48
414.412	7.51
414.775	7.54
415.138	7.53
415.501	7.53
415.864	7.52
416.227	7.52
416.59	7.52
416.953	7.5
417.315	7.5
417.678	7.5
418.041	7.5
418.404	7.48
418.766	7.48
419.129	7.47
419.491	7.48
419.854	7.49
420.216	7.49
420.579	7.48
420.941	7.49
421.303	7.49
421.666	7.48
422.028	7.48
422.39	7.49
422.752	7.49
423.114	7.51
423.476	7.5
423.839	7.51
424.201	7.51
424.563	7.51
424.924	7.52
425.286	7.53
425.648	7.56
426.01	7.58
426.372	7.59
426.733	7.59
427.095	7.59
427.457	7.6
427.818	7.6
428.18	7.6
428.542	7.6
428.903	7.59
429.264	7.59
429.626	7.56
429.987	7.53
430.349	7.54
430.71	7.55
431.071	7.55
431.432	7.54
431.794	7.55
432.155	7.54
432.516	7.56
432.877	7.57
433.238	7.57
433.599	7.58
433.96	7.59
434.321	7.6
434.681	7.61
435.042	7.61
435.403	7.63
435.764	7.62
436.124	7.64
436.485	7.64
436.846	7.64
437.206	7.63
437.567	7.63
437.927	7.61
438.288	7.6
438.648	7.58
439.008	7.59
439.369	7.6
439.729	7.6
440.089	7.61
440.449	7.61
440.81	7.62
441.17	7.63
441.53	7.63
441.89	7.63
442.25	7.63
442.61	7.64
442.97	7.64
443.33	7.62
443.689	7.62
444.049	7.61
444.409	7.6
444.769	7.61
445.128	7.61
445.488	7.62
445.848	7.62
446.207	7.64
446.567	7.64
446.926	7.65
447.285	7.67
447.645	7.68
448.004	7.69
448.363	7.69
448.723	7.69
449.082	7.71
449.441	7.71
449.8	7.71
450.159	7.71
450.518	7.7
450.877	7.69
451.236	7.7
451.595	7.7
451.954	7.71
452.313	7.73
452.672	7.74
453.031	7.72
453.389	7.74
453.748	7.74
454.107	7.73
454.465	7.74
454.824	7.76
455.182	7.75
455.541	7.75
455.899	7.74
456.258	7.74
456.616	7.74
456.974	7.74
457.333	7.72
457.691	7.72
458.049	7.73
458.407	7.74
458.765	7.74
459.123	7.74
459.481	7.75
459.839	7.75
460.197	7.76
460.555	7.76
460.913	7.77
461.271	7.78
461.629	7.8
461.987	7.8
462.344	7.81
462.702	7.81
463.06	7.83
463.417	7.83
463.775	7.83
464.132	7.84
464.49	7.83
464.847	7.81
465.204	7.81
465.562	7.8
465.919	7.8
466.276	7.8
466.633	7.79
466.991	7.77
467.348	7.75
467.705	7.74
468.062	7.75
468.419	7.75
468.776	7.78
469.133	7.78
469.49	7.78
469.846	7.77
470.203	7.76
470.56	7.76
470.917	7.76
471.273	7.76
471.63	7.75
471.986	7.76
472.343	7.76
472.699	7.73
473.056	7.74
473.412	7.75
473.769	7.76
474.125	7.76
474.481	7.76
474.838	7.76
475.194	7.79
475.55	7.8
475.906	7.79
476.262	7.79
476.618	7.79
476.974	7.8
477.33	7.78
477.686	7.78
478.042	7.78
478.398	7.78
478.753	7.78
479.109	7.77
479.465	7.76
479.821	7.75
480.176	7.75
480.532	7.76
480.887	7.75
481.243	7.78
481.598	7.88
481.954	8.09
482.309	8.25
482.664	8.27
483.02	8.18
483.375	8.05
483.73	8.05
484.085	8.05
484.44	8.05
484.795	8.04
485.15	8.03
485.505	7.98
485.86	7.83
486.215	7.68
486.57	7.63
486.925	7.68
487.28	7.81
487.634	7.8
487.989	7.81
488.344	7.8
488.698	7.81
489.053	7.82
489.407	7.81
489.762	7.81
490.116	7.82
490.471	7.81
490.825	7.81
491.179	7.81
491.534	7.81
491.888	7.81
492.242	7.81
492.596	7.81
492.95	7.82
493.304	7.83
493.658	7.82
494.012	7.81
494.366	7.79
494.72	7.79
495.074	7.79
495.428	7.8
495.782	7.78
496.135	7.78
496.489	7.77
496.843	7.78
497.196	7.77
497.55	7.77
497.903	7.77
498.257	7.78
498.61	7.79
498.963	7.79
499.317	7.78
499.67	7.79
500.023	7.79
500.376	7.81
500.73	7.79
501.083	7.79
501.436	7.81
501.789	7.8
502.142	7.8
502.495	7.79
502.848	7.8
503.201	7.8
503.553	7.8
503.906	7.8
504.259	7.8
504.612	7.81
504.964	7.83
505.317	7.82
505.669	7.82
506.022	7.81
506.374	7.82
506.727	7.82
507.079	7.82
507.432	7.82
507.784	7.81
508.136	7.81
508.488	7.81
508.841	7.81
509.193	7.82
509.545	7.82
509.897	7.83
510.249	7.83
510.601	7.83
510.953	7.83
511.305	7.84
511.656	7.84
512.008	7.84
512.36	7.84
512.712	7.84
513.063	7.83
513.415	7.83
513.766	7.82
514.118	7.82
514.469	7.81
514.821	7.8
515.172	7.79
515.524	7.77
515.875	7.77
516.226	7.77
516.577	7.76
516.929	7.76
517.28	7.77
517.631	7.77
517.982	7.78
518.333	7.78
518.684	7.79
519.035	7.79
519.386	7.8
519.737	7.8
520.087	7.8
520.438	7.8
520.789	7.81
521.139	7.8
521.49	7.79
521.841	7.78
522.191	7.77
522.542	7.76
522.892	7.75
523.243	7.74
523.593	7.74
523.943	7.74
524.293	7.73
524.644	7.74
524.994	7.73
525.344	7.74
525.694	7.73
526.044	7.73
526.394	7.73
526.744	7.78
527.094	7.83
527.444	7.81
527.794	7.81
528.144	7.82
528.493	7.82
528.843	7.82
529.193	7.82
529.542	7.82
529.892	7.82
530.241	7.83
530.591	7.8
530.94	7.75
531.29	7.75
531.639	7.74
531.988	7.72
532.338	7.72
532.687	7.71
533.036	7.72
533.385	7.71
533.734	7.71
534.083	7.7
534.432	7.7
534.781	7.68
535.13	7.69
535.479	7.68
535.828	7.69
536.177	7.68
536.525	7.67
536.874	7.67
537.223	7.67
537.571	7.67
537.92	7.67
538.268	7.67
538.617	7.67
538.965	7.67
539.314	7.66
539.662	7.66
540.01	7.66
540.359	7.66
540.707	7.66
541.055	7.66
541.403	7.67
541.751	7.67
542.099	7.67
542.447	7.67
542.795	7.68
543.143	7.69
543.491	7.69
543.839	7.69
544.187	7.69
544.534	7.69
544.882	7.68
545.23	7.68
545.577	7.68
545.925	7.69
546.272	7.69
546.62	7.68
546.967	7.68
547.314	7.68
547.662	7.7
548.009	7.7
548.356	7.69
548.704	7.71
549.051	7.71
549.398	7.71
549.745	7.7
550.092	7.7
550.439	7.72
550.786	7.69
551.133	7.68
551.479	7.65
551.826	7.63
552.173	7.63
552.52	7.63
552.866	7.63
553.213	7.63
553.56	7.62
553.906	7.62
554.253	7.61
554.599	7.61
554.945	7.61
555.292	7.61
555.638	7.62
555.984	7.61
556.331	7.6
556.677	7.6
557.023	7.61
557.369	7.6
557.715	7.61
558.061	7.61
558.407	7.62
558.753	7.64
559.099	7.65
559.444	7.65
559.79	7.64
560.136	7.64
560.482	7.64
560.827	7.64
561.173	7.64
561.518	7.63
561.864	7.61
562.209	7.61
562.555	7.6
562.9	7.6
563.245	7.59
563.591	7.62
563.936	7.62
564.281	7.61
564.626	7.6
564.971	7.59
565.316	7.59
565.661	7.6
566.006	7.59
566.351	7.6
566.696	7.6
567.041	7.6
567.386	7.58
567.73	7.58
568.075	7.58
568.42	7.58
568.764	7.59
569.109	7.58
569.453	7.58
569.798	7.57
570.142	7.56
570.487	7.55
570.831	7.53
571.175	7.53
571.519	7.52
571.864	7.52
572.208	7.53
572.552	7.53
572.896	7.53
573.24	7.52
573.584	7.54
573.928	7.55
574.272	7.56
574.616	7.58
574.959	7.58
575.303	7.58
575.647	7.58
575.99	7.57
576.334	7.57
576.678	7.58
577.021	7.58
577.364	7.57
577.708	7.55
578.051	7.53
578.395	7.51
578.738	7.51
579.081	7.51
579.424	7.5
579.767	7.49
580.111	7.5
580.454	7.49
580.797	7.47
581.14	7.46
581.482	7.44
581.825	7.46
582.168	7.46
582.511	7.45
582.854	7.44
583.196	7.45
583.539	7.46
583.882	7.46
584.224	7.47
584.567	7.5
584.909	7.5
585.252	7.52
585.594	7.51
585.936	7.49
586.279	7.5
586.621	7.5
586.963	7.51
587.305	7.51
587.647	7.51
587.989	7.48
588.331	7.48
588.673	7.48
589.015	7.45
589.357	7.46
589.699	7.47
590.041	7.46
590.382	7.48
590.724	7.45
591.066	7.43
591.407	7.42
591.749	7.42
592.09	7.42
592.432	7.43
592.773	7.45
593.114	7.45
593.456	7.46
593.797	7.46
594.138	7.44
594.479	7.45
594.821	7.46
595.162	7.45
595.503	7.46
595.844	7.45
596.185	7.46
596.525	7.45
596.866	7.45
597.207	7.43
597.548	7.43
597.889	7.43
598.229	7.42
598.57	7.41
598.91	7.41
599.251	7.41
599.592	7.43
599.932	7.42
600.272	7.42
600.613	7.43
600.953	7.43
601.293	7.43
601.633	7.43
601.974	7.46
602.314	7.44
602.654	7.44
602.994	7.43
603.334	7.41
603.674	7.38
604.014	7.4
604.353	7.41
604.693	7.42
605.033	7.44
605.373	7.45
605.712	7.43
606.052	7.44
606.391	7.46
606.731	7.48
607.07	7.5
607.41	7.5
607.749	7.47
608.088	7.46
608.428	7.46
608.767	7.44
609.106	7.43
609.445	7.44
609.784	7.44
610.123	7.43
610.462	7.42
610.801	7.42
611.14	7.42
611.479	7.46
611.818	7.47
612.157	7.47
612.495	7.48
612.834	7.49
613.173	7.47
613.511	7.47
613.85	7.48
614.188	7.49
614.527	7.5
614.865	7.52
615.203	7.49
615.542	7.49
615.88	7.47
616.218	7.46
616.556	7.46
616.894	7.44
617.233	7.44
617.571	7.42
617.908	7.4
618.246	7.37
618.584	7.35
618.922	7.37
619.26	7.37
619.598	7.4
619.935	7.4
620.273	7.4
620.611	7.42
620.948	7.43
621.286	7.44
621.623	7.46
621.96	7.45
622.298	7.48
622.635	7.47
622.972	7.49
623.31	7.46
623.647	7.45
623.984	7.44
624.321	7.43
624.658	7.44
624.995	7.43
625.332	7.41
625.669	7.43
626.006	7.41
626.342	7.39
626.679	7.37
627.016	7.38
627.352	7.4
627.689	7.39
628.026	7.4
628.362	7.39
628.699	7.38
629.035	7.39
629.371	7.4
629.708	7.39
630.044	7.4
630.38	7.38
630.716	7.4
631.052	7.37
631.388	7.39
631.725	7.38
632.06	7.37
632.396	7.37
632.732	7.38
633.068	7.39
633.404	7.39
633.74	7.38
634.075	7.4
634.411	7.39
634.747	7.4
635.082	7.41
635.418	7.44
635.753	7.45
636.089	7.49
636.424	7.5
636.759	7.48
637.095	7.49
637.43	7.5
637.765	7.49
638.1	7.5
638.435	7.49
638.77	7.5
639.105	7.48
639.44	7.49
639.775	7.46
640.11	7.46
640.445	7.48
640.779	7.47
641.114	7.43
641.449	7.42
641.783	7.4
642.118	7.41
642.452	7.39
642.787	7.4
643.121	7.39
643.456	7.39
643.79	7.37
644.124	7.36
644.458	7.37
644.793	7.38
645.127	7.42
645.461	7.41
645.795	7.42
646.129	7.44
646.463	7.43
646.797	7.45
647.13	7.46
647.464	7.45
647.798	7.44
648.132	7.46
648.465	7.47
648.799	7.48
649.132	7.51
649.466	7.48
649.799	7.46
650.133	7.46
650.466	7.44
650.799	7.47
651.133	7.5
651.466	7.5
651.799	7.48
652.132	7.48
652.465	7.47
652.798	7.48
653.131	7.53
653.464	7.53
653.797	7.54
654.13	7.53
654.463	7.52
654.795	7.49
655.128	7.49
655.461	7.5
655.793	7.49
656.126	7.46
656.458	7.42
656.791	7.37
657.123	7.35
657.455	7.35
657.788	7.41
658.12	7.39
658.452	7.39
658.784	7.41
659.116	7.42
659.448	7.43
659.78	7.46
660.112	7.49
660.444	7.52
660.776	7.55
661.108	7.55
661.44	7.51
661.771	7.51
662.103	7.52
662.435	7.49
662.766	7.49
663.098	7.51
663.429	7.47
663.761	7.45
664.092	7.42
664.423	7.41
664.755	7.46
665.086	7.44
665.417	7.46
665.748	7.45
666.079	7.51
666.41	7.51
666.741	7.51
667.072	7.55
667.403	7.56
667.734	7.58
668.065	7.56
668.395	7.52
668.726	7.56
669.057	7.57
669.387	7.58
669.718	7.52
670.048	7.51
670.379	7.52
670.709	7.53
671.039	7.53
671.37	7.53
671.7	7.54
672.03	7.56
672.36	7.57
672.69	7.54
673.02	7.53
673.35	7.55
673.68	7.6
674.01	7.59
674.34	7.6
674.67	7.6
675	7.56
675.329	7.57
675.659	7.56
675.989	7.52
676.318	7.51
676.648	7.52
676.977	7.54
677.307	7.53
677.636	7.54
677.965	7.52
678.295	7.53
678.624	7.56
678.953	7.58
679.282	7.61
679.611	7.63
679.94	7.63
680.269	7.65
680.598	7.65
680.927	7.65
681.256	7.62
681.584	7.58
681.913	7.6
682.242	7.59
682.57	7.56
682.899	7.56
683.228	7.55
683.556	7.56
683.884	7.57
684.213	7.56
684.541	7.53
684.869	7.56
685.198	7.63
685.526	7.59
685.854	7.57
686.182	7.62
686.51	7.58
686.838	7.61
687.166	7.63
687.494	7.64
687.822	7.63
688.149	7.66
688.477	7.62
688.805	7.62
689.133	7.68
689.46	7.69
689.788	7.69
690.115	7.74
690.443	7.74
690.77	7.77
691.097	7.77
691.425	7.77
691.752	7.75
692.079	7.83
692.406	7.78
692.733	7.78
693.06	7.85
693.387	7.85
693.714	7.82
694.041	7.77
694.368	7.71
694.695	7.72
695.021	7.74
695.348	7.75
695.675	7.74
696.001	7.77
696.328	7.73
696.654	7.72
696.981	7.71
697.307	7.71
697.634	7.74
697.96	7.74
698.286	7.73
698.612	7.72
698.938	7.71
699.264	7.72
699.591	7.76
699.917	7.77
700.242	7.79
700.568	7.81
700.894	7.83
701.22	7.87
701.546	7.91
701.871	7.94
702.197	7.97
702.523	7.97
702.848	7.94
703.174	7.89
703.499	7.9
703.824	7.88
704.15	7.83
704.475	7.82
704.8	7.81
705.125	7.78
705.451	7.74
705.776	7.76
706.101	7.75
706.426	7.72
706.751	7.71
707.076	7.66
707.4	7.7
707.725	7.74
708.05	7.75
708.375	7.77
708.699	7.79
709.024	7.79
709.348	7.79
709.673	7.81
709.997	7.85
710.322	7.88
710.646	7.93
710.97	7.9
711.294	7.91
711.619	7.92
711.943	7.89
712.267	7.89
712.591	7.89
712.915	7.86
713.239	7.88
713.563	7.86
713.886	7.84
714.21	7.8
714.534	7.8
714.858	7.74
715.181	7.76
715.505	7.74
715.828	7.74
716.152	7.77
716.475	7.81
716.799	7.84
717.122	7.86
717.445	7.9
717.768	7.93
718.092	7.89
718.415	7.94
718.738	7.93
719.061	7.87
719.384	7.86
719.707	7.86
720.03	7.82
720.352	7.8
720.675	7.84
720.998	7.84
721.32	7.83
721.643	7.89
721.966	7.9
722.288	7.92
722.611	7.93
722.933	7.96
723.255	7.85
723.578	7.86
723.9	7.76
724.222	7.79
724.544	7.8
724.866	7.83
725.188	7.78
725.51	7.83
725.832	7.84
726.154	7.89
726.476	7.85
726.798	7.9
727.12	7.91
727.441	8.03
727.763	8.01
728.085	8.02
728.406	8.05
728.728	8.14
729.049	8.08
729.37	8.04
729.692	8.04
730.013	8.02
730.334	8.05
730.655	8.02
730.977	7.99
731.298	7.96
731.619	7.98
731.94	8
732.261	7.96
732.581	7.98
732.902	8.06
733.223	8.07
733.544	8.21
733.864	8.22
734.185	8.29
734.506	8.34
734.826	8.4
735.146	8.37
735.467	8.32
735.787	8.32
736.108	8.32
736.428	8.27
736.748	8.32
737.068	8.3
737.388	8.38
737.708	8.4
738.028	8.43
738.348	8.45
738.668	8.45
738.988	8.44
739.308	8.43
739.628	8.49
739.947	8.48
740.267	8.49
740.586	8.39
740.906	8.34
741.225	8.29
741.545	8.27
741.864	8.28
742.184	8.29
742.503	8.35
742.822	8.33
743.141	8.29
743.46	8.32
743.779	8.3
744.098	8.32
744.417	8.32
744.736	8.41
745.055	8.29
745.374	8.23
745.693	8.2
746.011	8.19
746.33	8.25
746.649	8.2
746.967	8.12
747.286	8.07
747.604	8.11
747.923	8.08
748.241	7.95
748.559	8.01
748.877	7.99
749.196	8.05
749.514	7.99
749.832	7.91
750.15	8.06
750.468	8.08
750.786	8.08
751.104	8.1
751.422	8.13
751.739	8.19
752.057	8.29
752.375	8.32
752.692	8.39
753.01	8.51
753.327	8.58
753.645	8.43
753.962	8.5
754.28	8.58
754.597	8.48
754.914	8.39
755.231	8.33
755.548	8.24
755.866	8.2
756.183	8
756.5	8.02
756.816	8.01
757.133	8.05
757.45	7.86
757.767	7.74
758.084	7.79
758.4	7.8
758.717	7.89
759.034	8.01
759.35	8.04
759.667	8.15
759.983	8.01
760.299	8.03
760.616	8.14
760.932	8.3
761.248	8.45
761.564	8.54
761.88	8.56
762.196	8.47
762.512	8.34
762.828	8.31
763.144	8.28
763.46	8.32
763.776	8.32
764.092	8.31
764.407	8.29
764.723	8.26
765.038	8.24
765.354	8.3
765.669	8.36
765.985	8.4
766.3	8.49
766.616	8.49
766.931	8.53
767.246	8.59
767.561	8.62
767.876	8.66
768.191	8.67
768.506	8.6
768.821	8.51
769.136	8.58
769.451	8.65
769.766	8.63
770.08	8.68
770.395	8.67
770.71	8.59
771.024	8.57
771.339	8.61
771.653	8.63
771.968	8.73
772.282	8.89
772.596	8.83
772.911	8.6
773.225	8.62
773.539	8.64
773.853	8.69
774.167	8.82
774.481	8.81
774.795	8.82
775.109	8.94
775.423	9.03
775.737	8.99
776.05	9.04
776.364	9.4
776.678	9.4
776.991	9.46
777.305	9.43
777.618	9.43
777.931	9.38
778.245	9.32
778.558	9.36
778.871	9.34
779.185	9.31
779.498	9.4
779.811	9.33
780.124	9.36
780.437	9.24
780.75	9.16
781.063	9.2
781.375	9.25
781.688	9.27
782.001	9.09
782.314	9
782.626	9.01
782.939	9.01
783.251	8.99
783.564	9.01
783.876	9.12
784.188	9.18
784.501	9.09
784.813	9.13
785.125	9.18
785.437	9.11
785.749	9.03
786.061	9.06
786.373	8.92
786.685	9.04
786.997	8.89
787.309	8.86
787.621	8.83
787.932	8.78
788.244	8.91
788.556	8.87
788.867	8.92
789.179	9.06
789.49	8.98
789.801	8.96
790.113	8.78
790.424	8.93
790.735	8.94
791.046	9.03
791.358	9.12
791.669	8.95
791.98	9
792.291	9.08
792.601	8.95
792.912	8.92
793.223	8.99
793.534	9.01
793.845	8.87
794.155	8.96
794.466	9.01
794.776	8.92
795.087	8.84
795.397	8.81
795.707	8.84
796.018	8.95
796.328	9.03
796.638	8.98
796.948	9.07
797.258	9.26
797.569	9.18
797.879	9.21
798.188	9.3
798.498	9.29
798.808	9.38
799.118	9.39
799.428	9.46
799.737	9.62
800.047	9.83
800.356	9.62
800.666	9.57
800.975	9.58
801.285	9.47
801.594	9.32
801.903	9.49
802.213	9.46
802.522	9.5
802.831	9.44
803.14	9.27
803.449	9.06
803.758	9.3
804.067	9.26
804.376	9.3
804.684	9.35
804.993	9.47
805.302	9.38
805.611	9.19
805.919	9.08
806.228	9.13
806.536	9.07
806.845	9.18
807.153	9.31
807.461	9.43
807.769	9.48
808.078	9.57
808.386	9.65
808.694	9.69
809.002	9.91
809.31	10.03
809.618	9.97
809.926	10.1
810.233	10.09
810.541	9.99
810.849	9.96
811.157	10.02
811.464	9.95
811.772	9.86
812.079	9.87
812.387	9.67
812.694	9.63
813.001	9.73
813.309	9.78
813.616	9.85
813.923	10.01
814.23	9.94
814.537	9.79
814.844	9.68
815.151	9.54
815.458	9.44
815.765	9.7
816.072	9.8
816.378	9.74
816.685	9.67
816.992	9.63
817.298	9.39
817.605	9.71
817.911	9.75
818.218	9.65
818.524	9.75
818.83	9.94
819.136	9.91
819.443	9.63
819.749	9.76
820.055	9.64
820.361	9.43
820.667	9.27
820.973	8.96
821.279	8.8
821.584	8.86
821.89	8.84
822.196	8.78
822.501	8.74
822.807	8.85
823.113	8.87
823.418	8.91
823.723	8.99
824.029	9.06
824.334	9.13
824.639	9.2
824.944	9.29
825.25	9.37
825.555	9.45
825.86	9.53
826.165	9.52
826.47	9.47
826.774	9.49
827.079	9.49
827.384	9.44
827.689	9.43
827.993	9.52
828.298	9.52
828.602	9.57
828.907	9.6
829.211	9.61
829.516	9.64
829.82	9.72
830.124	9.77
830.429	9.85
830.733	9.91
831.037	10.01
831.341	10
831.645	10.18
831.949	10.11
832.253	10.05
832.556	9.9
832.86	9.81
833.164	9.7
833.467	9.65
833.771	9.65
834.075	9.62
834.378	9.57
834.682	9.56
834.985	9.32
835.288	9.33
835.591	9.5
835.895	9.7
836.198	9.78
836.501	9.87
836.804	9.86
837.107	9.95
837.41	10.28
837.713	10.44
838.016	10.65
838.318	11
838.621	11.38
838.924	11.53
839.226	11.45
839.529	11.44
839.831	11.49
840.134	11.96
840.436	11.84
840.738	11.5
841.041	11.31
841.343	11.01
841.645	10.84
841.947	10.51
842.249	10.37
842.551	10.59
842.853	10.65
843.155	10.59
843.457	10.23
843.758	10.09
844.06	10.32
844.362	10.6
844.663	10.68
844.965	10.87
845.266	10.83
845.568	10.59
845.869	10.35
846.17	10.64
846.472	11.01
846.773	11.08
847.074	11.65
847.375	11.68
847.676	11.45
847.977	11.43
848.278	11.54
848.579	11.64
848.88	12.01
849.181	12.17
849.481	12.54
849.782	12.9
850.082	13.11
850.383	12.91
850.683	13.16
850.984	13.27
851.284	13.67
851.585	13.21
851.885	13.18
852.185	13.05
852.485	13.1
852.785	12.46
853.085	11.84
853.385	12.11
853.685	12.18
853.985	11.66
854.285	12.08
854.584	11.7
854.884	11.77
855.184	11.76
855.483	11.88
855.783	11.98
856.082	11.88
856.382	12.28
856.681	11.69
856.98	11.26
857.28	11.17
857.579	10.55
857.878	10.82
858.177	11.34
858.476	11.49
858.775	10.94
859.074	10.39
859.373	10.23
859.671	9.31
859.97	9.3
860.269	9.4
860.567	10.2
860.866	10.34
861.165	10.5
861.463	10.68
861.761	10.75
862.06	11.44
862.358	12.1
862.656	12.05
862.954	12.63
863.252	12.96
863.551	12.84
863.849	12.75
864.146	12.51
864.444	12.35
864.742	11.62
865.04	11.56
865.338	11.53
865.635	11.16
865.933	11.52
866.23	11.49
866.528	11.02
866.825	10.97
867.123	10.28
867.42	10.63
867.717	10.81
868.014	10.79
868.312	10.32
868.609	9.61
868.906	9.68
869.203	9.63
869.5	9.12
869.796	8.49
870.093	8.61
870.39	8.92
870.687	8.99
870.983	8.52
871.28	8.71
871.576	8.55
871.873	8.21
872.169	8.74
872.466	8.69
872.762	9.08
873.058	10.27
873.354	10.39
873.65	10.92
873.947	10.12
874.243	10.76
874.538	11.47
874.834	12.22
875.13	12.87
875.426	12.71
875.722	13.05
876.017	12.88
876.313	12.59
876.608	12.89
876.904	12.56
877.199	13.58
877.495	13.41
877.79	12.16
878.085	11.76
878.381	12.35
878.676	12.07
878.971	12.34
879.266	12.95
879.561	12.86
879.856	12.35
880.151	11.76
880.445	11.33
880.74	11.05
881.035	11.41
881.329	11.51
881.624	11.22
881.919	11.23
882.213	10.88
