177.169	8850
177.554	832.39
177.94	-126.04
178.326	-114.63
178.711	56.13
179.097	107.44
179.482	60.48
179.868	93.25
180.253	142.37
180.639	85.17
181.024	171.28
181.409	639.86
181.795	832.39
182.18	-9.62
182.565	202.7
182.95	-51.08
183.336	78.71
183.721	74.13
184.106	41.39
184.491	24.53
184.876	-15.25
185.261	-23.11
185.646	-34.07
186.031	-26.53
186.416	-28.98
186.801	-21.39
187.186	-14.82
187.57	-28.03
187.955	-39.93
188.34	-28.34
188.725	-19.15
189.11	-24.75
189.494	-29
189.879	-14.51
190.263	-10.72
190.648	-18.57
191.033	-12.09
191.417	-8.99
191.802	0.63
192.186	6.23
192.57	-2.2
192.955	-0.93
193.339	4.37
193.723	12.2
194.108	4.9
194.492	2.64
194.876	11.32
195.26	0.88
195.645	-1.82
196.029	-5.68
196.413	-5.6
196.797	9.72
197.181	7.48
197.565	8.25
197.949	7.85
198.333	14.89
198.717	13.79
199.101	10.17
199.484	11.32
199.868	8.14
200.252	2.49
200.636	2.74
201.019	-1.52
201.403	4.34
201.787	8.33
202.17	4.85
202.554	-1.32
202.937	3.06
203.321	-3.03
203.704	4.48
204.088	9.48
204.471	10.88
204.855	9.76
205.238	9.32
205.621	7.18
206.005	2.03
206.388	9.5
206.771	12.04
207.154	9.06
207.537	8.13
207.921	-0.38
208.304	2.88
208.687	3.45
209.07	10.65
209.453	13.64
209.836	10.95
210.219	7.51
210.601	-0.34
210.984	-7.96
211.367	-4.39
211.75	8.05
212.133	7.13
212.515	4.72
212.898	4.63
213.281	-2.29
213.663	-5.2
214.046	0.86
214.428	-4.13
214.811	-4.48
215.193	2.99
215.576	2.16
215.958	-6.39
216.341	-2.37
216.723	-5.98
217.105	-5.07
217.488	-3.74
217.87	-4.89
218.252	-9.91
218.634	-9.2
219.017	-12.43
219.399	-20.48
219.781	-26.95
220.163	-18.31
220.545	-19.3
220.927	-16.35
221.309	-16.52
221.691	-23.16
222.073	-15.9
222.455	-12.12
222.836	-6.78
223.218	-7.97
223.6	-9.59
223.982	-4.47
224.363	-4.51
224.745	-5.58
225.127	-3.63
225.508	-1.38
225.89	1.67
226.271	-2.11
226.653	-4.94
227.034	0.02
227.416	3
227.797	5.22
228.178	3.57
228.56	-0.32
228.941	1.4
229.322	3.39
229.704	2.86
230.085	-1.32
230.466	3.32
230.847	3.32
231.228	-1.13
231.609	0.14
231.99	2.34
232.371	2.09
232.752	2.1
233.133	1.95
233.514	-1.94
233.895	-5.19
234.276	1.76
234.657	0.18
235.037	3.25
235.418	2.74
235.799	2.11
236.179	1.81
236.56	2.73
236.941	4.49
237.321	4.55
237.702	4.3
238.082	5.63
238.463	4.64
238.843	2.77
239.223	1.42
239.604	2.08
239.984	1.89
240.364	1.84
240.745	0.57
241.125	0.43
241.505	-0.2
241.885	0.43
242.265	0.52
242.645	0.16
243.025	1.2
243.405	1.17
243.785	0.77
244.165	0.88
244.545	0.69
244.925	0.86
245.305	0.76
245.685	0.84
246.065	0.65
246.444	0.4
246.824	0.52
247.204	0.18
247.583	-0.04
247.963	0.1
248.343	0.04
248.722	0.07
249.102	0.17
249.481	0.17
249.861	0.22
250.24	0.42
250.619	0.75
250.999	0.55
251.378	0.53
251.757	0.98
252.136	1
252.516	0.88
252.895	0.75
253.274	0.86
253.653	0.53
254.032	0.48
254.411	0.23
254.79	0.11
255.169	0.3
255.548	0.17
255.927	0.34
256.306	0.21
256.685	0.47
257.063	0.54
257.442	0.46
257.821	0.64
258.199	0.62
258.578	0.58
258.957	0.5
259.335	0.4
259.714	0.43
260.092	0.33
260.471	0.4
260.849	0.33
261.228	0.24
261.606	0.16
261.984	0.11
262.363	0.12
262.741	0.12
263.119	0.18
263.497	0.24
263.876	0.22
264.254	0.13
264.632	-0.03
265.01	-0
265.388	0.12
265.766	0.33
266.144	0.34
266.522	0.37
266.9	0.41
267.278	0.47
267.655	0.46
268.033	0.45
268.411	0.64
268.789	0.62
269.166	0.59
269.544	0.47
269.922	0.34
270.299	0.32
270.677	0.2
271.054	0.16
271.432	0.07
271.809	0.14
272.186	0.2
272.564	0.11
272.941	0.11
273.318	0.06
273.696	0.07
274.073	0.01
274.45	-0.07
274.827	-0.05
275.204	-0.13
275.582	-0.16
275.959	-0.28
276.336	-0.31
276.713	-0.33
277.09	-0.37
277.466	-0.31
277.843	-0.25
278.22	-0.2
278.597	-0.08
278.974	-0.15
279.35	-0.21
279.727	-0.02
280.104	0.05
280.48	0.07
280.857	0.05
281.234	0.03
281.61	0.06
281.987	0.04
282.363	0.08
282.74	0.09
283.116	0.13
283.492	0.19
283.869	0.17
284.245	0.16
284.621	0.14
284.997	0.17
285.373	0.19
285.75	0.14
286.126	0.17
286.502	0.1
286.878	0.07
287.254	0.11
287.63	0.08
288.006	0.05
288.382	0.03
288.757	-0
289.133	-0.01
289.509	0.06
289.885	0.06
290.26	0.09
290.636	0.22
291.012	0.22
291.387	0.18
291.763	0.2
292.139	0.26
292.514	0.23
292.889	0.23
293.265	0.22
293.64	0.14
294.016	0.21
294.391	0.15
294.766	0.13
295.142	0.15
295.517	0.14
295.892	0.19
296.267	0.19
296.642	0.21
297.017	0.26
297.392	0.27
297.767	0.33
298.142	0.35
298.517	0.35
298.892	0.29
299.267	0.2
299.642	0.26
300.017	0.21
300.391	0.14
300.766	0.19
301.141	0.13
301.515	0.07
301.89	0.06
302.265	0.07
302.639	0.05
303.014	0.08
303.388	0.1
303.762	0.08
304.137	0.11
304.511	0.05
304.886	0.05
305.26	0.15
305.634	0.15
306.008	0.12
306.382	0.08
306.757	0.22
307.131	0.18
307.505	0.28
307.879	0.29
308.253	0.29
308.627	0.29
309.001	0.35
309.375	0.34
309.748	0.39
310.122	0.42
310.496	0.46
310.87	0.41
311.243	0.46
311.617	0.44
311.991	0.41
312.364	0.45
312.738	0.51
313.111	0.46
313.485	0.44
313.858	0.49
314.232	0.51
314.605	0.47
314.979	0.5
315.352	0.49
315.725	0.57
316.098	0.57
316.472	0.53
316.845	0.55
317.218	0.5
317.591	0.48
317.964	0.44
318.337	0.39
318.71	0.42
319.083	0.34
319.456	0.29
319.829	0.24
320.202	0.25
320.574	0.3
320.947	0.29
321.32	0.3
321.693	0.31
322.065	0.41
322.438	0.44
322.81	0.37
323.183	0.36
323.555	0.39
323.928	0.4
324.3	0.46
324.673	0.49
325.045	0.51
325.417	0.59
325.79	0.6
326.162	0.54
326.534	0.52
326.906	0.61
327.278	0.69
327.651	0.75
328.023	0.84
328.395	0.81
328.767	0.78
329.139	0.75
329.511	0.68
329.882	0.66
330.254	0.64
330.626	0.62
330.998	0.54
331.37	0.56
331.741	0.57
332.113	0.39
332.485	0.33
332.856	0.28
333.228	0.31
333.599	0.36
333.971	0.4
334.342	0.37
334.714	0.37
335.085	0.41
335.456	0.31
335.828	0.25
336.199	0.3
336.57	0.38
336.941	0.41
337.312	0.33
337.683	0.24
338.054	0.22
338.426	0.25
338.797	0.27
339.167	0.29
339.538	0.35
339.909	0.36
340.28	0.34
340.651	0.26
341.022	0.21
341.392	0.21
341.763	0.28
342.134	0.28
342.504	0.27
342.875	0.23
343.246	0.26
343.616	0.25
343.987	0.27
344.357	0.3
344.727	0.38
345.098	0.4
345.468	0.46
345.838	0.49
346.209	0.5
346.579	0.47
346.949	0.51
347.319	0.49
347.689	0.52
348.059	0.52
348.429	0.49
348.799	0.48
349.169	0.5
349.539	0.51
349.909	0.49
350.279	0.47
350.649	0.5
351.018	0.49
351.388	0.48
351.758	0.45
352.128	0.49
352.497	0.47
352.867	0.45
353.236	0.48
353.606	0.45
353.975	0.41
354.345	0.41
354.714	0.43
355.083	0.44
355.453	0.44
355.822	0.41
356.191	0.36
356.56	0.36
356.93	0.37
357.299	0.38
357.668	0.42
358.037	0.46
358.406	0.46
358.775	0.42
359.144	0.43
359.513	0.42
359.882	0.44
360.25	0.43
360.619	0.44
360.988	0.43
361.357	0.39
361.725	0.36
362.094	0.35
362.463	0.33
362.831	0.35
363.2	0.35
363.568	0.34
363.937	0.34
364.305	0.34
364.673	0.38
365.042	0.42
365.41	0.43
365.778	0.44
366.146	0.47
366.515	0.53
366.883	0.52
367.251	0.52
367.619	0.56
367.987	0.58
368.355	0.58
368.723	0.57
369.091	0.57
369.459	0.54
369.826	0.55
370.194	0.51
370.562	0.48
370.93	0.47
371.297	0.45
371.665	0.45
372.033	0.43
372.4	0.45
372.768	0.41
373.135	0.39
373.503	0.44
373.87	0.43
374.237	0.45
374.605	0.46
374.972	0.45
375.339	0.46
375.707	0.44
376.074	0.45
376.441	0.45
376.808	0.45
377.175	0.46
377.542	0.43
377.909	0.43
378.276	0.42
378.643	0.43
379.01	0.44
379.377	0.41
379.744	0.41
380.11	0.44
380.477	0.45
380.844	0.48
381.21	0.5
381.577	0.52
381.944	0.5
382.31	0.5
382.677	0.49
383.043	0.5
383.409	0.53
383.776	0.54
384.142	0.51
384.508	0.51
384.875	0.48
385.241	0.45
385.607	0.46
385.973	0.48
386.339	0.5
386.705	0.48
387.071	0.44
387.437	0.49
387.803	0.49
388.169	0.5
388.535	0.49
388.901	0.48
389.267	0.48
389.633	0.47
389.998	0.46
390.364	0.45
390.73	0.45
391.095	0.46
391.461	0.42
391.826	0.41
392.192	0.4
392.557	0.43
392.923	0.46
393.288	0.47
393.653	0.48
394.019	0.48
394.384	0.48
394.749	0.5
395.114	0.53
395.479	0.53
395.844	0.54
396.21	0.53
396.575	0.51
396.94	0.52
397.304	0.53
397.669	0.52
398.034	0.52
398.399	0.51
398.764	0.51
399.129	0.49
399.493	0.49
399.858	0.51
400.223	0.51
400.587	0.51
400.952	0.5
401.316	0.5
401.681	0.5
402.045	0.52
402.409	0.53
402.774	0.51
403.138	0.5
403.502	0.5
403.867	0.48
404.231	0.48
404.595	0.46
404.959	0.46
405.323	0.44
405.687	0.44
406.051	0.43
406.415	0.43
406.779	0.45
407.143	0.47
407.507	0.46
407.871	0.46
408.234	0.44
408.598	0.45
408.962	0.45
409.325	0.46
409.689	0.46
410.053	0.45
410.416	0.46
410.78	0.46
411.143	0.44
411.506	0.45
411.87	0.46
412.233	0.49
412.596	0.51
412.96	0.5
413.323	0.5
413.686	0.5
414.049	0.47
414.412	0.47
414.775	0.46
415.138	0.48
415.501	0.47
415.864	0.49
416.227	0.48
416.59	0.47
416.953	0.46
417.315	0.46
417.678	0.46
418.041	0.47
418.404	0.46
418.766	0.46
419.129	0.45
419.491	0.46
419.854	0.45
420.216	0.45
420.579	0.45
420.941	0.45
421.303	0.46
421.666	0.45
422.028	0.45
422.39	0.45
422.752	0.45
423.114	0.46
423.476	0.46
423.839	0.46
424.201	0.46
424.563	0.46
424.924	0.45
425.286	0.44
425.648	0.46
426.01	0.47
426.372	0.47
426.733	0.47
427.095	0.47
427.457	0.46
427.818	0.45
428.18	0.44
428.542	0.44
428.903	0.45
429.264	0.45
429.626	0.45
429.987	0.44
430.349	0.43
430.71	0.44
431.071	0.44
431.432	0.43
431.794	0.44
432.155	0.44
432.516	0.45
432.877	0.45
433.238	0.45
433.599	0.44
433.96	0.45
434.321	0.45
434.681	0.45
435.042	0.44
435.403	0.45
435.764	0.45
436.124	0.46
436.485	0.45
436.846	0.45
437.206	0.45
437.567	0.45
437.927	0.45
438.288	0.45
438.648	0.45
439.008	0.45
439.369	0.45
439.729	0.45
440.089	0.45
440.449	0.45
440.81	0.44
441.17	0.44
441.53	0.44
441.89	0.45
442.25	0.44
442.61	0.43
442.97	0.44
443.33	0.44
443.689	0.44
444.049	0.44
444.409	0.44
444.769	0.45
445.128	0.45
445.488	0.44
445.848	0.45
446.207	0.46
446.567	0.46
446.926	0.46
447.285	0.46
447.645	0.46
448.004	0.45
448.363	0.45
448.723	0.44
449.082	0.44
449.441	0.46
449.8	0.45
450.159	0.44
450.518	0.42
450.877	0.44
451.236	0.44
451.595	0.45
451.954	0.46
452.313	0.47
452.672	0.48
453.031	0.48
453.389	0.47
453.748	0.48
454.107	0.48
454.465	0.49
454.824	0.49
455.182	0.49
455.541	0.49
455.899	0.49
456.258	0.47
456.616	0.47
456.974	0.46
457.333	0.46
457.691	0.46
458.049	0.45
458.407	0.45
458.765	0.45
459.123	0.45
459.481	0.44
459.839	0.44
460.197	0.46
460.555	0.45
460.913	0.45
461.271	0.45
461.629	0.44
461.987	0.44
462.344	0.46
462.702	0.47
463.06	0.45
463.417	0.45
463.775	0.45
464.132	0.43
464.49	0.44
464.847	0.45
465.204	0.45
465.562	0.44
465.919	0.44
466.276	0.44
466.633	0.43
466.991	0.44
467.348	0.44
467.705	0.45
468.062	0.45
468.419	0.45
468.776	0.46
469.133	0.46
469.49	0.46
469.846	0.46
470.203	0.45
470.56	0.44
470.917	0.43
471.273	0.44
471.63	0.43
471.986	0.44
472.343	0.43
472.699	0.43
473.056	0.42
473.412	0.43
473.769	0.42
474.125	0.42
474.481	0.42
474.838	0.43
475.194	0.42
475.55	0.41
475.906	0.4
476.262	0.4
476.618	0.4
476.974	0.4
477.33	0.41
477.686	0.41
478.042	0.41
478.398	0.41
478.753	0.41
479.109	0.42
479.465	0.43
479.821	0.43
480.176	0.43
480.532	0.44
480.887	0.44
481.243	0.43
481.598	0.44
481.954	0.44
482.309	0.45
482.664	0.44
483.02	0.43
483.375	0.42
483.73	0.43
484.085	0.42
484.44	0.42
484.795	0.42
485.15	0.43
485.505	0.42
485.86	0.42
486.215	0.42
486.57	0.41
486.925	0.42
487.28	0.42
487.634	0.42
487.989	0.42
488.344	0.43
488.698	0.42
489.053	0.42
489.407	0.41
489.762	0.41
490.116	0.4
490.471	0.41
490.825	0.4
491.179	0.4
491.534	0.41
491.888	0.4
492.242	0.4
492.596	0.41
492.95	0.41
493.304	0.42
493.658	0.41
494.012	0.42
494.366	0.42
494.72	0.41
495.074	0.43
495.428	0.42
495.782	0.42
496.135	0.42
496.489	0.42
496.843	0.41
497.196	0.42
497.55	0.43
497.903	0.43
498.257	0.43
498.61	0.44
498.963	0.43
499.317	0.44
499.67	0.45
500.023	0.45
500.376	0.44
500.73	0.44
501.083	0.43
501.436	0.42
501.789	0.41
502.142	0.41
502.495	0.42
502.848	0.41
503.201	0.4
503.553	0.39
503.906	0.39
504.259	0.41
504.612	0.41
504.964	0.41
505.317	0.42
505.669	0.42
506.022	0.42
506.374	0.42
506.727	0.43
507.079	0.43
507.432	0.42
507.784	0.41
508.136	0.41
508.488	0.4
508.841	0.4
509.193	0.4
509.545	0.4
509.897	0.4
510.249	0.39
510.601	0.39
510.953	0.4
511.305	0.41
511.656	0.41
512.008	0.41
512.36	0.41
512.712	0.41
513.063	0.41
513.415	0.41
513.766	0.41
514.118	0.41
514.469	0.41
514.821	0.41
515.172	0.42
515.524	0.41
515.875	0.41
516.226	0.41
516.577	0.41
516.929	0.42
517.28	0.42
517.631	0.42
517.982	0.42
518.333	0.41
518.684	0.4
519.035	0.4
519.386	0.4
519.737	0.4
520.087	0.4
520.438	0.39
520.789	0.38
521.139	0.39
521.49	0.39
521.841	0.39
522.191	0.4
522.542	0.4
522.892	0.4
523.243	0.4
523.593	0.4
523.943	0.4
524.293	0.4
524.644	0.4
524.994	0.39
525.344	0.39
525.694	0.38
526.044	0.38
526.394	0.39
526.744	0.39
527.094	0.39
527.444	0.39
527.794	0.4
528.144	0.39
528.493	0.4
528.843	0.4
529.193	0.4
529.542	0.41
529.892	0.41
530.241	0.41
530.591	0.4
530.94	0.4
531.29	0.4
531.639	0.4
531.988	0.4
532.338	0.4
532.687	0.39
533.036	0.39
533.385	0.39
533.734	0.39
534.083	0.39
534.432	0.39
534.781	0.39
535.13	0.38
535.479	0.38
535.828	0.39
536.177	0.37
536.525	0.38
536.874	0.39
537.223	0.39
537.571	0.39
537.92	0.39
538.268	0.38
538.617	0.38
538.965	0.39
539.314	0.39
539.662	0.4
540.01	0.4
540.359	0.4
540.707	0.4
541.055	0.4
541.403	0.4
541.751	0.4
542.099	0.4
542.447	0.41
542.795	0.41
543.143	0.41
543.491	0.41
543.839	0.42
544.187	0.42
544.534	0.41
544.882	0.41
545.23	0.42
545.577	0.42
545.925	0.42
546.272	0.42
546.62	0.42
546.967	0.42
547.314	0.42
547.662	0.41
548.009	0.4
548.356	0.4
548.704	0.41
549.051	0.41
549.398	0.4
549.745	0.41
550.092	0.41
550.439	0.41
550.786	0.42
551.133	0.42
551.479	0.43
551.826	0.43
552.173	0.44
552.52	0.45
552.866	0.43
553.213	0.42
553.56	0.43
553.906	0.43
554.253	0.43
554.599	0.41
554.945	0.41
555.292	0.41
555.638	0.4
555.984	0.41
556.331	0.4
556.677	0.41
557.023	0.42
557.369	0.42
557.715	0.42
558.061	0.41
558.407	0.42
558.753	0.41
559.099	0.41
559.444	0.41
559.79	0.4
560.136	0.4
560.482	0.4
560.827	0.39
561.173	0.38
561.518	0.39
561.864	0.39
562.209	0.39
562.555	0.41
562.9	0.43
563.245	0.42
563.591	0.42
563.936	0.4
564.281	0.4
564.626	0.4
564.971	0.4
565.316	0.39
565.661	0.39
566.006	0.41
566.351	0.39
566.696	0.38
567.041	0.39
567.386	0.41
567.73	0.42
568.075	0.41
568.42	0.41
568.764	0.43
569.109	0.44
569.453	0.41
569.798	0.4
570.142	0.4
570.487	0.41
570.831	0.4
571.175	0.4
571.519	0.39
571.864	0.39
572.208	0.41
572.552	0.4
572.896	0.38
573.24	0.39
573.584	0.39
573.928	0.4
574.272	0.39
574.616	0.4
574.959	0.39
575.303	0.4
575.647	0.4
575.99	0.4
576.334	0.39
576.678	0.41
577.021	0.42
577.364	0.42
577.708	0.43
578.051	0.45
578.395	0.46
578.738	0.45
579.081	0.47
579.424	0.47
579.767	0.48
580.111	0.5
580.454	0.52
580.797	0.5
581.14	0.48
581.482	0.46
581.825	0.45
582.168	0.44
582.511	0.45
582.854	0.43
583.196	0.42
583.539	0.43
583.882	0.42
584.224	0.41
584.567	0.43
584.909	0.45
585.252	0.46
585.594	0.46
585.936	0.48
586.279	0.48
586.621	0.49
586.963	0.49
587.305	0.48
587.647	0.48
587.989	0.48
588.331	0.46
588.673	0.46
589.015	0.44
589.357	0.44
589.699	0.43
590.041	0.41
590.382	0.4
590.724	0.41
591.066	0.4
591.407	0.4
591.749	0.41
592.09	0.41
592.432	0.41
592.773	0.4
593.114	0.41
593.456	0.39
593.797	0.41
594.138	0.42
594.479	0.4
594.821	0.4
595.162	0.4
595.503	0.38
595.844	0.38
596.185	0.37
596.525	0.38
596.866	0.38
597.207	0.38
597.548	0.37
597.889	0.37
598.229	0.38
598.57	0.38
598.91	0.37
599.251	0.38
599.592	0.38
599.932	0.39
600.272	0.4
600.613	0.42
600.953	0.44
601.293	0.45
601.633	0.44
601.974	0.45
602.314	0.46
602.654	0.46
602.994	0.45
603.334	0.46
603.674	0.45
604.014	0.44
604.353	0.42
604.693	0.42
605.033	0.42
605.373	0.43
605.712	0.43
606.052	0.4
606.391	0.39
606.731	0.4
607.07	0.4
607.41	0.42
607.749	0.43
608.088	0.43
608.428	0.43
608.767	0.41
609.106	0.4
609.445	0.41
609.784	0.44
610.123	0.46
610.462	0.45
610.801	0.45
611.14	0.44
611.479	0.42
611.818	0.45
612.157	0.46
612.495	0.48
612.834	0.51
613.173	0.5
613.511	0.51
613.85	0.51
614.188	0.5
614.527	0.5
614.865	0.49
615.203	0.49
615.542	0.5
615.88	0.49
616.218	0.49
616.556	0.49
616.894	0.49
617.233	0.49
617.571	0.49
617.908	0.51
618.246	0.5
618.584	0.52
618.922	0.53
619.26	0.5
619.598	0.52
619.935	0.53
620.273	0.5
620.611	0.5
620.948	0.51
621.286	0.51
621.623	0.49
621.96	0.49
622.298	0.47
622.635	0.47
622.972	0.48
623.31	0.47
623.647	0.46
623.984	0.46
624.321	0.43
624.658	0.41
624.995	0.4
625.332	0.42
625.669	0.42
626.006	0.46
626.342	0.46
626.679	0.47
627.016	0.45
627.352	0.45
627.689	0.46
628.026	0.48
628.362	0.49
628.699	0.49
629.035	0.49
629.371	0.48
629.708	0.45
630.044	0.43
630.38	0.42
630.716	0.4
631.052	0.41
631.388	0.41
631.725	0.41
632.06	0.39
632.396	0.41
632.732	0.41
633.068	0.43
633.404	0.44
633.74	0.45
634.075	0.46
634.411	0.47
634.747	0.48
635.082	0.46
635.418	0.47
635.753	0.48
636.089	0.46
636.424	0.47
636.759	0.47
637.095	0.48
637.43	0.5
637.765	0.51
638.1	0.51
638.435	0.49
638.77	0.53
639.105	0.48
639.44	0.49
639.775	0.49
640.11	0.48
640.445	0.49
640.779	0.51
641.114	0.48
641.449	0.46
641.783	0.47
642.118	0.46
642.452	0.44
642.787	0.46
643.121	0.44
643.456	0.46
643.79	0.46
644.124	0.44
644.458	0.41
644.793	0.43
645.127	0.43
645.461	0.44
645.795	0.43
646.129	0.42
646.463	0.41
646.797	0.41
647.13	0.41
647.464	0.41
647.798	0.43
648.132	0.44
648.465	0.45
648.799	0.41
649.132	0.41
649.466	0.44
649.799	0.48
650.133	0.48
650.466	0.5
650.799	0.53
651.133	0.51
651.466	0.49
651.799	0.48
652.132	0.47
652.465	0.52
652.798	0.5
653.131	0.47
653.464	0.46
653.797	0.49
654.13	0.5
654.463	0.48
654.795	0.5
655.128	0.49
655.461	0.51
655.793	0.52
656.126	0.49
656.458	0.54
656.791	0.56
657.123	0.53
657.455	0.49
657.788	0.48
658.12	0.48
658.452	0.51
658.784	0.56
659.116	0.55
659.448	0.54
659.78	0.51
660.112	0.51
660.444	0.52
660.776	0.54
661.108	0.55
661.44	0.51
661.771	0.51
662.103	0.5
662.435	0.44
662.766	0.43
663.098	0.43
663.429	0.47
663.761	0.44
664.092	0.46
664.423	0.45
664.755	0.47
665.086	0.5
665.417	0.53
665.748	0.47
666.079	0.49
666.41	0.51
666.741	0.51
667.072	0.52
667.403	0.52
667.734	0.46
668.065	0.42
668.395	0.42
668.726	0.41
669.057	0.38
669.387	0.39
669.718	0.36
670.048	0.35
670.379	0.36
670.709	0.34
671.039	0.31
671.37	0.35
671.7	0.4
672.03	0.41
672.36	0.45
672.69	0.43
673.02	0.44
673.35	0.49
673.68	0.51
674.01	0.5
674.34	0.52
674.67	0.57
675	0.52
675.329	0.5
675.659	0.48
675.989	0.47
676.318	0.5
676.648	0.49
676.977	0.45
677.307	0.43
677.636	0.43
677.965	0.41
678.295	0.42
678.624	0.44
678.953	0.44
679.282	0.44
679.611	0.44
679.94	0.46
680.269	0.48
680.598	0.49
680.927	0.53
681.256	0.53
681.584	0.52
681.913	0.54
682.242	0.55
682.57	0.55
682.899	0.54
683.228	0.55
683.556	0.53
683.884	0.54
684.213	0.56
684.541	0.51
684.869	0.54
685.198	0.55
685.526	0.52
685.854	0.5
686.182	0.54
686.51	0.55
686.838	0.53
687.166	0.54
687.494	0.55
687.822	0.52
688.149	0.48
688.477	0.48
688.805	0.48
689.133	0.45
689.46	0.47
689.788	0.47
690.115	0.44
690.443	0.41
690.77	0.41
691.097	0.38
691.425	0.42
691.752	0.44
692.079	0.39
692.406	0.35
692.733	0.38
693.06	0.32
693.387	0.31
693.714	0.31
694.041	0.37
694.368	0.39
694.695	0.41
695.021	0.38
695.348	0.46
695.675	0.49
696.001	0.56
696.328	0.57
696.654	0.62
696.981	0.58
697.307	0.61
697.634	0.6
697.96	0.59
698.286	0.6
698.612	0.62
698.938	0.59
699.264	0.56
699.591	0.54
699.917	0.58
700.242	0.57
700.568	0.59
700.894	0.59
701.22	0.57
701.546	0.59
701.871	0.56
702.197	0.55
702.523	0.5
702.848	0.52
703.174	0.46
703.499	0.42
703.824	0.36
704.15	0.42
704.475	0.47
704.8	0.47
705.125	0.46
705.451	0.46
705.776	0.45
706.101	0.49
706.426	0.5
706.751	0.58
707.076	0.63
707.4	0.68
707.725	0.62
708.05	0.54
708.375	0.56
708.699	0.53
709.024	0.54
709.348	0.52
709.673	0.54
709.997	0.58
710.322	0.59
710.646	0.53
710.97	0.51
711.294	0.5
711.619	0.52
711.943	0.46
712.267	0.44
712.591	0.42
712.915	0.47
713.239	0.46
713.563	0.46
713.886	0.43
714.21	0.4
714.534	0.38
714.858	0.43
715.181	0.45
715.505	0.5
715.828	0.54
716.152	0.55
716.475	0.53
716.799	0.53
717.122	0.5
717.445	0.54
717.768	0.56
718.092	0.54
718.415	0.46
718.738	0.47
719.061	0.47
719.384	0.42
719.707	0.45
720.03	0.42
720.352	0.45
720.675	0.46
720.998	0.49
721.32	0.51
721.643	0.56
721.966	0.67
722.288	0.67
722.611	0.67
722.933	0.73
723.255	0.78
723.578	0.79
723.9	0.74
724.222	0.74
724.544	0.73
724.866	0.8
725.188	0.7
725.51	0.69
725.832	0.76
726.154	0.75
726.476	0.72
726.798	0.63
727.12	0.69
727.441	0.71
727.763	0.7
728.085	0.67
728.406	0.57
728.728	0.67
729.049	0.67
729.37	0.68
729.692	0.72
730.013	0.76
730.334	0.78
730.655	0.78
730.977	0.77
731.298	0.78
731.619	0.78
731.94	0.86
732.261	0.91
732.581	0.89
732.902	0.83
733.223	0.81
733.544	0.84
733.864	0.79
734.185	0.75
734.506	0.79
734.826	0.8
735.146	0.8
735.467	0.76
735.787	0.74
736.108	0.71
736.428	0.73
736.748	0.74
737.068	0.74
737.388	0.77
737.708	0.76
738.028	0.72
738.348	0.69
738.668	0.64
738.988	0.71
739.308	0.71
739.628	0.79
739.947	0.82
740.267	0.87
740.586	0.74
740.906	0.82
741.225	0.85
741.545	0.9
741.864	0.96
742.184	1.06
742.503	0.86
742.822	0.76
743.141	0.68
743.46	0.61
743.779	0.64
744.098	0.74
744.417	0.7
744.736	0.78
745.055	0.75
745.374	0.78
745.693	0.76
746.011	0.93
746.33	0.97
746.649	0.93
746.967	0.97
747.286	0.91
747.604	0.95
747.923	0.93
748.241	0.94
748.559	0.87
748.877	0.88
749.196	0.85
749.514	0.8
749.832	0.81
750.15	0.91
750.468	0.9
750.786	0.8
751.104	0.72
751.422	0.65
751.739	0.53
752.057	0.52
752.375	0.51
752.692	0.53
753.01	0.63
753.327	0.67
753.645	0.5
753.962	0.51
754.28	0.6
754.597	0.6
754.914	0.7
755.231	0.74
755.548	0.9
755.866	0.9
756.183	0.83
756.5	0.76
756.816	0.71
757.133	1
757.45	0.96
757.767	0.98
758.084	0.96
758.4	0.94
758.717	0.95
759.034	0.81
759.35	0.69
759.667	0.77
759.983	0.8
760.299	0.89
760.616	0.73
760.932	0.68
761.248	0.66
761.564	0.76
761.88	0.75
762.196	0.78
762.512	0.77
762.828	0.86
763.144	0.79
763.46	0.79
763.776	0.71
764.092	0.69
764.407	0.71
764.723	0.65
765.038	0.57
765.354	0.66
765.669	0.61
765.985	0.64
766.3	0.61
766.616	0.65
766.931	0.58
767.246	0.53
767.561	0.48
767.876	0.54
768.191	0.59
768.506	0.5
768.821	0.3
769.136	0.28
769.451	0.27
769.766	0.17
770.08	0.1
770.395	0.19
770.71	0.27
771.024	0.4
771.339	0.39
771.653	0.39
771.968	0.49
772.282	0.58
772.596	0.66
772.911	0.57
773.225	0.61
773.539	0.74
773.853	0.7
774.167	0.64
774.481	0.8
774.795	0.83
775.109	0.92
775.423	0.94
775.737	0.89
776.05	0.77
776.364	0.89
776.678	0.88
776.991	0.76
777.305	0.81
777.618	0.8
777.931	0.58
778.245	0.55
778.558	0.49
778.871	0.46
779.185	0.57
779.498	0.7
779.811	0.78
780.124	0.87
780.437	0.92
780.75	0.9
781.063	1.11
781.375	1.11
781.688	1.19
782.001	1.17
782.314	1.33
782.626	1.2
782.939	1.25
783.251	1.19
783.564	1.27
783.876	1.48
784.188	1.56
784.501	1.39
784.813	1.4
785.125	1.33
785.437	1.34
785.749	1.37
786.061	1.38
786.373	1.19
786.685	1.22
786.997	1.03
787.309	0.74
787.621	0.59
787.932	0.67
788.244	0.77
788.556	0.87
788.867	0.91
789.179	0.89
789.49	1.01
789.801	1.11
790.113	1.11
790.424	1.15
790.735	1.21
791.046	1.31
791.358	1.13
791.669	0.98
791.98	0.84
792.291	0.98
792.601	0.87
792.912	0.83
793.223	0.93
793.534	0.9
793.845	0.92
794.155	0.88
794.466	0.91
794.776	1.05
795.087	1.2
795.397	1.04
795.707	0.83
796.018	0.81
796.328	0.76
796.638	0.74
796.948	0.65
797.258	0.71
797.569	0.74
797.879	0.83
798.188	0.79
798.498	0.71
798.808	0.74
799.118	0.93
799.428	0.95
799.737	0.99
800.047	0.89
800.356	0.9
800.666	0.93
800.975	1.08
801.285	0.95
801.594	1.01
801.903	1.12
802.213	1.43
802.522	1.28
802.831	1.1
803.14	1.13
803.449	1.17
803.758	1.3
804.067	1.43
804.376	1.45
804.684	1.63
804.993	1.56
805.302	1.59
805.611	1.43
805.919	1.31
806.228	1.5
806.536	1.61
806.845	1.72
807.153	1.62
807.461	1.23
807.769	0.84
808.078	0.71
808.386	0.84
808.694	0.83
809.002	0.72
809.31	0.98
809.618	0.96
809.926	0.86
810.233	0.8
810.541	0.96
810.849	1.15
811.157	1.31
811.464	1.36
811.772	1.41
812.079	1.34
812.387	1.42
812.694	1.51
813.001	1.46
813.309	1.29
813.616	1.31
813.923	1.05
814.23	0.87
814.537	1.19
814.844	1.02
815.151	0.94
815.458	0.72
815.765	0.55
816.072	0.14
816.378	0.21
816.685	0.19
816.992	0.07
817.298	0.09
817.605	0.16
817.911	0.03
818.218	0.19
818.524	0.14
818.83	0.23
819.136	0.34
819.443	0.58
819.749	0.6
820.055	0.75
820.361	0.75
820.667	0.93
820.973	1.04
821.279	1.11
821.584	1.14
821.89	1.21
822.196	1.2
822.501	1.21
822.807	1.18
823.113	1.18
823.418	1.19
823.723	1.22
824.029	1.17
824.334	1.18
824.639	1.11
824.944	1.08
825.25	1.07
825.555	1.07
825.86	1.07
826.165	1.04
826.47	1.04
826.774	1.02
827.079	0.97
827.384	0.99
827.689	0.92
827.993	0.94
828.298	0.98
828.602	0.94
828.907	1.01
829.211	0.99
829.516	0.99
829.82	0.91
830.124	0.89
830.429	0.85
830.733	0.88
831.037	0.98
831.341	1.11
831.645	1.16
831.949	1.12
832.253	0.95
832.556	1
832.86	1.08
833.164	1.13
833.467	1.09
833.771	1.18
834.075	1.21
834.378	1.15
834.682	1.14
834.985	1
835.288	1.01
835.591	1.1
835.895	1.08
836.198	1.06
836.501	1.21
836.804	1.18
837.107	1.07
837.41	1.04
837.713	0.99
838.016	0.86
838.318	0.89
838.621	0.74
838.924	0.62
839.226	0.51
839.529	0.61
839.831	0.3
840.134	0.3
840.436	0.38
840.738	0.18
841.041	0.56
841.343	0.66
841.645	0.62
841.947	0.55
842.249	0.5
842.551	0.67
842.853	0.35
843.155	0.55
843.457	0.56
843.758	0.44
844.06	0.93
844.362	0.74
844.663	1.15
844.965	1.17
845.266	1.55
845.568	1.51
845.869	0.78
846.17	1.11
846.472	0.84
846.773	0.73
847.074	0.83
847.375	0.25
847.676	-0.04
847.977	-0.71
848.278	-0.52
848.579	-0.51
848.88	0.21
849.181	0.9
849.481	0.89
849.782	1.57
850.082	1.63
850.383	1.5
850.683	1.82
850.984	1.95
851.284	1.81
851.585	1.62
851.885	1.75
852.185	1.42
852.485	1.83
852.785	1.64
853.085	1.42
853.385	1.92
853.685	2.13
853.985	2.01
854.285	1.75
854.584	2.15
854.884	2.04
855.184	1.42
855.483	1.46
855.783	1.31
856.082	1.77
856.382	1.7
856.681	0.65
856.98	0.77
857.28	1.32
857.579	1.92
857.878	1.78
858.177	2.32
858.476	2.7
858.775	2.88
859.074	2.15
859.373	2.17
859.671	2.26
859.97	2.58
860.269	2.7
860.567	2.33
860.866	2.64
861.165	2.62
861.463	2.68
861.761	2.8
862.06	2.3
862.358	2.95
862.656	3.32
862.954	3.33
863.252	3.45
863.551	2.97
863.849	2.9
864.146	2.07
864.444	2.42
864.742	2.58
865.04	2.92
865.338	2.55
865.635	2.46
865.933	1.96
866.23	1.76
866.528	2.16
866.825	2.06
867.123	1.9
867.42	2.32
867.717	1.88
868.014	1.49
868.312	0.67
868.609	1.16
868.906	1.89
869.203	1.48
869.5	1.26
869.796	0.9
870.093	1.19
870.39	1.1
870.687	1.2
870.983	1.57
871.28	2.08
871.576	2.74
871.873	2.43
872.169	2.01
872.466	2.15
872.762	2.88
873.058	3.85
873.354	4.06
873.65	5.09
873.947	4.76
874.243	4.2
874.538	3.42
874.834	2.89
875.13	2.59
875.426	1.89
875.722	1.94
876.017	0.68
876.313	-0.38
876.608	-1.11
876.904	-1.97
877.199	-2.06
877.495	-2.02
877.79	-1.82
878.085	-1.96
878.381	-1.31
878.676	-1.3
878.971	-0.88
879.266	-0.73
879.561	-0.57
879.856	0.06
880.151	0.2
880.445	0.21
880.74	0.49
881.035	0.43
881.329	0.63
881.624	0.53
881.919	0.82
882.213	0.68
