177.169	50
177.554	-46.54
177.94	-69.1
178.326	-136.11
178.711	-1664.29
179.097	341.43
179.482	120.16
179.868	59.71
180.253	91.88
180.639	253.15
181.024	309.19
181.409	192.15
181.795	-46.54
182.18	35.02
182.565	79.34
182.95	80.34
183.336	114.08
183.721	103.28
184.106	104.89
184.491	146.97
184.876	-1563.51
185.261	-205.85
185.646	-182.05
186.031	-114.42
186.416	-40.82
186.801	-27.14
187.186	-40.35
187.57	-17.19
187.955	-16.65
188.34	-24.69
188.725	-31.06
189.11	-29.34
189.494	-40.47
189.879	-32.98
190.263	-32.33
190.648	-30.81
191.033	-18.86
191.417	-11.25
191.802	-12.24
192.186	-17.18
192.57	-18.28
192.955	-18.81
193.339	-15.96
193.723	-13.27
194.108	-16.42
194.492	-10.1
194.876	-15.04
195.26	-29.09
195.645	-35.92
196.029	-36.22
196.413	-38.14
196.797	-33.69
197.181	-22.81
197.565	-22.79
197.949	-24.02
198.333	-22.03
198.717	-25.54
199.101	-27.52
199.484	-28.62
199.868	-27.98
200.252	-27.25
200.636	-25.87
201.019	-25.06
201.403	-31.45
201.787	-36.68
202.17	-30.7
202.554	-32.64
202.937	-25.76
203.321	-24.12
203.704	-19.7
204.088	-10.45
204.471	-7.18
204.855	-3.56
205.238	-5.37
205.621	-4.02
206.005	-3.31
206.388	-3.32
206.771	3.69
207.154	1.63
207.537	6.77
207.921	8.65
208.304	5.88
208.687	5.35
209.07	3.25
209.453	-0.8
209.836	-4.17
210.219	-5.38
210.601	-3.15
210.984	-3.77
211.367	0.64
211.75	-2.42
212.133	-0.77
212.515	0.67
212.898	-1.71
213.281	-2.77
213.663	2.93
214.046	5.06
214.428	10.77
214.811	8.62
215.193	7.92
215.576	-5.06
215.958	4.38
216.341	1.09
216.723	-1.02
217.105	-4.99
217.488	2.25
217.87	5.72
218.252	3.94
218.634	0.26
219.017	-1.67
219.399	-2.68
219.781	5.64
220.163	0.24
220.545	1.09
220.927	-5.17
221.309	-6.35
221.691	-12.52
222.073	-18.16
222.455	-18.11
222.836	-17.19
223.218	-16.5
223.6	-20.58
223.982	-21.97
224.363	-25.26
224.745	-26.05
225.127	-21.67
225.508	-18.63
225.89	-14.09
226.271	-20.09
226.653	-20.81
227.034	-18.87
227.416	-12.4
227.797	-10.28
228.178	-9.09
228.56	-4.85
228.941	-10.27
229.322	-8.95
229.704	-6.72
230.085	-9.66
230.466	-5.82
230.847	-3.23
231.228	-10.02
231.609	-14.05
231.99	-11.28
232.371	-9.68
232.752	-12.45
233.133	-10.96
233.514	-11.45
233.895	-9.78
234.276	-8.72
234.657	-6.78
235.037	-7.17
235.418	-3.23
235.799	-2.43
236.179	-3.22
236.56	-4.71
236.941	-3.98
237.321	0.25
237.702	2.23
238.082	2
238.463	2.15
238.843	2.2
239.223	1.86
239.604	0.62
239.984	0.63
240.364	1.38
240.745	1.81
241.125	2.3
241.505	1.9
241.885	1.87
242.265	1.88
242.645	1.65
243.025	1.28
243.405	0.96
243.785	1.25
244.165	1.58
244.545	1.61
244.925	1.79
245.305	1.74
245.685	1.83
246.065	1.67
246.444	1.7
246.824	1.77
247.204	1.98
247.583	2.18
247.963	2.13
248.343	2.07
248.722	1.85
249.102	1.88
249.481	1.74
249.861	1.62
250.24	1.88
250.619	1.9
250.999	2.06
251.378	1.99
251.757	1.97
252.136	2.31
252.516	2.14
252.895	2.41
253.274	2.16
253.653	2.29
254.032	2.34
254.411	2.16
254.79	2.43
255.169	2.06
255.548	1.93
255.927	1.83
256.306	1.5
256.685	1.55
257.063	1.67
257.442	1.72
257.821	1.77
258.199	1.75
258.578	1.89
258.957	1.88
259.335	2
259.714	2.06
260.092	2.09
260.471	2.27
260.849	2.39
261.228	2.33
261.606	2.44
261.984	2.5
262.363	2.74
262.741	2.81
263.119	2.72
263.497	2.61
263.876	2.55
264.254	2.53
264.632	2.42
265.01	2.46
265.388	2.46
265.766	2.35
266.144	2.32
266.522	2.33
266.9	2.15
267.278	2.13
267.655	2.2
268.033	2.08
268.411	2.07
268.789	1.94
269.166	1.83
269.544	1.8
269.922	1.73
270.299	1.83
270.677	1.78
271.054	1.89
271.432	1.98
271.809	2.05
272.186	2.18
272.564	2.25
272.941	2.31
273.318	2.28
273.696	2.36
274.073	2.48
274.45	2.33
274.827	2.32
275.204	2.2
275.582	2.16
275.959	1.95
276.336	1.88
276.713	1.89
277.09	1.92
277.466	1.94
277.843	1.92
278.22	2.06
278.597	2.1
278.974	2.02
279.35	2.13
279.727	2.17
280.104	2.32
280.48	2.4
280.857	2.35
281.234	2.3
281.61	2.24
281.987	2.16
282.363	2.05
282.74	2.06
283.116	2.05
283.492	1.99
283.869	1.88
284.245	1.84
284.621	1.8
284.997	1.82
285.373	1.84
285.75	1.92
286.126	2.04
286.502	2.07
286.878	2.12
287.254	2.15
287.63	2.22
288.006	2.3
288.382	2.31
288.757	2.33
289.133	2.33
289.509	2.36
289.885	2.36
290.26	2.33
290.636	2.27
291.012	2.24
291.387	2.26
291.763	2.29
292.139	2.37
292.514	2.34
292.889	2.3
293.265	2.3
293.64	2.28
294.016	2.28
294.391	2.24
294.766	2.29
295.142	2.31
295.517	2.25
295.892	2.21
296.267	2.14
296.642	2.15
297.017	2.17
297.392	2.19
297.767	2.2
298.142	2.15
298.517	2.18
298.892	2.23
299.267	2.23
299.642	2.34
300.017	2.32
300.391	2.35
300.766	2.37
301.141	2.36
301.515	2.37
301.89	2.36
302.265	2.43
302.639	2.37
303.014	2.35
303.388	2.4
303.762	2.29
304.137	2.38
304.511	2.36
304.886	2.37
305.26	2.34
305.634	2.37
306.008	2.33
306.382	2.3
306.757	2.4
307.131	2.37
307.505	2.24
307.879	2.28
308.253	2.33
308.627	2.29
309.001	2.39
309.375	2.44
309.748	2.34
310.122	2.33
310.496	2.41
310.87	2.39
311.243	2.42
311.617	2.51
311.991	2.49
312.364	2.41
312.738	2.51
313.111	2.48
313.485	2.48
313.858	2.54
314.232	2.59
314.605	2.48
314.979	2.46
315.352	2.41
315.725	2.4
316.098	2.53
316.472	2.54
316.845	2.49
317.218	2.37
317.591	2.45
317.964	2.48
318.337	2.49
318.71	2.46
319.083	2.57
319.456	2.49
319.829	2.41
320.202	2.35
320.574	2.26
320.947	2.26
321.32	2.31
321.693	2.26
322.065	2.22
322.438	2.23
322.81	2.32
323.183	2.19
323.555	2.28
323.928	2.33
324.3	2.35
324.673	2.44
325.045	2.48
325.417	2.52
325.79	2.57
326.162	2.65
326.534	2.72
326.906	2.73
327.278	2.8
327.651	2.82
328.023	2.81
328.395	2.83
328.767	2.81
329.139	2.81
329.511	2.76
329.882	2.64
330.254	2.56
330.626	2.5
330.998	2.51
331.37	2.51
331.741	2.47
332.113	2.47
332.485	2.42
332.856	2.42
333.228	2.41
333.599	2.45
333.971	2.55
334.342	2.52
334.714	2.54
335.085	2.53
335.456	2.57
335.828	2.57
336.199	2.62
336.57	2.68
336.941	2.66
337.312	2.63
337.683	2.66
338.054	2.61
338.426	2.69
338.797	2.68
339.167	2.7
339.538	2.62
339.909	2.66
340.28	2.69
340.651	2.69
341.022	2.77
341.392	2.81
341.763	2.82
342.134	2.81
342.504	2.81
342.875	2.81
343.246	2.79
343.616	2.9
343.987	2.89
344.357	2.77
344.727	2.74
345.098	2.74
345.468	2.68
345.838	2.65
346.209	2.63
346.579	2.66
346.949	2.67
347.319	2.68
347.689	2.61
348.059	2.58
348.429	2.62
348.799	2.71
349.169	2.69
349.539	2.7
349.909	2.7
350.279	2.72
350.649	2.71
351.018	2.72
351.388	2.71
351.758	2.7
352.128	2.71
352.497	2.71
352.867	2.62
353.236	2.64
353.606	2.66
353.975	2.65
354.345	2.63
354.714	2.63
355.083	2.63
355.453	2.64
355.822	2.66
356.191	2.67
356.56	2.68
356.93	2.68
357.299	2.63
357.668	2.58
358.037	2.57
358.406	2.58
358.775	2.55
359.144	2.52
359.513	2.54
359.882	2.52
360.25	2.51
360.619	2.53
360.988	2.53
361.357	2.55
361.725	2.57
362.094	2.59
362.463	2.57
362.831	2.57
363.2	2.6
363.568	2.56
363.937	2.58
364.305	2.56
364.673	2.54
365.042	2.57
365.41	2.56
365.778	2.55
366.146	2.55
366.515	2.54
366.883	2.55
367.251	2.49
367.619	2.49
367.987	2.46
368.355	2.42
368.723	2.44
369.091	2.4
369.459	2.43
369.826	2.48
370.194	2.48
370.562	2.51
370.93	2.54
371.297	2.58
371.665	2.58
372.033	2.58
372.4	2.59
372.768	2.58
373.135	2.59
373.503	2.55
373.87	2.49
374.237	2.51
374.605	2.5
374.972	2.44
375.339	2.43
375.707	2.43
376.074	2.45
376.441	2.43
376.808	2.43
377.175	2.47
377.542	2.48
377.909	2.51
378.276	2.47
378.643	2.49
379.01	2.52
379.377	2.48
379.744	2.51
380.11	2.54
380.477	2.61
380.844	2.6
381.21	2.56
381.577	2.55
381.944	2.55
382.31	2.6
382.677	2.61
383.043	2.62
383.409	2.67
383.776	2.65
384.142	2.62
384.508	2.58
384.875	2.6
385.241	2.64
385.607	2.67
385.973	2.66
386.339	2.64
386.705	2.63
387.071	2.63
387.437	2.63
387.803	2.63
388.169	2.62
388.535	2.65
388.901	2.62
389.267	2.59
389.633	2.59
389.998	2.62
390.364	2.62
390.73	2.61
391.095	2.62
391.461	2.63
391.826	2.64
392.192	2.65
392.557	2.67
392.923	2.68
393.288	2.73
393.653	2.72
394.019	2.7
394.384	2.72
394.749	2.73
395.114	2.72
395.479	2.72
395.844	2.71
396.21	2.72
396.575	2.69
396.94	2.7
397.304	2.65
397.669	2.65
398.034	2.64
398.399	2.6
398.764	2.57
399.129	2.59
399.493	2.57
399.858	2.56
400.223	2.59
400.587	2.59
400.952	2.57
401.316	2.58
401.681	2.57
402.045	2.57
402.409	2.58
402.774	2.6
403.138	2.59
403.502	2.6
403.867	2.6
404.231	2.57
404.595	2.57
404.959	2.59
405.323	2.59
405.687	2.61
406.051	2.65
406.415	2.66
406.779	2.66
407.143	2.67
407.507	2.66
407.871	2.67
408.234	2.68
408.598	2.7
408.962	2.69
409.325	2.69
409.689	2.69
410.053	2.64
410.416	2.64
410.78	2.65
411.143	2.66
411.506	2.65
411.87	2.68
412.233	2.68
412.596	2.67
412.96	2.68
413.323	2.67
413.686	2.68
414.049	2.7
414.412	2.69
414.775	2.7
415.138	2.67
415.501	2.67
415.864	2.67
416.227	2.65
416.59	2.64
416.953	2.63
417.315	2.63
417.678	2.61
418.041	2.6
418.404	2.59
418.766	2.58
419.129	2.57
419.491	2.58
419.854	2.57
420.216	2.57
420.579	2.58
420.941	2.58
421.303	2.57
421.666	2.57
422.028	2.56
422.39	2.57
422.752	2.58
423.114	2.58
423.476	2.58
423.839	2.58
424.201	2.58
424.563	2.58
424.924	2.59
425.286	2.6
425.648	2.61
426.01	2.63
426.372	2.64
426.733	2.65
427.095	2.66
427.457	2.67
427.818	2.69
428.18	2.69
428.542	2.67
428.903	2.67
429.264	2.67
429.626	2.67
429.987	2.64
430.349	2.63
430.71	2.61
431.071	2.62
431.432	2.61
431.794	2.6
432.155	2.59
432.516	2.61
432.877	2.62
433.238	2.62
433.599	2.62
433.96	2.64
434.321	2.64
434.681	2.65
435.042	2.64
435.403	2.64
435.764	2.65
436.124	2.65
436.485	2.64
436.846	2.63
437.206	2.61
437.567	2.61
437.927	2.62
438.288	2.61
438.648	2.6
439.008	2.6
439.369	2.61
439.729	2.6
440.089	2.6
440.449	2.62
440.81	2.62
441.17	2.63
441.53	2.63
441.89	2.63
442.25	2.64
442.61	2.64
442.97	2.63
443.33	2.62
443.689	2.62
444.049	2.62
444.409	2.61
444.769	2.6
445.128	2.6
445.488	2.6
445.848	2.61
446.207	2.61
446.567	2.6
446.926	2.62
447.285	2.63
447.645	2.64
448.004	2.65
448.363	2.66
448.723	2.66
449.082	2.67
449.441	2.69
449.8	2.69
450.159	2.7
450.518	2.72
450.877	2.71
451.236	2.72
451.595	2.72
451.954	2.72
452.313	2.71
452.672	2.72
453.031	2.71
453.389	2.71
453.748	2.71
454.107	2.7
454.465	2.7
454.824	2.71
455.182	2.71
455.541	2.7
455.899	2.7
456.258	2.71
456.616	2.7
456.974	2.69
457.333	2.68
457.691	2.68
458.049	2.68
458.407	2.67
458.765	2.66
459.123	2.66
459.481	2.66
459.839	2.66
460.197	2.67
460.555	2.68
460.913	2.69
461.271	2.7
461.629	2.71
461.987	2.72
462.344	2.75
462.702	2.75
463.06	2.76
463.417	2.77
463.775	2.77
464.132	2.76
464.49	2.77
464.847	2.78
465.204	2.78
465.562	2.78
465.919	2.77
466.276	2.78
466.633	2.78
466.991	2.8
467.348	2.79
467.705	2.79
468.062	2.79
468.419	2.77
468.776	2.76
469.133	2.76
469.49	2.75
469.846	2.75
470.203	2.74
470.56	2.75
470.917	2.74
471.273	2.75
471.63	2.74
471.986	2.76
472.343	2.78
472.699	2.79
473.056	2.78
473.412	2.79
473.769	2.8
474.125	2.8
474.481	2.78
474.838	2.78
475.194	2.77
475.55	2.79
475.906	2.79
476.262	2.78
476.618	2.76
476.974	2.76
477.33	2.76
477.686	2.77
478.042	2.77
478.398	2.77
478.753	2.76
479.109	2.76
479.465	2.75
479.821	2.73
480.176	2.74
480.532	2.74
480.887	2.73
481.243	2.71
481.598	2.69
481.954	2.72
482.309	2.74
482.664	2.74
483.02	2.72
483.375	2.72
483.73	2.72
484.085	2.72
484.44	2.72
484.795	2.72
485.15	2.72
485.505	2.72
485.86	2.7
486.215	2.68
486.57	2.68
486.925	2.7
487.28	2.7
487.634	2.7
487.989	2.71
488.344	2.71
488.698	2.71
489.053	2.72
489.407	2.72
489.762	2.72
490.116	2.73
490.471	2.72
490.825	2.72
491.179	2.72
491.534	2.73
491.888	2.73
492.242	2.74
492.596	2.75
492.95	2.75
493.304	2.76
493.658	2.77
494.012	2.78
494.366	2.79
494.72	2.79
495.074	2.78
495.428	2.77
495.782	2.77
496.135	2.76
496.489	2.75
496.843	2.76
497.196	2.76
497.55	2.76
497.903	2.77
498.257	2.77
498.61	2.78
498.963	2.78
499.317	2.8
499.67	2.79
500.023	2.81
500.376	2.82
500.73	2.81
501.083	2.82
501.436	2.83
501.789	2.82
502.142	2.81
502.495	2.8
502.848	2.8
503.201	2.79
503.553	2.8
503.906	2.8
504.259	2.8
504.612	2.81
504.964	2.81
505.317	2.81
505.669	2.81
506.022	2.82
506.374	2.81
506.727	2.83
507.079	2.83
507.432	2.84
507.784	2.84
508.136	2.84
508.488	2.84
508.841	2.83
509.193	2.84
509.545	2.84
509.897	2.84
510.249	2.84
510.601	2.84
510.953	2.84
511.305	2.84
511.656	2.85
512.008	2.85
512.36	2.85
512.712	2.87
513.063	2.86
513.415	2.87
513.766	2.88
514.118	2.9
514.469	2.9
514.821	2.9
515.172	2.9
515.524	2.89
515.875	2.88
516.226	2.86
516.577	2.85
516.929	2.85
517.28	2.84
517.631	2.83
517.982	2.82
518.333	2.82
518.684	2.82
519.035	2.82
519.386	2.81
519.737	2.83
520.087	2.85
520.438	2.86
520.789	2.86
521.139	2.86
521.49	2.87
521.841	2.88
522.191	2.88
522.542	2.87
522.892	2.86
523.243	2.85
523.593	2.84
523.943	2.82
524.293	2.81
524.644	2.82
524.994	2.81
525.344	2.81
525.694	2.79
526.044	2.78
526.394	2.78
526.744	2.77
527.094	2.79
527.444	2.79
527.794	2.8
528.144	2.8
528.493	2.8
528.843	2.81
529.193	2.81
529.542	2.82
529.892	2.84
530.241	2.84
530.591	2.85
530.94	2.85
531.29	2.85
531.639	2.84
531.988	2.84
532.338	2.84
532.687	2.85
533.036	2.84
533.385	2.85
533.734	2.85
534.083	2.85
534.432	2.85
534.781	2.86
535.13	2.87
535.479	2.87
535.828	2.88
536.177	2.88
536.525	2.89
536.874	2.89
537.223	2.89
537.571	2.88
537.92	2.88
538.268	2.88
538.617	2.89
538.965	2.87
539.314	2.86
539.662	2.85
540.01	2.84
540.359	2.84
540.707	2.84
541.055	2.84
541.403	2.85
541.751	2.85
542.099	2.85
542.447	2.86
542.795	2.88
543.143	2.89
543.491	2.9
543.839	2.92
544.187	2.91
544.534	2.9
544.882	2.9
545.23	2.9
545.577	2.9
545.925	2.9
546.272	2.9
546.62	2.91
546.967	2.91
547.314	2.92
547.662	2.93
548.009	2.95
548.356	2.98
548.704	3
549.051	3.02
549.398	3.04
549.745	3.06
550.092	3.05
550.439	3.04
550.786	3.02
551.133	3.01
551.479	3.01
551.826	3
552.173	2.99
552.52	2.99
552.866	2.99
553.213	2.99
553.56	2.99
553.906	3.01
554.253	3.02
554.599	3.03
554.945	3.04
555.292	3.05
555.638	3.07
555.984	3.09
556.331	3.09
556.677	3.1
557.023	3.1
557.369	3.1
557.715	3.1
558.061	3.11
558.407	3.11
558.753	3.1
559.099	3.09
559.444	3.08
559.79	3.08
560.136	3.07
560.482	3.08
560.827	3.07
561.173	3.08
561.518	3.08
561.864	3.07
562.209	3.07
562.555	3.08
562.9	3.08
563.245	3.08
563.591	3.07
563.936	3.09
564.281	3.07
564.626	3.07
564.971	3.08
565.316	3.07
565.661	3.08
566.006	3.08
566.351	3.07
566.696	3.07
567.041	3.07
567.386	3.09
567.73	3.08
568.075	3.09
568.42	3.1
568.764	3.09
569.109	3.1
569.453	3.11
569.798	3.12
570.142	3.12
570.487	3.13
570.831	3.12
571.175	3.1
571.519	3.11
571.864	3.09
572.208	3.08
572.552	3.08
572.896	3.09
573.24	3.07
573.584	3.07
573.928	3.08
574.272	3.08
574.616	3.09
574.959	3.09
575.303	3.1
575.647	3.12
575.99	3.14
576.334	3.17
576.678	3.17
577.021	3.19
577.364	3.2
577.708	3.21
578.051	3.24
578.395	3.24
578.738	3.26
579.081	3.25
579.424	3.27
579.767	3.26
580.111	3.26
580.454	3.26
580.797	3.26
581.14	3.26
581.482	3.25
581.825	3.23
582.168	3.24
582.511	3.26
582.854	3.25
583.196	3.23
583.539	3.22
583.882	3.2
584.224	3.21
584.567	3.2
584.909	3.21
585.252	3.2
585.594	3.18
585.936	3.18
586.279	3.15
586.621	3.16
586.963	3.17
587.305	3.16
587.647	3.16
587.989	3.16
588.331	3.16
588.673	3.14
589.015	3.15
589.357	3.18
589.699	3.19
590.041	3.2
590.382	3.2
590.724	3.2
591.066	3.22
591.407	3.24
591.749	3.26
592.09	3.27
592.432	3.28
592.773	3.29
593.114	3.29
593.456	3.28
593.797	3.26
594.138	3.26
594.479	3.25
594.821	3.23
595.162	3.21
595.503	3.17
595.844	3.17
596.185	3.18
596.525	3.16
596.866	3.15
597.207	3.15
597.548	3.16
597.889	3.17
598.229	3.18
598.57	3.18
598.91	3.19
599.251	3.2
599.592	3.2
599.932	3.21
600.272	3.21
600.613	3.22
600.953	3.22
601.293	3.22
601.633	3.21
601.974	3.2
602.314	3.21
602.654	3.2
602.994	3.2
603.334	3.18
603.674	3.16
604.014	3.17
604.353	3.17
604.693	3.17
605.033	3.17
605.373	3.17
605.712	3.19
606.052	3.19
606.391	3.2
606.731	3.18
607.07	3.2
607.41	3.2
607.749	3.2
608.088	3.19
608.428	3.18
608.767	3.17
609.106	3.17
609.445	3.17
609.784	3.16
610.123	3.17
610.462	3.2
610.801	3.21
611.14	3.23
611.479	3.23
611.818	3.25
612.157	3.26
612.495	3.29
612.834	3.29
613.173	3.28
613.511	3.28
613.85	3.26
614.188	3.25
614.527	3.24
614.865	3.23
615.203	3.24
615.542	3.23
615.88	3.25
616.218	3.22
616.556	3.22
616.894	3.25
617.233	3.27
617.571	3.29
617.908	3.29
618.246	3.29
618.584	3.31
618.922	3.33
619.26	3.31
619.598	3.33
619.935	3.34
620.273	3.35
620.611	3.34
620.948	3.34
621.286	3.33
621.623	3.32
621.96	3.35
622.298	3.34
622.635	3.29
622.972	3.28
623.31	3.25
623.647	3.25
623.984	3.22
624.321	3.22
624.658	3.18
624.995	3.17
625.332	3.2
625.669	3.19
626.006	3.18
626.342	3.18
626.679	3.2
627.016	3.2
627.352	3.2
627.689	3.23
628.026	3.22
628.362	3.24
628.699	3.28
629.035	3.27
629.371	3.28
629.708	3.3
630.044	3.32
630.38	3.35
630.716	3.37
631.052	3.37
631.388	3.37
631.725	3.39
632.06	3.41
632.396	3.42
632.732	3.4
633.068	3.41
633.404	3.42
633.74	3.44
634.075	3.41
634.411	3.42
634.747	3.42
635.082	3.45
635.418	3.47
635.753	3.46
636.089	3.44
636.424	3.45
636.759	3.44
637.095	3.43
637.43	3.42
637.765	3.45
638.1	3.46
638.435	3.45
638.77	3.41
639.105	3.4
639.44	3.37
639.775	3.37
640.11	3.36
640.445	3.38
640.779	3.4
641.114	3.41
641.449	3.42
641.783	3.41
642.118	3.41
642.452	3.47
642.787	3.47
643.121	3.48
643.456	3.5
643.79	3.49
644.124	3.49
644.458	3.46
644.793	3.45
645.127	3.4
645.461	3.37
645.795	3.4
646.129	3.38
646.463	3.39
646.797	3.41
647.13	3.41
647.464	3.4
647.798	3.42
648.132	3.41
648.465	3.43
648.799	3.47
649.132	3.5
649.466	3.52
649.799	3.51
650.133	3.5
650.466	3.51
650.799	3.53
651.133	3.55
651.466	3.5
651.799	3.5
652.132	3.46
652.465	3.43
652.798	3.42
653.131	3.42
653.464	3.41
653.797	3.4
654.13	3.39
654.463	3.36
654.795	3.37
655.128	3.43
655.461	3.47
655.793	3.5
656.126	3.51
656.458	3.51
656.791	3.49
657.123	3.49
657.455	3.47
657.788	3.45
658.12	3.43
658.452	3.43
658.784	3.39
659.116	3.38
659.448	3.39
659.78	3.4
660.112	3.42
660.444	3.42
660.776	3.43
661.108	3.45
661.44	3.48
661.771	3.53
662.103	3.56
662.435	3.59
662.766	3.61
663.098	3.58
663.429	3.59
663.761	3.6
664.092	3.61
664.423	3.62
664.755	3.62
665.086	3.6
665.417	3.61
665.748	3.59
666.079	3.57
666.41	3.57
666.741	3.61
667.072	3.64
667.403	3.65
667.734	3.67
668.065	3.67
668.395	3.69
668.726	3.7
669.057	3.66
669.387	3.67
669.718	3.65
670.048	3.62
670.379	3.62
670.709	3.57
671.039	3.58
671.37	3.57
671.7	3.56
672.03	3.57
672.36	3.57
672.69	3.59
673.02	3.61
673.35	3.68
673.68	3.77
674.01	3.76
674.34	3.82
674.67	3.8
675	3.84
675.329	3.87
675.659	3.87
675.989	3.88
676.318	3.88
676.648	3.88
676.977	3.84
677.307	3.78
677.636	3.77
677.965	3.72
678.295	3.7
678.624	3.68
678.953	3.68
679.282	3.68
679.611	3.67
679.94	3.67
680.269	3.66
680.598	3.69
680.927	3.72
681.256	3.74
681.584	3.78
681.913	3.81
682.242	3.8
682.57	3.8
682.899	3.79
683.228	3.83
683.556	3.89
683.884	3.9
684.213	3.86
684.541	3.88
684.869	3.88
685.198	3.82
685.526	3.78
685.854	3.8
686.182	3.84
686.51	3.86
686.838	3.86
687.166	3.81
687.494	3.74
687.822	3.77
688.149	3.76
688.477	3.76
688.805	3.8
689.133	3.8
689.46	3.8
689.788	3.72
690.115	3.7
690.443	3.67
690.77	3.68
691.097	3.71
691.425	3.71
691.752	3.74
692.079	3.74
692.406	3.74
692.733	3.75
693.06	3.75
693.387	3.79
693.714	3.83
694.041	3.82
694.368	3.84
694.695	3.81
695.021	3.79
695.348	3.76
695.675	3.74
696.001	3.72
696.328	3.77
696.654	3.76
696.981	3.77
697.307	3.75
697.634	3.74
697.96	3.74
698.286	3.77
698.612	3.78
698.938	3.82
699.264	3.81
699.591	3.83
699.917	3.81
700.242	3.8
700.568	3.8
700.894	3.82
701.22	3.84
701.546	3.85
701.871	3.85
702.197	3.85
702.523	3.75
702.848	3.8
703.174	3.81
703.499	3.8
703.824	3.87
704.15	3.83
704.475	3.85
704.8	3.81
705.125	3.83
705.451	3.91
705.776	3.94
706.101	4
706.426	3.97
706.751	3.99
707.076	4.03
707.4	3.96
707.725	3.97
708.05	4
708.375	4.06
708.699	4.06
709.024	4.08
709.348	4.08
709.673	4.13
709.997	4.17
710.322	4.2
710.646	4.2
710.97	4.24
711.294	4.32
711.619	4.31
711.943	4.31
712.267	4.35
712.591	4.25
712.915	4.18
713.239	4.16
713.563	4.18
713.886	4.14
714.21	4.15
714.534	4.16
714.858	4.09
715.181	4.01
715.505	4.05
715.828	3.94
716.152	3.99
716.475	4.01
716.799	3.99
717.122	3.97
717.445	3.97
717.768	3.99
718.092	3.96
718.415	3.98
718.738	4.03
719.061	3.96
719.384	4.03
719.707	4.09
720.03	4.19
720.352	4.15
720.675	4.17
720.998	4.18
721.32	4.15
721.643	4.21
721.966	4.32
722.288	4.4
722.611	4.44
722.933	4.47
723.255	4.41
723.578	4.44
723.9	4.55
724.222	4.59
724.544	4.58
724.866	4.55
725.188	4.52
725.51	4.48
725.832	4.43
726.154	4.38
726.476	4.32
726.798	4.36
727.12	4.29
727.441	4.26
727.763	4.25
728.085	4.22
728.406	4.32
728.728	4.22
729.049	4.21
729.37	4.27
729.692	4.32
730.013	4.35
730.334	4.34
730.655	4.35
730.977	4.35
731.298	4.36
731.619	4.43
731.94	4.37
732.261	4.5
732.581	4.49
732.902	4.35
733.223	4.31
733.544	4.35
733.864	4.32
734.185	4.3
734.506	4.31
734.826	4.29
735.146	4.27
735.467	4.28
735.787	4.2
736.108	4.19
736.428	4.37
736.748	4.51
737.068	4.53
737.388	4.63
737.708	4.7
738.028	4.74
738.348	4.69
738.668	4.67
738.988	4.68
739.308	4.72
739.628	4.73
739.947	4.62
740.267	4.59
740.586	4.55
740.906	4.52
741.225	4.45
741.545	4.34
741.864	4.33
742.184	4.42
742.503	4.4
742.822	4.39
743.141	4.45
743.46	4.52
743.779	4.45
744.098	4.49
744.417	4.48
744.736	4.48
745.055	4.6
745.374	4.67
745.693	4.67
746.011	4.68
746.33	4.73
746.649	4.63
746.967	4.55
747.286	4.58
747.604	4.7
747.923	4.67
748.241	4.62
748.559	4.53
748.877	4.42
749.196	4.29
749.514	4.28
749.832	4.23
750.15	4.32
750.468	4.44
750.786	4.32
751.104	4.2
751.422	4.13
751.739	4.22
752.057	4.21
752.375	4.27
752.692	4.39
753.01	4.4
753.327	4.43
753.645	4.44
753.962	4.31
754.28	4.35
754.597	4.37
754.914	4.43
755.231	4.52
755.548	4.65
755.866	4.66
756.183	4.66
756.5	4.67
756.816	4.81
757.133	4.79
757.45	4.96
757.767	5.04
758.084	4.99
758.4	5.06
758.717	4.98
759.034	4.94
759.35	4.97
759.667	4.9
759.983	4.93
760.299	4.94
760.616	5.04
760.932	4.9
761.248	4.94
761.564	4.98
761.88	4.97
762.196	4.93
762.512	4.97
762.828	4.94
763.144	5.03
763.46	5.01
763.776	4.92
764.092	4.79
764.407	4.83
764.723	4.8
765.038	4.82
765.354	4.85
765.669	4.91
765.985	4.91
766.3	4.93
766.616	4.81
766.931	4.86
767.246	4.85
767.561	4.92
767.876	4.99
768.191	4.94
768.506	4.98
768.821	5.01
769.136	5.1
769.451	5.06
769.766	5.02
770.08	5.14
770.395	5.24
770.71	5.25
771.024	5.28
771.339	5.26
771.653	5.31
771.968	5.24
772.282	5.17
772.596	5.14
772.911	5.12
773.225	5.19
773.539	5.28
773.853	5.1
774.167	4.99
774.481	5.04
774.795	4.97
775.109	4.93
775.423	4.81
775.737	4.87
776.05	4.78
776.364	4.73
776.678	4.69
776.991	4.42
777.305	4.47
777.618	4.67
777.931	4.71
778.245	4.84
778.558	4.89
778.871	4.8
779.185	4.82
779.498	4.83
779.811	4.91
780.124	5.07
780.437	5.13
780.75	5.01
781.063	4.86
781.375	4.73
781.688	4.54
782.001	4.63
782.314	4.89
782.626	4.76
782.939	4.66
783.251	4.61
783.564	4.5
783.876	4.72
784.188	4.62
784.501	4.62
784.813	4.7
785.125	4.91
785.437	4.88
785.749	4.84
786.061	4.9
786.373	5.02
786.685	4.92
786.997	4.81
787.309	4.86
787.621	4.96
787.932	5.05
788.244	4.98
788.556	4.87
788.867	4.84
789.179	4.94
789.49	4.84
789.801	4.93
790.113	5.05
790.424	5.01
790.735	4.73
791.046	4.91
791.358	4.88
791.669	5.01
791.98	5.14
792.291	5.01
792.601	5.05
792.912	5.21
793.223	5.19
793.534	5.07
793.845	4.98
794.155	5.07
794.466	4.94
794.776	5.21
795.087	5.05
795.397	5.08
795.707	5.2
796.018	4.99
796.328	4.83
796.638	4.79
796.948	4.83
797.258	5.03
797.569	5.2
797.879	5.26
798.188	4.87
798.498	4.8
798.808	4.73
799.118	4.81
799.428	5.02
799.737	5.01
800.047	4.87
800.356	4.89
800.666	4.84
800.975	4.85
801.285	4.7
801.594	4.72
801.903	4.74
802.213	4.7
802.522	4.81
802.831	4.72
803.14	4.79
803.449	4.97
803.758	5.06
804.067	5.28
804.376	5.24
804.684	5.35
804.993	5.65
805.302	5.75
805.611	5.68
805.919	5.52
806.228	5.73
806.536	5.88
806.845	5.88
807.153	5.85
807.461	5.71
807.769	5.68
808.078	5.51
808.386	5.38
808.694	5.58
809.002	5.73
809.31	5.87
809.618	5.58
809.926	5.53
810.233	5.64
810.541	5.8
810.849	5.86
811.157	6.28
811.464	6.58
811.772	6.85
812.079	6.77
812.387	6.73
812.694	6.79
813.001	6.94
813.309	6.85
813.616	6.72
813.923	6.5
814.23	6.7
814.537	6.29
814.844	6.35
815.151	6.03
815.458	5.99
815.765	5.85
816.072	5.49
816.378	5.39
816.685	5.42
816.992	5.61
817.298	5.66
817.605	5.64
817.911	5.69
818.218	5.45
818.524	5.42
818.83	5.55
819.136	5.77
819.443	6.04
819.749	5.87
820.055	6.14
820.361	6.07
820.667	6.11
820.973	6.01
821.279	6.11
821.584	6.18
821.89	6.18
822.196	6.17
822.501	6.13
822.807	6.18
823.113	6.23
823.418	6.19
823.723	6.23
824.029	6.22
824.334	6.19
824.639	6.13
824.944	6.14
825.25	6.25
825.555	6.27
825.86	6.28
826.165	6.28
826.47	6.29
826.774	6.26
827.079	6.25
827.384	6.23
827.689	6.35
827.993	6.38
828.298	6.33
828.602	6.22
828.907	6.17
829.211	6.26
829.516	6.2
829.82	6.23
830.124	6.2
830.429	6.17
830.733	6.23
831.037	6.15
831.341	6.33
831.645	6.32
831.949	6.33
832.253	6.31
832.556	6.17
832.86	6.12
833.164	6.01
833.467	6.17
833.771	6.25
834.075	6.24
834.378	6.32
834.682	6.21
834.985	6.45
835.288	6.46
835.591	6.57
835.895	6.69
836.198	6.9
836.501	7
836.804	6.84
837.107	6.62
837.41	6.55
837.713	6.43
838.016	6.36
838.318	6.01
838.621	5.8
838.924	5.66
839.226	5.31
839.529	4.95
839.831	4.84
840.134	5.1
840.436	4.97
840.738	5.53
841.041	5.51
841.343	5.41
841.645	5.29
841.947	5.41
842.249	5.36
842.551	5.28
842.853	5.43
843.155	5.57
843.457	5.4
843.758	5.73
844.06	5.23
844.362	5.29
844.663	5.73
844.965	5.61
845.266	5.43
845.568	5.15
845.869	5.26
846.17	4.99
846.472	4.93
846.773	4.73
847.074	4.59
847.375	4.81
847.676	4.32
847.977	4.14
848.278	4.78
848.579	5.28
848.88	5.93
849.181	6.36
849.481	6.34
849.782	6.1
850.082	6.01
850.383	5.56
850.683	4.99
850.984	4.74
851.284	4.19
851.585	3.32
851.885	3.28
852.185	2.6
852.485	2.21
852.785	1.4
853.085	1.19
853.385	1.93
853.685	2.39
853.985	2.4
854.285	2.97
854.584	3.39
854.884	3.91
855.184	4.29
855.483	4.21
855.783	5.19
856.082	6.2
856.382	6.66
856.681	6.42
856.98	6.05
857.28	7.34
857.579	6.65
857.878	6.49
858.177	6.56
858.476	6.16
858.775	6.67
859.074	5.95
859.373	6.06
859.671	6.13
859.97	5.68
860.269	6.65
860.567	5.08
860.866	6.22
861.165	6.16
861.463	6.14
861.761	6.62
862.06	6.71
862.358	6.99
862.656	7.21
862.954	7.31
863.252	7.24
863.551	7.19
863.849	8.02
864.146	8.11
864.444	8.16
864.742	8.14
865.04	7.27
865.338	6.93
865.635	6.5
865.933	5.71
866.23	5.54
866.528	6.56
866.825	6.26
867.123	6.65
867.42	6.6
867.717	6.19
868.014	6.46
868.312	6.22
868.609	6.8
868.906	6.78
869.203	6.96
869.5	6.96
869.796	6.55
870.093	6.21
870.39	5.7
870.687	5.03
870.983	6.62
871.28	5.86
871.576	6.75
871.873	7.43
872.169	7.41
872.466	7.88
872.762	7.44
873.058	7.63
873.354	6.83
873.65	6.49
873.947	7.53
874.243	6.58
874.538	7.79
874.834	7.61
875.13	6.99
875.426	7.61
875.722	6.71
876.017	6.72
876.313	6.58
876.608	8.04
876.904	8.37
877.199	7.48
877.495	6.7
877.79	6.36
878.085	6.12
878.381	6.62
878.676	6.13
878.971	6.88
879.266	7.67
879.561	8.11
879.856	8.15
880.151	8.16
880.445	8.75
880.74	9.38
881.035	9.3
881.329	9.56
881.624	9.26
881.919	9.46
882.213	9.53
