177.169	54.72
177.554	-12.99
177.94	226.32
178.326	66.67
178.711	43.24
179.097	137.27
179.482	-75.28
179.868	4.34
180.253	10.07
180.639	43.44
181.024	73.4
181.409	82.03
181.795	-12.99
182.18	-67.37
182.565	65.79
182.95	18.61
183.336	111.04
183.721	18.08
184.106	129.9
184.491	29.67
184.876	38.35
185.261	60.26
185.646	43.3
186.031	34.61
186.416	22.68
186.801	13.02
187.186	13.02
187.57	11.84
187.955	16.2
188.34	16.69
188.725	4.61
189.11	2.63
189.494	6.64
189.879	16.15
190.263	12.77
190.648	15.58
191.033	20.62
191.417	27.49
191.802	29.36
192.186	28.56
192.57	29.32
192.955	34.69
193.339	31.14
193.723	30.95
194.108	24.1
194.492	22.9
194.876	21.87
195.26	16.47
195.645	10.47
196.029	14.29
196.413	9.19
196.797	10.42
197.181	13.83
197.565	12.49
197.949	9.77
198.333	10.05
198.717	9.13
199.101	13.36
199.484	16.9
199.868	20.22
200.252	18.22
200.636	19.31
201.019	17.96
201.403	21.94
201.787	20.59
202.17	13.18
202.554	9.24
202.937	5.66
203.321	2.44
203.704	2.58
204.088	2.7
204.471	2.39
204.855	4.14
205.238	8.44
205.621	-2.9
206.005	6.19
206.388	12.81
206.771	16.92
207.154	26.19
207.537	28.58
207.921	32.34
208.304	33.39
208.687	30.76
209.07	28.66
209.453	23.37
209.836	25.8
210.219	22.7
210.601	22.69
210.984	23.6
211.367	22.81
211.75	19.32
212.133	19.13
212.515	13.33
212.898	12.69
213.281	14.71
213.663	20.04
214.046	17.84
214.428	18.19
214.811	15.63
215.193	15.74
215.576	3.8
215.958	3.51
216.341	8.53
216.723	10.9
217.105	14.63
217.488	15.95
217.87	13.9
218.252	15.11
218.634	18.99
219.017	17.76
219.399	11.25
219.781	16.44
220.163	19.27
220.545	14.59
220.927	15.8
221.309	10.31
221.691	11.03
222.073	13.27
222.455	7.67
222.836	2.49
223.218	0.85
223.6	8.96
223.982	10.51
224.363	9.96
224.745	9.44
225.127	5.95
225.508	8.2
225.89	5.83
226.271	6.52
226.653	10.5
227.034	8.42
227.416	11.68
227.797	7.62
228.178	6.87
228.56	2.94
228.941	0.32
229.322	5.12
229.704	5.17
230.085	4.71
230.466	1.63
230.847	-0.59
231.228	2.91
231.609	4.39
231.99	2.5
232.371	4.03
232.752	6.5
233.133	6.51
233.514	6.77
233.895	5.3
234.276	4.3
234.657	6.34
235.037	5.7
235.418	5.4
235.799	3.9
236.179	6.08
236.56	5.58
236.941	3.17
237.321	4.16
237.702	2.09
238.082	2.89
238.463	3.6
238.843	3.41
239.223	4.77
239.604	3.32
239.984	3.02
240.364	2.31
240.745	1.71
241.125	1.99
241.505	1.74
241.885	1.86
242.265	1.8
242.645	2.08
243.025	1.47
243.405	1.47
243.785	2.13
244.165	1.94
244.545	1.9
244.925	1.96
245.305	1.98
245.685	2.14
246.065	2.13
246.444	1.96
246.824	1.95
247.204	1.91
247.583	1.67
247.963	1.75
248.343	1.85
248.722	2
249.102	1.97
249.481	2.07
249.861	1.98
250.24	2.07
250.619	1.94
250.999	1.85
251.378	2.21
251.757	2.39
252.136	2.01
252.516	1.81
252.895	1.88
253.274	1.85
253.653	1.41
254.032	1.29
254.411	1.3
254.79	1.93
255.169	1.83
255.548	1.8
255.927	2.04
256.306	2.12
256.685	2.18
257.063	2.01
257.442	2.1
257.821	2.17
258.199	2.16
258.578	2.1
258.957	1.98
259.335	1.95
259.714	1.89
260.092	1.85
260.471	1.82
260.849	1.83
261.228	1.82
261.606	1.87
261.984	1.86
262.363	1.83
262.741	1.87
263.119	1.79
263.497	1.8
263.876	1.99
264.254	2.09
264.632	2.12
265.01	2.15
265.388	2.25
265.766	2.12
266.144	2.09
266.522	2.17
266.9	2.13
267.278	2.23
267.655	2.17
268.033	2
268.411	1.97
268.789	1.94
269.166	1.87
269.544	1.8
269.922	1.84
270.299	1.84
270.677	1.7
271.054	1.74
271.432	1.73
271.809	1.74
272.186	1.79
272.564	1.72
272.941	1.79
273.318	1.78
273.696	1.75
274.073	1.67
274.45	1.76
274.827	1.76
275.204	1.67
275.582	1.66
275.959	1.68
276.336	1.72
276.713	1.79
277.09	1.78
277.466	1.9
277.843	1.9
278.22	1.93
278.597	1.93
278.974	1.97
279.35	2.01
279.727	1.96
280.104	1.9
280.48	1.9
280.857	1.87
281.234	1.86
281.61	1.71
281.987	1.62
282.363	1.68
282.74	1.61
283.116	1.56
283.492	1.52
283.869	1.6
284.245	1.66
284.621	1.64
284.997	1.66
285.373	1.66
285.75	1.79
286.126	1.86
286.502	1.89
286.878	1.94
287.254	2.09
287.63	2.18
288.006	2.24
288.382	2.32
288.757	2.42
289.133	2.53
289.509	2.55
289.885	2.52
290.26	2.62
290.636	2.67
291.012	2.75
291.387	2.76
291.763	2.74
292.139	2.71
292.514	2.75
292.889	2.79
293.265	2.82
293.64	2.93
294.016	2.99
294.391	3.01
294.766	3
295.142	3.01
295.517	3
295.892	3.13
296.267	3.27
296.642	3.31
297.017	3.33
297.392	3.33
297.767	3.36
298.142	3.4
298.517	3.45
298.892	3.51
299.267	3.58
299.642	3.75
300.017	3.79
300.391	3.81
300.766	3.97
301.141	4.07
301.515	4.11
301.89	4.2
302.265	4.28
302.639	4.34
303.014	4.45
303.388	4.58
303.762	4.59
304.137	4.67
304.511	4.72
304.886	4.62
305.26	4.61
305.634	4.66
306.008	4.66
306.382	4.74
306.757	4.87
307.131	4.92
307.505	4.95
307.879	5.03
308.253	5.07
308.627	5.11
309.001	5.22
309.375	5.33
309.748	5.45
310.122	5.52
310.496	5.59
310.87	5.58
311.243	5.65
311.617	5.69
311.991	5.8
312.364	5.91
312.738	6
313.111	6.05
313.485	6.1
313.858	6.19
314.232	6.29
314.605	6.38
314.979	6.48
315.352	6.48
315.725	6.58
316.098	6.55
316.472	6.65
316.845	6.7
317.218	6.84
317.591	6.87
317.964	6.89
318.337	6.89
318.71	6.91
319.083	7.06
319.456	7.23
319.829	7.3
320.202	7.5
320.574	7.54
320.947	7.59
321.32	7.67
321.693	7.84
322.065	7.89
322.438	8.05
322.81	8.08
323.183	8.05
323.555	8.03
323.928	8
324.3	7.87
324.673	7.88
325.045	7.9
325.417	7.89
325.79	7.96
326.162	7.95
326.534	7.95
326.906	8.03
327.278	8.11
327.651	8.22
328.023	8.28
328.395	8.39
328.767	8.44
329.139	8.55
329.511	8.65
329.882	8.6
330.254	8.68
330.626	8.74
330.998	8.72
331.37	8.68
331.741	8.65
332.113	8.71
332.485	8.77
332.856	8.84
333.228	8.86
333.599	8.82
333.971	8.85
334.342	8.91
334.714	8.94
335.085	9.01
335.456	9.07
335.828	9.06
336.199	9.15
336.57	9.17
336.941	9.21
337.312	9.22
337.683	9.31
338.054	9.38
338.426	9.35
338.797	9.31
339.167	9.28
339.538	9.32
339.909	9.33
340.28	9.29
340.651	9.38
341.022	9.43
341.392	9.47
341.763	9.49
342.134	9.46
342.504	9.51
342.875	9.57
343.246	9.63
343.616	9.68
343.987	9.76
344.357	9.76
344.727	9.73
345.098	9.73
345.468	9.73
345.838	9.71
346.209	9.79
346.579	9.8
346.949	9.82
347.319	9.85
347.689	9.88
348.059	9.87
348.429	9.92
348.799	9.94
349.169	9.94
349.539	10.02
349.909	10.09
350.279	10.09
350.649	10.14
351.018	10.18
351.388	10.2
351.758	10.19
352.128	10.21
352.497	10.18
352.867	10.18
353.236	10.17
353.606	10.13
353.975	10.08
354.345	10.09
354.714	10.09
355.083	10.07
355.453	10.05
355.822	9.97
356.191	9.97
356.56	10.01
356.93	10.02
357.299	10.02
357.668	9.99
358.037	10.02
358.406	10.01
358.775	10.01
359.144	9.99
359.513	9.95
359.882	9.98
360.25	9.94
360.619	9.91
360.988	9.93
361.357	9.96
361.725	9.99
362.094	9.97
362.463	9.96
362.831	9.97
363.2	10
363.568	10.08
363.937	10.14
364.305	10.21
364.673	10.24
365.042	10.26
365.41	10.25
365.778	10.28
366.146	10.34
366.515	10.4
366.883	10.4
367.251	10.41
367.619	10.39
367.987	10.39
368.355	10.39
368.723	10.4
369.091	10.37
369.459	10.38
369.826	10.37
370.194	10.36
370.562	10.4
370.93	10.41
371.297	10.39
371.665	10.42
372.033	10.45
372.4	10.47
372.768	10.47
373.135	10.49
373.503	10.5
373.87	10.51
374.237	10.51
374.605	10.48
374.972	10.45
375.339	10.45
375.707	10.42
376.074	10.41
376.441	10.39
376.808	10.38
377.175	10.4
377.542	10.39
377.909	10.39
378.276	10.4
378.643	10.37
379.01	10.41
379.377	10.43
379.744	10.45
380.11	10.46
380.477	10.47
380.844	10.5
381.21	10.5
381.577	10.48
381.944	10.47
382.31	10.43
382.677	10.44
383.043	10.44
383.409	10.45
383.776	10.44
384.142	10.45
384.508	10.46
384.875	10.41
385.241	10.42
385.607	10.42
385.973	10.41
386.339	10.43
386.705	10.45
387.071	10.44
387.437	10.44
387.803	10.46
388.169	10.46
388.535	10.47
388.901	10.5
389.267	10.49
389.633	10.49
389.998	10.51
390.364	10.5
390.73	10.51
391.095	10.52
391.461	10.53
391.826	10.52
392.192	10.51
392.557	10.5
392.923	10.5
393.288	10.48
393.653	10.5
394.019	10.52
394.384	10.53
394.749	10.51
395.114	10.53
395.479	10.53
395.844	10.53
396.21	10.51
396.575	10.49
396.94	10.52
397.304	10.53
397.669	10.55
398.034	10.54
398.399	10.54
398.764	10.55
399.129	10.52
399.493	10.51
399.858	10.52
400.223	10.54
400.587	10.57
400.952	10.56
401.316	10.56
401.681	10.53
402.045	10.5
402.409	10.5
402.774	10.52
403.138	10.51
403.502	10.52
403.867	10.54
404.231	10.53
404.595	10.53
404.959	10.54
405.323	10.57
405.687	10.6
406.051	10.64
406.415	10.67
406.779	10.69
407.143	10.71
407.507	10.72
407.871	10.7
408.234	10.71
408.598	10.71
408.962	10.71
409.325	10.71
409.689	10.71
410.053	10.7
410.416	10.67
410.78	10.67
411.143	10.69
411.506	10.69
411.87	10.71
412.233	10.74
412.596	10.75
412.96	10.77
413.323	10.75
413.686	10.74
414.049	10.74
414.412	10.77
414.775	10.75
415.138	10.73
415.501	10.71
415.864	10.68
416.227	10.64
416.59	10.6
416.953	10.55
417.315	10.54
417.678	10.52
418.041	10.5
418.404	10.47
418.766	10.44
419.129	10.41
419.491	10.4
419.854	10.4
420.216	10.42
420.579	10.43
420.941	10.43
421.303	10.42
421.666	10.42
422.028	10.41
422.39	10.4
422.752	10.41
423.114	10.43
423.476	10.42
423.839	10.42
424.201	10.42
424.563	10.42
424.924	10.45
425.286	10.48
425.648	10.51
426.01	10.54
426.372	10.58
426.733	10.63
427.095	10.65
427.457	10.69
427.818	10.72
428.18	10.71
428.542	10.75
428.903	10.73
429.264	10.73
429.626	10.7
429.987	10.71
430.349	10.7
430.71	10.68
431.071	10.67
431.432	10.64
431.794	10.64
432.155	10.65
432.516	10.64
432.877	10.65
433.238	10.65
433.599	10.66
433.96	10.67
434.321	10.68
434.681	10.7
435.042	10.74
435.403	10.77
435.764	10.78
436.124	10.8
436.485	10.78
436.846	10.78
437.206	10.76
437.567	10.74
437.927	10.7
438.288	10.67
438.648	10.64
439.008	10.62
439.369	10.61
439.729	10.6
440.089	10.61
440.449	10.64
440.81	10.65
441.17	10.67
441.53	10.69
441.89	10.71
442.25	10.73
442.61	10.74
442.97	10.75
443.33	10.74
443.689	10.73
444.049	10.69
444.409	10.66
444.769	10.62
445.128	10.61
445.488	10.59
445.848	10.59
446.207	10.6
446.567	10.62
446.926	10.64
447.285	10.66
447.645	10.68
448.004	10.72
448.363	10.76
448.723	10.81
449.082	10.85
449.441	10.88
449.8	10.9
450.159	10.89
450.518	10.87
450.877	10.86
451.236	10.87
451.595	10.85
451.954	10.86
452.313	10.85
452.672	10.86
453.031	10.84
453.389	10.84
453.748	10.86
454.107	10.86
454.465	10.9
454.824	10.92
455.182	10.92
455.541	10.94
455.899	10.92
456.258	10.92
456.616	10.89
456.974	10.88
457.333	10.84
457.691	10.8
458.049	10.78
458.407	10.76
458.765	10.76
459.123	10.78
459.481	10.81
459.839	10.82
460.197	10.84
460.555	10.87
460.913	10.91
461.271	10.95
461.629	11.02
461.987	11.07
462.344	11.12
462.702	11.13
463.06	11.15
463.417	11.13
463.775	11.14
464.132	11.16
464.49	11.15
464.847	11.15
465.204	11.16
465.562	11.17
465.919	11.19
466.276	11.21
466.633	11.23
466.991	11.24
467.348	11.23
467.705	11.24
468.062	11.24
468.419	11.25
468.776	11.27
469.133	11.26
469.49	11.26
469.846	11.25
470.203	11.25
470.56	11.23
470.917	11.24
471.273	11.26
471.63	11.26
471.986	11.26
472.343	11.27
472.699	11.26
473.056	11.28
473.412	11.28
473.769	11.28
474.125	11.28
474.481	11.28
474.838	11.26
475.194	11.26
475.55	11.25
475.906	11.24
476.262	11.21
476.618	11.18
476.974	11.17
477.33	11.17
477.686	11.17
478.042	11.18
478.398	11.19
478.753	11.2
479.109	11.18
479.465	11.16
479.821	11.15
480.176	11.13
480.532	11.11
480.887	11.07
481.243	11.01
481.598	11.06
481.954	11.28
482.309	11.46
482.664	11.49
483.02	11.38
483.375	11.22
483.73	11.23
484.085	11.24
484.44	11.24
484.795	11.23
485.15	11.22
485.505	11.17
485.86	10.99
486.215	10.79
486.57	10.71
486.925	10.77
487.28	10.93
487.634	10.92
487.989	10.92
488.344	10.92
488.698	10.94
489.053	10.95
489.407	10.94
489.762	10.93
490.116	10.93
490.471	10.95
490.825	10.97
491.179	10.99
491.534	11
491.888	11
492.242	11.02
492.596	11.04
492.95	11.09
493.304	11.16
493.658	11.24
494.012	11.3
494.366	11.31
494.72	11.27
495.074	11.21
495.428	11.19
495.782	11.16
496.135	11.14
496.489	11.13
496.843	11.11
497.196	11.11
497.55	11.11
497.903	11.11
498.257	11.13
498.61	11.16
498.963	11.19
499.317	11.21
499.67	11.22
500.023	11.22
500.376	11.22
500.73	11.23
501.083	11.24
501.436	11.24
501.789	11.24
502.142	11.22
502.495	11.21
502.848	11.19
503.201	11.19
503.553	11.19
503.906	11.19
504.259	11.21
504.612	11.21
504.964	11.19
505.317	11.19
505.669	11.17
506.022	11.17
506.374	11.17
506.727	11.15
507.079	11.13
507.432	11.11
507.784	11.09
508.136	11.07
508.488	11.06
508.841	11.06
509.193	11.06
509.545	11.06
509.897	11.06
510.249	11.06
510.601	11.07
510.953	11.09
511.305	11.11
511.656	11.12
512.008	11.13
512.36	11.12
512.712	11.13
513.063	11.12
513.415	11.14
513.766	11.14
514.118	11.15
514.469	11.15
514.821	11.13
515.172	11.1
515.524	11.08
515.875	11.04
516.226	11.01
516.577	10.95
516.929	10.92
517.28	10.9
517.631	10.9
517.982	10.89
518.333	10.89
518.684	10.91
519.035	10.93
519.386	10.94
519.737	10.97
520.087	11
520.438	11.04
520.789	11.09
521.139	11.11
521.49	11.12
521.841	11.13
522.191	11.12
522.542	11.11
522.892	11.08
523.243	11.04
523.593	10.99
523.943	10.95
524.293	10.92
524.644	10.89
524.994	10.88
525.344	10.86
525.694	10.83
526.044	10.79
526.394	10.75
526.744	10.75
527.094	10.79
527.444	10.78
527.794	10.82
528.144	10.85
528.493	10.87
528.843	10.88
529.193	10.9
529.542	10.92
529.892	10.95
530.241	10.98
530.591	10.99
530.94	10.95
531.29	10.95
531.639	10.89
531.988	10.83
532.338	10.8
532.687	10.8
533.036	10.8
533.385	10.79
533.734	10.8
534.083	10.79
534.432	10.78
534.781	10.79
535.13	10.79
535.479	10.82
535.828	10.84
536.177	10.86
536.525	10.85
536.874	10.84
537.223	10.84
537.571	10.84
537.92	10.85
538.268	10.85
538.617	10.85
538.965	10.82
539.314	10.74
539.662	10.67
540.01	10.64
540.359	10.62
540.707	10.61
541.055	10.61
541.403	10.61
541.751	10.6
542.099	10.61
542.447	10.64
542.795	10.68
543.143	10.74
543.491	10.79
543.839	10.82
544.187	10.82
544.534	10.81
544.882	10.79
545.23	10.76
545.577	10.76
545.925	10.77
546.272	10.78
546.62	10.79
546.967	10.79
547.314	10.8
547.662	10.82
548.009	10.86
548.356	10.9
548.704	10.95
549.051	10.99
549.398	11.02
549.745	11.02
550.092	10.97
550.439	10.93
550.786	10.89
551.133	10.84
551.479	10.8
551.826	10.77
552.173	10.75
552.52	10.76
552.866	10.76
553.213	10.74
553.56	10.74
553.906	10.75
554.253	10.76
554.599	10.77
554.945	10.78
555.292	10.8
555.638	10.81
555.984	10.79
556.331	10.78
556.677	10.78
557.023	10.79
557.369	10.78
557.715	10.78
558.061	10.78
558.407	10.78
558.753	10.8
559.099	10.77
559.444	10.75
559.79	10.74
560.136	10.71
560.482	10.7
560.827	10.69
561.173	10.69
561.518	10.68
561.864	10.67
562.209	10.66
562.555	10.64
562.9	10.66
563.245	10.64
563.591	10.62
563.936	10.59
564.281	10.57
564.626	10.52
564.971	10.49
565.316	10.46
565.661	10.46
566.006	10.45
566.351	10.45
566.696	10.44
567.041	10.45
567.386	10.47
567.73	10.47
568.075	10.48
568.42	10.49
568.764	10.5
569.109	10.5
569.453	10.48
569.798	10.43
570.142	10.4
570.487	10.37
570.831	10.35
571.175	10.34
571.519	10.34
571.864	10.33
572.208	10.33
572.552	10.34
572.896	10.33
573.24	10.32
573.584	10.32
573.928	10.32
574.272	10.33
574.616	10.34
574.959	10.34
575.303	10.34
575.647	10.34
575.99	10.33
576.334	10.31
576.678	10.33
577.021	10.35
577.364	10.38
577.708	10.4
578.051	10.41
578.395	10.39
578.738	10.39
579.081	10.37
579.424	10.37
579.767	10.36
580.111	10.37
580.454	10.36
580.797	10.34
581.14	10.32
581.482	10.32
581.825	10.33
582.168	10.32
582.511	10.31
582.854	10.3
583.196	10.29
583.539	10.3
583.882	10.3
584.224	10.3
584.567	10.31
584.909	10.29
585.252	10.26
585.594	10.24
585.936	10.22
586.279	10.19
586.621	10.2
586.963	10.19
587.305	10.17
587.647	10.11
587.989	10.09
588.331	10.06
588.673	10.06
589.015	10.06
589.357	10.05
589.699	10.08
590.041	10.11
590.382	10.1
590.724	10.1
591.066	10.08
591.407	10.1
591.749	10.08
592.09	10.08
592.432	10.07
592.773	10.07
593.114	10.04
593.456	10.02
593.797	10
594.138	9.96
594.479	9.92
594.821	9.89
595.162	9.82
595.503	9.79
595.844	9.77
596.185	9.76
596.525	9.76
596.866	9.77
597.207	9.77
597.548	9.75
597.889	9.79
598.229	9.81
598.57	9.84
598.91	9.89
599.251	9.93
599.592	9.97
599.932	9.97
600.272	9.97
600.613	9.94
600.953	9.92
601.293	9.87
601.633	9.81
601.974	9.78
602.314	9.73
602.654	9.68
602.994	9.63
603.334	9.59
603.674	9.58
604.014	9.56
604.353	9.57
604.693	9.59
605.033	9.6
605.373	9.63
605.712	9.63
606.052	9.66
606.391	9.7
606.731	9.73
607.07	9.74
607.41	9.71
607.749	9.69
608.088	9.65
608.428	9.61
608.767	9.6
609.106	9.59
609.445	9.61
609.784	9.62
610.123	9.6
610.462	9.63
610.801	9.65
611.14	9.68
611.479	9.75
611.818	9.77
612.157	9.79
612.495	9.81
612.834	9.83
613.173	9.82
613.511	9.81
613.85	9.82
614.188	9.82
614.527	9.81
614.865	9.8
615.203	9.77
615.542	9.78
615.88	9.8
616.218	9.79
616.556	9.79
616.894	9.77
617.233	9.78
617.571	9.78
617.908	9.74
618.246	9.72
618.584	9.73
618.922	9.75
619.26	9.73
619.598	9.73
619.935	9.72
620.273	9.72
620.611	9.73
620.948	9.71
621.286	9.7
621.623	9.68
621.96	9.67
622.298	9.66
622.635	9.63
622.972	9.64
623.31	9.61
623.647	9.59
623.984	9.56
624.321	9.52
624.658	9.48
624.995	9.43
625.332	9.44
625.669	9.45
626.006	9.45
626.342	9.45
626.679	9.45
627.016	9.47
627.352	9.47
627.689	9.48
628.026	9.49
628.362	9.53
628.699	9.55
629.035	9.56
629.371	9.54
629.708	9.51
630.044	9.52
630.38	9.51
630.716	9.53
631.052	9.53
631.388	9.53
631.725	9.53
632.06	9.51
632.396	9.5
632.732	9.49
633.068	9.5
633.404	9.51
633.74	9.48
634.075	9.47
634.411	9.43
634.747	9.42
635.082	9.45
635.418	9.45
635.753	9.45
636.089	9.49
636.424	9.51
636.759	9.51
637.095	9.5
637.43	9.51
637.765	9.51
638.1	9.52
638.435	9.51
638.77	9.47
639.105	9.47
639.44	9.45
639.775	9.44
640.11	9.42
640.445	9.42
640.779	9.43
641.114	9.4
641.449	9.4
641.783	9.38
642.118	9.37
642.452	9.39
642.787	9.39
643.121	9.39
643.456	9.38
643.79	9.38
644.124	9.39
644.458	9.4
644.793	9.45
645.127	9.46
645.461	9.48
645.795	9.5
646.129	9.52
646.463	9.5
646.797	9.5
647.13	9.48
647.464	9.46
647.798	9.45
648.132	9.45
648.465	9.44
648.799	9.43
649.132	9.4
649.466	9.37
649.799	9.32
650.133	9.33
650.466	9.34
650.799	9.35
651.133	9.33
651.466	9.31
651.799	9.26
652.132	9.24
652.465	9.23
652.798	9.26
653.131	9.28
653.464	9.3
653.797	9.31
654.13	9.32
654.463	9.3
654.795	9.28
655.128	9.31
655.461	9.32
655.793	9.31
656.126	9.28
656.458	9.24
656.791	9.19
657.123	9.15
657.455	9.11
657.788	9.09
658.12	9.06
658.452	9.1
658.784	9.09
659.116	9.11
659.448	9.13
659.78	9.15
660.112	9.17
660.444	9.21
660.776	9.26
661.108	9.26
661.44	9.28
661.771	9.32
662.103	9.34
662.435	9.38
662.766	9.4
663.098	9.43
663.429	9.41
663.761	9.35
664.092	9.34
664.423	9.31
664.755	9.35
665.086	9.32
665.417	9.34
665.748	9.29
666.079	9.27
666.41	9.24
666.741	9.21
667.072	9.2
667.403	9.21
667.734	9.18
668.065	9.2
668.395	9.16
668.726	9.18
669.057	9.19
669.387	9.22
669.718	9.2
670.048	9.21
670.379	9.2
670.709	9.22
671.039	9.25
671.37	9.27
671.7	9.27
672.03	9.31
672.36	9.3
672.69	9.31
673.02	9.3
673.35	9.3
673.68	9.3
674.01	9.31
674.34	9.35
674.67	9.38
675	9.33
675.329	9.34
675.659	9.38
675.989	9.36
676.318	9.34
676.648	9.34
676.977	9.36
677.307	9.35
677.636	9.35
677.965	9.28
678.295	9.26
678.624	9.31
678.953	9.29
679.282	9.26
679.611	9.3
679.94	9.32
680.269	9.31
680.598	9.3
680.927	9.31
681.256	9.29
681.584	9.32
681.913	9.36
682.242	9.36
682.57	9.35
682.899	9.38
683.228	9.39
683.556	9.38
683.884	9.42
684.213	9.44
684.541	9.45
684.869	9.47
685.198	9.48
685.526	9.44
685.854	9.44
686.182	9.51
686.51	9.52
686.838	9.53
687.166	9.53
687.494	9.55
687.822	9.55
688.149	9.55
688.477	9.53
688.805	9.55
689.133	9.57
689.46	9.57
689.788	9.55
690.115	9.52
690.443	9.49
690.77	9.53
691.097	9.51
691.425	9.52
691.752	9.5
692.079	9.57
692.406	9.57
692.733	9.55
693.06	9.56
693.387	9.53
693.714	9.51
694.041	9.49
694.368	9.4
694.695	9.37
695.021	9.35
695.348	9.37
695.675	9.3
696.001	9.26
696.328	9.29
696.654	9.24
696.981	9.19
697.307	9.16
697.634	9.12
697.96	9.12
698.286	9.16
698.612	9.15
698.938	9.14
699.264	9.14
699.591	9.2
699.917	9.2
700.242	9.24
700.568	9.25
700.894	9.33
701.22	9.43
701.546	9.5
701.871	9.5
702.197	9.52
702.523	9.58
702.848	9.6
703.174	9.54
703.499	9.52
703.824	9.52
704.15	9.6
704.475	9.55
704.8	9.51
705.125	9.43
705.451	9.4
705.776	9.42
706.101	9.37
706.426	9.37
706.751	9.38
707.076	9.32
707.4	9.33
707.725	9.3
708.05	9.33
708.375	9.3
708.699	9.35
709.024	9.43
709.348	9.37
709.673	9.38
709.997	9.38
710.322	9.37
710.646	9.49
710.97	9.44
711.294	9.44
711.619	9.42
711.943	9.43
712.267	9.41
712.591	9.37
712.915	9.38
713.239	9.35
713.563	9.36
713.886	9.33
714.21	9.28
714.534	9.25
714.858	9.26
715.181	9.26
715.505	9.23
715.828	9.24
716.152	9.26
716.475	9.31
716.799	9.4
717.122	9.39
717.445	9.43
717.768	9.47
718.092	9.47
718.415	9.46
718.738	9.49
719.061	9.5
719.384	9.52
719.707	9.5
720.03	9.46
720.352	9.45
720.675	9.4
720.998	9.42
721.32	9.38
721.643	9.46
721.966	9.5
722.288	9.52
722.611	9.47
722.933	9.41
723.255	9.42
723.578	9.39
723.9	9.34
724.222	9.41
724.544	9.42
724.866	9.44
725.188	9.39
725.51	9.41
725.832	9.39
726.154	9.52
726.476	9.55
726.798	9.6
727.12	9.65
727.441	9.63
727.763	9.61
728.085	9.57
728.406	9.55
728.728	9.62
729.049	9.59
729.37	9.57
729.692	9.51
730.013	9.53
730.334	9.46
730.655	9.41
730.977	9.43
731.298	9.46
731.619	9.47
731.94	9.51
732.261	9.42
732.581	9.43
732.902	9.52
733.223	9.57
733.544	9.64
733.864	9.64
734.185	9.72
734.506	9.79
734.826	9.81
735.146	9.88
735.467	9.9
735.787	9.97
736.108	9.99
736.428	9.94
736.748	9.99
737.068	9.95
737.388	10.07
737.708	10.02
738.028	9.97
738.348	9.98
738.668	10
738.988	10
739.308	10
739.628	10.02
739.947	10.04
740.267	9.99
740.586	10.02
740.906	9.97
741.225	10.06
741.545	10.05
741.864	10.02
742.184	9.91
742.503	9.78
742.822	9.79
743.141	9.81
743.46	9.83
743.779	9.79
744.098	9.69
744.417	9.71
744.736	9.69
745.055	9.68
745.374	9.71
745.693	9.7
746.011	9.76
746.33	9.73
746.649	9.71
746.967	9.59
747.286	9.65
747.604	9.64
747.923	9.64
748.241	9.46
748.559	9.46
748.877	9.44
749.196	9.6
749.514	9.61
749.832	9.59
750.15	9.59
750.468	9.58
750.786	9.54
751.104	9.58
751.422	9.62
751.739	9.74
752.057	9.81
752.375	9.9
752.692	9.86
753.01	9.94
753.327	9.98
753.645	9.94
753.962	10.04
754.28	9.99
754.597	9.95
754.914	9.94
755.231	9.99
755.548	9.94
755.866	9.77
756.183	9.71
756.5	9.63
756.816	9.61
757.133	9.6
757.45	9.5
757.767	9.54
758.084	9.59
758.4	9.54
758.717	9.52
759.034	9.61
759.35	9.73
759.667	9.75
759.983	9.77
760.299	9.76
760.616	9.8
760.932	9.99
761.248	10.15
761.564	10.17
761.88	10.14
762.196	10.11
762.512	9.99
762.828	9.97
763.144	9.96
763.46	9.95
763.776	10.02
764.092	10.12
764.407	10.01
764.723	9.95
765.038	9.93
765.354	10.02
765.669	10.04
765.985	10.08
766.3	10.09
766.616	10.14
766.931	10.15
767.246	10.12
767.561	10.03
767.876	9.98
768.191	9.99
768.506	9.99
768.821	9.8
769.136	9.81
769.451	9.84
769.766	9.89
770.08	9.82
770.395	9.9
770.71	9.93
771.024	9.98
771.339	10.09
771.653	9.97
771.968	9.95
772.282	10.1
772.596	10.18
772.911	10.06
773.225	10.03
773.539	10.01
773.853	10.09
774.167	10.1
774.481	10.08
774.795	10.09
775.109	10.38
775.423	10.57
775.737	10.51
776.05	10.44
776.364	10.61
776.678	10.52
776.991	10.69
777.305	10.54
777.618	10.44
777.931	10.44
778.245	10.45
778.558	10.24
778.871	10.08
779.185	10.23
779.498	10.27
779.811	10.25
780.124	10.39
780.437	10.26
780.75	10.24
781.063	10.52
781.375	10.59
781.688	10.6
782.001	10.75
782.314	10.81
782.626	10.81
782.939	10.88
783.251	10.87
783.564	10.79
783.876	10.84
784.188	11.01
784.501	10.83
784.813	10.83
785.125	10.89
785.437	10.77
785.749	10.68
786.061	10.45
786.373	10.39
786.685	10.59
786.997	10.67
787.309	10.79
787.621	10.71
787.932	10.59
788.244	10.74
788.556	10.7
788.867	10.69
789.179	10.83
789.49	10.94
789.801	10.94
790.113	10.87
790.424	10.85
790.735	10.65
791.046	10.64
791.358	10.77
791.669	10.59
791.98	10.64
792.291	10.69
792.601	10.52
792.912	10.44
793.223	10.32
793.534	10.27
793.845	10.16
794.155	10.42
794.466	10.51
794.776	10.46
795.087	10.44
795.397	10.35
795.707	10.39
796.018	10.41
796.328	10.48
796.638	10.69
796.948	10.63
797.258	10.85
797.569	10.74
797.879	10.73
798.188	10.77
798.498	10.72
798.808	10.75
799.118	10.76
799.428	10.88
799.737	10.97
800.047	10.98
800.356	10.92
800.666	10.66
800.975	10.64
801.285	10.64
801.594	10.76
801.903	10.76
802.213	10.77
802.522	10.73
802.831	10.75
803.14	10.73
803.449	10.53
803.758	10.71
804.067	10.71
804.376	10.66
804.684	10.58
804.993	10.48
805.302	10.53
805.611	10.54
805.919	10.5
806.228	10.51
806.536	10.38
806.845	10.4
807.153	10.41
807.461	10.43
807.769	10.56
808.078	10.56
808.386	10.54
808.694	10.44
809.002	10.4
809.31	10.5
809.618	10.49
809.926	10.64
810.233	10.59
810.541	10.21
810.849	10.24
811.157	10.19
811.464	10.03
811.772	9.88
812.079	9.83
812.387	9.76
812.694	9.66
813.001	9.62
813.309	9.58
813.616	9.74
813.923	10.06
814.23	10.15
814.537	10.29
814.844	10.42
815.151	10.35
815.458	10.25
815.765	10.53
816.072	10.46
816.378	10.51
816.685	10.48
816.992	10.63
817.298	10.55
817.605	10.63
817.911	10.46
818.218	10.49
818.524	10.92
818.83	11.08
819.136	11.09
819.443	11
819.749	10.88
820.055	10.99
820.361	10.79
820.667	10.85
820.973	10.8
821.279	10.8
821.584	10.85
821.89	10.75
822.196	10.79
822.501	10.77
822.807	10.9
823.113	10.96
823.418	10.99
823.723	11.05
824.029	11.1
824.334	11.18
824.639	11.26
824.944	11.37
825.25	11.53
825.555	11.67
825.86	11.79
826.165	11.8
826.47	11.89
826.774	11.88
827.079	11.86
827.384	11.85
827.689	11.86
827.993	11.92
828.298	11.92
828.602	11.95
828.907	11.91
829.211	11.97
829.516	12.07
829.82	12.07
830.124	12.2
830.429	12.35
830.733	12.44
831.037	12.55
831.341	12.41
831.645	12.4
831.949	12.25
832.253	12.08
832.556	11.84
832.86	11.75
833.164	11.65
833.467	11.66
833.771	11.69
834.075	11.76
834.378	11.69
834.682	11.78
834.985	11.65
835.288	11.75
835.591	11.93
835.895	12.1
836.198	12.06
836.501	12.19
836.804	12.19
837.107	12.21
837.41	12.19
837.713	12.39
838.016	12.44
838.318	12.65
838.621	12.75
838.924	12.81
839.226	12.74
839.529	12.95
839.831	12.72
840.134	12.77
840.436	12.82
840.738	12.81
841.041	12.85
841.343	13.07
841.645	12.93
841.947	13
842.249	12.65
842.551	12.43
842.853	12.39
843.155	12.63
843.457	12.68
843.758	12.28
844.06	12.27
844.362	11.84
844.663	11.37
844.965	11.73
845.266	11.25
845.568	11.48
845.869	11.75
846.17	11.34
846.472	11.48
846.773	11.48
847.074	11.64
847.375	11.2
847.676	11.24
847.977	11.21
848.278	10.82
848.579	10.73
848.88	11.11
849.181	11.18
849.481	11.81
849.782	11.63
850.082	11.52
850.383	11.8
850.683	12.27
850.984	12.18
851.284	12.17
851.585	12.24
851.885	11.9
852.185	11.93
852.485	12.45
852.785	12.11
853.085	12.35
853.385	12.3
853.685	12.4
853.985	12.66
854.285	12.52
854.584	12.03
854.884	12.39
855.184	13.09
855.483	12.73
855.783	11.78
856.082	11.7
856.382	10.9
856.681	10.8
856.98	10.31
857.28	10.38
857.579	10.52
857.878	11.2
858.177	11.4
858.476	11.77
858.775	11.86
859.074	12.02
859.373	12.45
859.671	12.24
859.97	11.9
860.269	12.14
860.567	11.37
860.866	10.74
861.165	10.69
861.463	10.72
861.761	10.56
862.06	10.01
862.358	10.29
862.656	9.72
862.954	10.68
863.252	11.49
863.551	11.24
863.849	11.03
864.146	11.22
864.444	11.55
864.742	11.38
865.04	11.29
865.338	11.85
865.635	11.87
865.933	12.53
866.23	12.11
866.528	12.07
866.825	12.42
867.123	12.44
867.42	12.6
867.717	12.3
868.014	11.88
868.312	11.9
868.609	11.77
868.906	12.32
869.203	12.05
869.5	12.55
869.796	12.05
870.093	12.6
870.39	13.51
870.687	13.92
870.983	13.98
871.28	14.07
871.576	13.95
871.873	13.9
872.169	14
872.466	14.04
872.762	13.66
873.058	14.38
873.354	13.64
873.65	13.52
873.947	13.43
874.243	13.94
874.538	14.36
874.834	14.32
875.13	14.42
875.426	14.02
875.722	14.46
876.017	14.88
876.313	14.81
876.608	15.43
876.904	15.53
877.199	16.12
877.495	15.68
877.79	14.82
878.085	15.29
878.381	15.54
878.676	16.23
878.971	16.04
879.266	15.96
879.561	15.61
879.856	15.21
880.151	14.87
880.445	14.52
880.74	14.53
881.035	14.88
881.329	14.69
881.624	14.67
881.919	14.2
882.213	14.11
