177.169	-33.96
177.554	-335.06
177.94	1215.79
178.326	214.81
178.711	55.74
179.097	86.76
179.482	24.57
179.868	-13.02
180.253	-104.35
180.639	-61.01
181.024	-16.33
181.409	29.31
181.795	-335.06
182.18	-612.63
182.565	260.19
182.95	86.97
183.336	127.68
183.721	95.48
184.106	3.86
184.491	135.31
184.876	37.03
185.261	61.7
185.646	43.8
186.031	48.69
186.416	40.21
186.801	26.9
187.186	28.75
187.57	26.47
187.955	26.03
188.34	25.24
188.725	17.42
189.11	16.43
189.494	14.3
189.879	21.58
190.263	11.05
190.648	10.56
191.033	14.04
191.417	18.69
191.802	17.01
192.186	21.16
192.57	18.02
192.955	24.83
193.339	28.11
193.723	30.7
194.108	30.37
194.492	39.03
194.876	41.09
195.26	36.08
195.645	36.73
196.029	39.93
196.413	37.79
196.797	39.97
197.181	35.1
197.565	31.49
197.949	28.14
198.333	28.78
198.717	26.35
199.101	28.8
199.484	28.81
199.868	28.81
200.252	30.9
200.636	32.63
201.019	33.57
201.403	36.1
201.787	35.32
202.17	34.17
202.554	36.99
202.937	33.22
203.321	29.01
203.704	28.8
204.088	24.2
204.471	21.23
204.855	19.52
205.238	26.31
205.621	22.12
206.005	28.67
206.388	32.2
206.771	27.44
207.154	31.19
207.537	30.86
207.921	32.12
208.304	39.59
208.687	37.86
209.07	38.73
209.453	33.89
209.836	34.11
210.219	32.47
210.601	24.98
210.984	23.2
211.367	23.14
211.75	23.23
212.133	22.41
212.515	13.11
212.898	13.36
213.281	10.23
213.663	8.08
214.046	-2.74
214.428	2.65
214.811	12.32
215.193	15.49
215.576	12.96
215.958	15.44
216.341	18.67
216.723	25.33
217.105	29.11
217.488	28.74
217.87	23.34
218.252	26.38
218.634	25.59
219.017	26.93
219.399	25.33
219.781	22.3
220.163	22.73
220.545	18.49
220.927	15.93
221.309	12.48
221.691	16.55
222.073	24.25
222.455	26.75
222.836	19.61
223.218	16.14
223.6	18.5
223.982	28.66
224.363	24.89
224.745	27.65
225.127	28.05
225.508	28.88
225.89	24.44
226.271	22.23
226.653	20.11
227.034	19.38
227.416	17.22
227.797	11.68
228.178	5.43
228.56	5.91
228.941	3.53
229.322	1.68
229.704	-0.43
230.085	-0.53
230.466	-0.19
230.847	0.58
231.228	4.37
231.609	10.17
231.99	10.49
232.371	13.11
232.752	14.58
233.133	14.04
233.514	13.47
233.895	13.22
234.276	10.66
234.657	10.5
235.037	9.83
235.418	9.29
235.799	6.44
236.179	8.18
236.56	6
236.941	5.37
237.321	6.36
237.702	5.93
238.082	7.63
238.463	9.21
238.843	8.57
239.223	9.5
239.604	8.18
239.984	7.55
240.364	6.67
240.745	6.13
241.125	5.32
241.505	4.95
241.885	5.05
242.265	4.64
242.645	4.73
243.025	4.54
243.405	4.31
243.785	4.24
244.165	4.22
244.545	3.88
244.925	3.51
245.305	3.47
245.685	3.32
246.065	3.2
246.444	3.08
246.824	2.96
247.204	2.94
247.583	2.76
247.963	2.98
248.343	2.95
248.722	3.06
249.102	3.17
249.481	3.41
249.861	3.41
250.24	3.48
250.619	3.34
250.999	3.41
251.378	3.52
251.757	3.59
252.136	3.36
252.516	3.33
252.895	3.17
253.274	3.09
253.653	2.63
254.032	2.64
254.411	2.41
254.79	2.9
255.169	2.67
255.548	2.56
255.927	2.87
256.306	2.66
256.685	2.54
257.063	2.6
257.442	2.57
257.821	2.64
258.199	2.57
258.578	2.52
258.957	2.37
259.335	2.38
259.714	2.38
260.092	2.3
260.471	2.29
260.849	2.31
261.228	2.28
261.606	2.35
261.984	2.2
262.363	2.14
262.741	2.19
263.119	2.22
263.497	2.26
263.876	2.27
264.254	2.3
264.632	2.39
265.01	2.34
265.388	2.39
265.766	2.31
266.144	2.39
266.522	2.51
266.9	2.53
267.278	2.55
267.655	2.49
268.033	2.35
268.411	2.29
268.789	2.23
269.166	2.14
269.544	2.14
269.922	2.16
270.299	2.13
270.677	2.06
271.054	2.04
271.432	2.01
271.809	2.05
272.186	2.06
272.564	2.06
272.941	2.09
273.318	2.13
273.696	2.11
274.073	2.09
274.45	2.1
274.827	2.08
275.204	2.06
275.582	2.08
275.959	2.11
276.336	2.26
276.713	2.32
277.09	2.37
277.466	2.4
277.843	2.43
278.22	2.45
278.597	2.52
278.974	2.57
279.35	2.63
279.727	2.69
280.104	2.64
280.48	2.68
280.857	2.61
281.234	2.62
281.61	2.53
281.987	2.41
282.363	2.34
282.74	2.31
283.116	2.23
283.492	2.13
283.869	2.08
284.245	2.08
284.621	1.97
284.997	1.98
285.373	1.92
285.75	2.03
286.126	2.11
286.502	2.16
286.878	2.14
287.254	2.24
287.63	2.31
288.006	2.38
288.382	2.45
288.757	2.51
289.133	2.58
289.509	2.61
289.885	2.57
290.26	2.54
290.636	2.57
291.012	2.59
291.387	2.52
291.763	2.51
292.139	2.51
292.514	2.43
292.889	2.45
293.265	2.45
293.64	2.52
294.016	2.52
294.391	2.52
294.766	2.48
295.142	2.54
295.517	2.56
295.892	2.56
296.267	2.57
296.642	2.6
297.017	2.58
297.392	2.6
297.767	2.59
298.142	2.58
298.517	2.61
298.892	2.57
299.267	2.5
299.642	2.59
300.017	2.56
300.391	2.44
300.766	2.5
301.141	2.56
301.515	2.52
301.89	2.5
302.265	2.61
302.639	2.65
303.014	2.73
303.388	2.85
303.762	2.81
304.137	2.9
304.511	3
304.886	2.87
305.26	2.83
305.634	2.8
306.008	2.78
306.382	2.74
306.757	2.71
307.131	2.7
307.505	2.62
307.879	2.61
308.253	2.57
308.627	2.59
309.001	2.68
309.375	2.72
309.748	2.71
310.122	2.76
310.496	2.75
310.87	2.78
311.243	2.84
311.617	2.87
311.991	2.92
312.364	2.93
312.738	2.95
313.111	2.92
313.485	2.84
313.858	2.87
314.232	2.84
314.605	2.87
314.979	2.85
315.352	2.77
315.725	2.82
316.098	2.8
316.472	2.85
316.845	2.87
317.218	2.91
317.591	2.96
317.964	3.01
318.337	3.07
318.71	3.06
319.083	3.15
319.456	3.18
319.829	3.23
320.202	3.22
320.574	3.28
320.947	3.28
321.32	3.38
321.693	3.45
322.065	3.41
322.438	3.39
322.81	3.43
323.183	3.39
323.555	3.42
323.928	3.41
324.3	3.41
324.673	3.4
325.045	3.43
325.417	3.44
325.79	3.52
326.162	3.55
326.534	3.55
326.906	3.57
327.278	3.65
327.651	3.68
328.023	3.68
328.395	3.71
328.767	3.71
329.139	3.75
329.511	3.71
329.882	3.63
330.254	3.61
330.626	3.56
330.998	3.53
331.37	3.44
331.741	3.4
332.113	3.37
332.485	3.41
332.856	3.4
333.228	3.37
333.599	3.38
333.971	3.37
334.342	3.37
334.714	3.45
335.085	3.42
335.456	3.49
335.828	3.53
336.199	3.55
336.57	3.53
336.941	3.62
337.312	3.62
337.683	3.63
338.054	3.71
338.426	3.71
338.797	3.73
339.167	3.72
339.538	3.67
339.909	3.62
340.28	3.63
340.651	3.68
341.022	3.68
341.392	3.71
341.763	3.76
342.134	3.71
342.504	3.7
342.875	3.69
343.246	3.69
343.616	3.73
343.987	3.76
344.357	3.72
344.727	3.71
345.098	3.64
345.468	3.61
345.838	3.56
346.209	3.63
346.579	3.59
346.949	3.62
347.319	3.68
347.689	3.7
348.059	3.73
348.429	3.81
348.799	3.82
349.169	3.87
349.539	3.9
349.909	3.94
350.279	3.9
350.649	4.02
351.018	3.97
351.388	3.93
351.758	3.92
352.128	3.9
352.497	3.88
352.867	3.86
353.236	3.83
353.606	3.82
353.975	3.74
354.345	3.75
354.714	3.68
355.083	3.69
355.453	3.72
355.822	3.69
356.191	3.7
356.56	3.72
356.93	3.75
357.299	3.74
357.668	3.74
358.037	3.75
358.406	3.74
358.775	3.8
359.144	3.81
359.513	3.77
359.882	3.79
360.25	3.77
360.619	3.73
360.988	3.7
361.357	3.72
361.725	3.74
362.094	3.77
362.463	3.76
362.831	3.75
363.2	3.73
363.568	3.76
363.937	3.77
364.305	3.77
364.673	3.79
365.042	3.81
365.41	3.82
365.778	3.81
366.146	3.79
366.515	3.84
366.883	3.81
367.251	3.86
367.619	3.86
367.987	3.89
368.355	3.91
368.723	3.9
369.091	3.92
369.459	3.93
369.826	3.95
370.194	3.97
370.562	3.96
370.93	3.98
371.297	3.96
371.665	3.97
372.033	3.96
372.4	3.99
372.768	4.03
373.135	4.03
373.503	3.98
373.87	3.98
374.237	3.99
374.605	4.01
374.972	4.02
375.339	4.05
375.707	4.06
376.074	4.04
376.441	4.02
376.808	4
377.175	4.03
377.542	4.06
377.909	4.07
378.276	4.08
378.643	4.06
379.01	4.08
379.377	4.06
379.744	4.11
380.11	4.13
380.477	4.15
380.844	4.15
381.21	4.13
381.577	4.1
381.944	4.11
382.31	4.07
382.677	4.09
383.043	4.11
383.409	4.12
383.776	4.11
384.142	4.11
384.508	4.11
384.875	4.12
385.241	4.14
385.607	4.15
385.973	4.14
386.339	4.17
386.705	4.18
387.071	4.17
387.437	4.18
387.803	4.15
388.169	4.18
388.535	4.19
388.901	4.2
389.267	4.22
389.633	4.25
389.998	4.27
390.364	4.27
390.73	4.29
391.095	4.29
391.461	4.28
391.826	4.3
392.192	4.3
392.557	4.29
392.923	4.3
393.288	4.29
393.653	4.27
394.019	4.29
394.384	4.27
394.749	4.27
395.114	4.28
395.479	4.29
395.844	4.27
396.21	4.25
396.575	4.26
396.94	4.3
397.304	4.3
397.669	4.33
398.034	4.34
398.399	4.38
398.764	4.39
399.129	4.39
399.493	4.39
399.858	4.42
400.223	4.42
400.587	4.46
400.952	4.43
401.316	4.44
401.681	4.42
402.045	4.4
402.409	4.4
402.774	4.42
403.138	4.44
403.502	4.47
403.867	4.49
404.231	4.51
404.595	4.5
404.959	4.52
405.323	4.55
405.687	4.6
406.051	4.62
406.415	4.64
406.779	4.65
407.143	4.65
407.507	4.65
407.871	4.65
408.234	4.66
408.598	4.68
408.962	4.7
409.325	4.7
409.689	4.69
410.053	4.7
410.416	4.69
410.78	4.68
411.143	4.69
411.506	4.69
411.87	4.7
412.233	4.72
412.596	4.73
412.96	4.74
413.323	4.73
413.686	4.72
414.049	4.71
414.412	4.74
414.775	4.75
415.138	4.75
415.501	4.74
415.864	4.72
416.227	4.7
416.59	4.69
416.953	4.68
417.315	4.7
417.678	4.71
418.041	4.7
418.404	4.69
418.766	4.68
419.129	4.68
419.491	4.69
419.854	4.71
420.216	4.73
420.579	4.74
420.941	4.76
421.303	4.75
421.666	4.75
422.028	4.78
422.39	4.79
422.752	4.82
423.114	4.84
423.476	4.84
423.839	4.85
424.201	4.85
424.563	4.86
424.924	4.87
425.286	4.9
425.648	4.93
426.01	4.95
426.372	4.98
426.733	5
427.095	5.03
427.457	5.07
427.818	5.09
428.18	5.11
428.542	5.13
428.903	5.13
429.264	5.14
429.626	5.13
429.987	5.13
430.349	5.13
430.71	5.14
431.071	5.12
431.432	5.12
431.794	5.13
432.155	5.14
432.516	5.15
432.877	5.17
433.238	5.18
433.599	5.19
433.96	5.21
434.321	5.21
434.681	5.22
435.042	5.26
435.403	5.28
435.764	5.3
436.124	5.33
436.485	5.35
436.846	5.37
437.206	5.37
437.567	5.37
437.927	5.36
438.288	5.37
438.648	5.37
439.008	5.37
439.369	5.37
439.729	5.38
440.089	5.38
440.449	5.38
440.81	5.41
441.17	5.42
441.53	5.44
441.89	5.46
442.25	5.48
442.61	5.5
442.97	5.51
443.33	5.53
443.689	5.52
444.049	5.52
444.409	5.52
444.769	5.51
445.128	5.51
445.488	5.52
445.848	5.53
446.207	5.54
446.567	5.54
446.926	5.56
447.285	5.57
447.645	5.6
448.004	5.63
448.363	5.66
448.723	5.69
449.082	5.73
449.441	5.75
449.8	5.78
450.159	5.81
450.518	5.83
450.877	5.84
451.236	5.87
451.595	5.87
451.954	5.88
452.313	5.89
452.672	5.91
453.031	5.9
453.389	5.91
453.748	5.93
454.107	5.92
454.465	5.95
454.824	5.97
455.182	5.98
455.541	5.99
455.899	6.02
456.258	6.03
456.616	6.03
456.974	6.05
457.333	6.04
457.691	6.03
458.049	6.03
458.407	6.03
458.765	6.05
459.123	6.07
459.481	6.09
459.839	6.1
460.197	6.11
460.555	6.13
460.913	6.16
461.271	6.19
461.629	6.24
461.987	6.28
462.344	6.32
462.702	6.35
463.06	6.37
463.417	6.39
463.775	6.42
464.132	6.44
464.49	6.45
464.847	6.46
465.204	6.47
465.562	6.49
465.919	6.5
466.276	6.51
466.633	6.51
466.991	6.52
467.348	6.53
467.705	6.54
468.062	6.56
468.419	6.58
468.776	6.61
469.133	6.62
469.49	6.64
469.846	6.67
470.203	6.68
470.56	6.7
470.917	6.73
471.273	6.75
471.63	6.77
471.986	6.79
472.343	6.81
472.699	6.82
473.056	6.85
473.412	6.88
473.769	6.89
474.125	6.9
474.481	6.92
474.838	6.93
475.194	6.97
475.55	6.98
475.906	6.99
476.262	7
476.618	7.01
476.974	7.02
477.33	7.02
477.686	7.04
478.042	7.08
478.398	7.09
478.753	7.11
479.109	7.11
479.465	7.12
479.821	7.13
480.176	7.14
480.532	7.14
480.887	7.13
481.243	7.13
481.598	7.21
481.954	7.4
482.309	7.55
482.664	7.59
483.02	7.53
483.375	7.42
483.73	7.43
484.085	7.43
484.44	7.45
484.795	7.46
485.15	7.48
485.505	7.47
485.86	7.36
486.215	7.25
486.57	7.22
486.925	7.29
487.28	7.42
487.634	7.44
487.989	7.46
488.344	7.48
488.698	7.5
489.053	7.52
489.407	7.55
489.762	7.58
490.116	7.6
490.471	7.64
490.825	7.67
491.179	7.69
491.534	7.7
491.888	7.72
492.242	7.75
492.596	7.78
492.95	7.81
493.304	7.85
493.658	7.9
494.012	7.95
494.366	7.96
494.72	7.96
495.074	7.99
495.428	8.02
495.782	8.03
496.135	8.05
496.489	8.07
496.843	8.09
497.196	8.11
497.55	8.13
497.903	8.15
498.257	8.19
498.61	8.24
498.963	8.27
499.317	8.3
499.67	8.33
500.023	8.36
500.376	8.39
500.73	8.41
501.083	8.44
501.436	8.48
501.789	8.5
502.142	8.52
502.495	8.53
502.848	8.56
503.201	8.58
503.553	8.61
503.906	8.64
504.259	8.68
504.612	8.71
504.964	8.74
505.317	8.75
505.669	8.78
506.022	8.81
506.374	8.83
506.727	8.84
507.079	8.86
507.432	8.88
507.784	8.89
508.136	8.89
508.488	8.9
508.841	8.92
509.193	8.96
509.545	8.98
509.897	9.01
510.249	9.04
510.601	9.07
510.953	9.11
511.305	9.16
511.656	9.19
512.008	9.23
512.36	9.27
512.712	9.31
513.063	9.33
513.415	9.38
513.766	9.42
514.118	9.46
514.469	9.5
514.821	9.52
515.172	9.54
515.524	9.56
515.875	9.58
516.226	9.58
516.577	9.58
516.929	9.59
517.28	9.61
517.631	9.63
517.982	9.64
518.333	9.67
518.684	9.7
519.035	9.73
519.386	9.77
519.737	9.81
520.087	9.85
520.438	9.9
520.789	9.95
521.139	10
521.49	10.03
521.841	10.07
522.191	10.09
522.542	10.13
522.892	10.14
523.243	10.15
523.593	10.17
523.943	10.19
524.293	10.22
524.644	10.24
524.994	10.27
525.344	10.3
525.694	10.31
526.044	10.33
526.394	10.35
526.744	10.43
527.094	10.52
527.444	10.54
527.794	10.6
528.144	10.64
528.493	10.67
528.843	10.7
529.193	10.73
529.542	10.77
529.892	10.82
530.241	10.88
530.591	10.89
530.94	10.88
531.29	10.93
531.639	10.94
531.988	10.97
532.338	11.01
532.687	11.04
533.036	11.08
533.385	11.11
533.734	11.13
534.083	11.16
534.432	11.19
534.781	11.23
535.13	11.29
535.479	11.35
535.828	11.41
536.177	11.44
536.525	11.48
536.874	11.51
537.223	11.54
537.571	11.58
537.92	11.62
538.268	11.67
538.617	11.72
538.965	11.76
539.314	11.78
539.662	11.8
540.01	11.84
540.359	11.87
540.707	11.9
541.055	11.93
541.403	11.96
541.751	11.99
542.099	12.02
542.447	12.07
542.795	12.13
543.143	12.21
543.491	12.28
543.839	12.34
544.187	12.38
544.534	12.43
544.882	12.46
545.23	12.5
545.577	12.56
545.925	12.62
546.272	12.68
546.62	12.72
546.967	12.76
547.314	12.82
547.662	12.88
548.009	12.95
548.356	13.02
548.704	13.1
549.051	13.21
549.398	13.28
549.745	13.34
550.092	13.37
550.439	13.42
550.786	13.44
551.133	13.46
551.479	13.48
551.826	13.51
552.173	13.55
552.52	13.6
552.866	13.62
553.213	13.67
553.56	13.71
553.906	13.76
554.253	13.83
554.599	13.9
554.945	13.99
555.292	14.07
555.638	14.14
555.984	14.19
556.331	14.26
556.677	14.32
557.023	14.38
557.369	14.45
557.715	14.52
558.061	14.57
558.407	14.61
558.753	14.66
559.099	14.7
559.444	14.75
559.79	14.79
560.136	14.83
560.482	14.87
560.827	14.9
561.173	14.95
561.518	14.99
561.864	15.03
562.209	15.09
562.555	15.12
562.9	15.17
563.245	15.22
563.591	15.26
563.936	15.29
564.281	15.32
564.626	15.34
564.971	15.37
565.316	15.41
565.661	15.45
566.006	15.5
566.351	15.55
566.696	15.59
567.041	15.62
567.386	15.69
567.73	15.74
568.075	15.81
568.42	15.89
568.764	15.94
569.109	15.98
569.453	16.02
569.798	16.03
570.142	16.06
570.487	16.08
570.831	16.13
571.175	16.16
571.519	16.21
571.864	16.25
572.208	16.3
572.552	16.36
572.896	16.41
573.24	16.44
573.584	16.5
573.928	16.55
574.272	16.63
574.616	16.7
574.959	16.76
575.303	16.81
575.647	16.88
575.99	16.92
576.334	16.97
576.678	17.05
577.021	17.15
577.364	17.23
577.708	17.33
578.051	17.39
578.395	17.44
578.738	17.53
579.081	17.58
579.424	17.63
579.767	17.68
580.111	17.73
580.454	17.78
580.797	17.8
581.14	17.86
581.482	17.92
581.825	17.98
582.168	18.05
582.511	18.1
582.854	18.14
583.196	18.2
583.539	18.27
583.882	18.36
584.224	18.41
584.567	18.47
584.909	18.52
585.252	18.53
585.594	18.57
585.936	18.61
586.279	18.65
586.621	18.7
586.963	18.72
587.305	18.75
587.647	18.77
587.989	18.81
588.331	18.85
588.673	18.9
589.015	18.95
589.357	19.01
589.699	19.07
590.041	19.12
590.382	19.17
590.724	19.24
591.066	19.31
591.407	19.36
591.749	19.4
592.09	19.45
592.432	19.48
592.773	19.53
593.114	19.57
593.456	19.61
593.797	19.64
594.138	19.66
594.479	19.68
594.821	19.68
595.162	19.7
595.503	19.72
595.844	19.75
596.185	19.8
596.525	19.84
596.866	19.9
597.207	19.95
597.548	20
597.889	20.07
598.229	20.13
598.57	20.23
598.91	20.34
599.251	20.44
599.592	20.54
599.932	20.63
600.272	20.7
600.613	20.73
600.953	20.75
601.293	20.78
601.633	20.79
601.974	20.81
602.314	20.8
602.654	20.79
602.994	20.79
603.334	20.79
603.674	20.82
604.014	20.85
604.353	20.9
604.693	20.95
605.033	21.02
605.373	21.09
605.712	21.14
606.052	21.23
606.391	21.33
606.731	21.45
607.07	21.53
607.41	21.57
607.749	21.6
608.088	21.66
608.428	21.71
608.767	21.72
609.106	21.77
609.445	21.84
609.784	21.9
610.123	21.95
610.462	21.99
610.801	22.09
611.14	22.19
611.479	22.3
611.818	22.37
612.157	22.43
612.495	22.54
612.834	22.62
613.173	22.69
613.511	22.74
613.85	22.77
614.188	22.84
614.527	22.91
614.865	22.97
615.203	23.01
615.542	23.07
615.88	23.16
616.218	23.2
616.556	23.24
616.894	23.28
617.233	23.33
617.571	23.38
617.908	23.4
618.246	23.41
618.584	23.47
618.922	23.53
619.26	23.59
619.598	23.65
619.935	23.69
620.273	23.75
620.611	23.83
620.948	23.87
621.286	23.95
621.623	24.02
621.96	24.05
622.298	24.09
622.635	24.15
622.972	24.18
623.31	24.19
623.647	24.27
623.984	24.29
624.321	24.28
624.658	24.31
624.995	24.29
625.332	24.32
625.669	24.36
626.006	24.4
626.342	24.43
626.679	24.47
627.016	24.5
627.352	24.54
627.689	24.56
628.026	24.64
628.362	24.71
628.699	24.8
629.035	24.88
629.371	24.96
629.708	25
630.044	25.07
630.38	25.11
630.716	25.18
631.052	25.21
631.388	25.31
631.725	25.36
632.06	25.39
632.396	25.41
632.732	25.44
633.068	25.49
633.404	25.53
633.74	25.55
634.075	25.59
634.411	25.63
634.747	25.67
635.082	25.71
635.418	25.76
635.753	25.81
636.089	25.89
636.424	25.97
636.759	26
637.095	26.09
637.43	26.17
637.765	26.25
638.1	26.3
638.435	26.32
638.77	26.37
639.105	26.41
639.44	26.51
639.775	26.53
640.11	26.59
640.445	26.68
640.779	26.71
641.114	26.76
641.449	26.79
641.783	26.86
642.118	26.98
642.452	27.06
642.787	27.1
643.121	27.12
643.456	27.21
643.79	27.24
644.124	27.28
644.458	27.35
644.793	27.39
645.127	27.45
645.461	27.52
645.795	27.57
646.129	27.58
646.463	27.68
646.797	27.73
647.13	27.76
647.464	27.8
647.798	27.89
648.132	27.95
648.465	28.02
648.799	28.07
649.132	28.08
649.466	28.11
649.799	28.13
650.133	28.16
650.466	28.18
650.799	28.25
651.133	28.27
651.466	28.26
651.799	28.29
652.132	28.35
652.465	28.41
652.798	28.51
653.131	28.58
653.464	28.68
653.797	28.71
654.13	28.79
654.463	28.81
654.795	28.88
655.128	28.92
655.461	28.98
655.793	28.96
656.126	28.97
656.458	28.94
656.791	28.9
657.123	28.87
657.455	28.87
657.788	28.88
658.12	28.88
658.452	28.92
658.784	28.99
659.116	29.03
659.448	29.12
659.78	29.16
660.112	29.24
660.444	29.36
660.776	29.45
661.108	29.52
661.44	29.63
661.771	29.72
662.103	29.8
662.435	29.82
662.766	29.88
663.098	29.92
663.429	29.95
663.761	29.96
664.092	29.99
664.423	30.09
664.755	30.2
665.086	30.26
665.417	30.31
665.748	30.37
666.079	30.46
666.41	30.51
666.741	30.53
667.072	30.58
667.403	30.59
667.734	30.6
668.065	30.57
668.395	30.55
668.726	30.58
669.057	30.63
669.387	30.65
669.718	30.68
670.048	30.69
670.379	30.76
670.709	30.85
671.039	30.96
671.37	31.05
671.7	31.12
672.03	31.2
672.36	31.23
672.69	31.29
673.02	31.35
673.35	31.39
673.68	31.48
674.01	31.48
674.34	31.51
674.67	31.49
675	31.49
675.329	31.51
675.659	31.56
675.989	31.57
676.318	31.57
676.648	31.59
676.977	31.61
677.307	31.62
677.636	31.67
677.965	31.68
678.295	31.72
678.624	31.75
678.953	31.79
679.282	31.82
679.611	31.91
679.94	32.01
680.269	32.08
680.598	32.14
680.927	32.26
681.256	32.35
681.584	32.41
681.913	32.48
682.242	32.54
682.57	32.63
682.899	32.72
683.228	32.76
683.556	32.76
683.884	32.81
684.213	32.88
684.541	32.85
684.869	32.87
685.198	32.94
685.526	33.02
685.854	33.11
686.182	33.14
686.51	33.15
686.838	33.22
687.166	33.31
687.494	33.33
687.822	33.36
688.149	33.44
688.477	33.43
688.805	33.45
689.133	33.49
689.46	33.48
689.788	33.47
690.115	33.5
690.443	33.52
690.77	33.55
691.097	33.6
691.425	33.61
691.752	33.61
692.079	33.7
692.406	33.74
692.733	33.76
693.06	33.8
693.387	33.93
693.714	33.95
694.041	33.94
694.368	33.94
694.695	34.01
695.021	33.96
695.348	34.02
695.675	34.05
696.001	34.04
696.328	34.05
696.654	34
696.981	33.9
697.307	33.9
697.634	33.95
697.96	33.98
698.286	33.98
698.612	34.04
698.938	34.04
699.264	34.08
699.591	34.18
699.917	34.24
700.242	34.37
700.568	34.51
700.894	34.61
701.22	34.69
701.546	34.77
701.871	34.88
702.197	34.94
702.523	34.97
702.848	34.94
703.174	34.91
703.499	34.87
703.824	34.88
704.15	34.89
704.475	34.96
704.8	35.01
705.125	35.01
705.451	35.03
705.776	35.07
706.101	35.17
706.426	35.29
706.751	35.31
707.076	35.42
707.4	35.54
707.725	35.56
708.05	35.6
708.375	35.66
708.699	35.79
709.024	35.77
709.348	35.88
709.673	35.92
709.997	36.03
710.322	36.11
710.646	36.2
710.97	36.24
711.294	36.34
711.619	36.4
711.943	36.4
712.267	36.41
712.591	36.51
712.915	36.47
713.239	36.54
713.563	36.54
713.886	36.54
714.21	36.47
714.534	36.46
714.858	36.4
715.181	36.33
715.505	36.34
715.828	36.33
716.152	36.29
716.475	36.36
716.799	36.37
717.122	36.32
717.445	36.44
717.768	36.54
718.092	36.48
718.415	36.59
718.738	36.68
719.061	36.71
719.384	36.77
719.707	36.85
720.03	36.87
720.352	36.88
720.675	36.93
720.998	36.92
721.32	36.93
721.643	37.1
721.966	37.09
722.288	37.16
722.611	37.19
722.933	37.2
723.255	37.25
723.578	37.29
723.9	37.34
724.222	37.5
724.544	37.55
724.866	37.64
725.188	37.71
725.51	37.83
725.832	37.81
726.154	37.91
726.476	38.02
726.798	38.05
727.12	38.1
727.441	38.1
727.763	38.08
728.085	38.11
728.406	38.14
728.728	38.09
729.049	38.07
729.37	38.15
729.692	38.21
730.013	38.25
730.334	38.33
730.655	38.35
730.977	38.47
731.298	38.44
731.619	38.49
731.94	38.56
732.261	38.56
732.581	38.6
732.902	38.66
733.223	38.67
733.544	38.76
733.864	38.78
734.185	38.85
734.506	38.84
734.826	38.97
735.146	39.06
735.467	39.14
735.787	39.28
736.108	39.33
736.428	39.36
736.748	39.49
737.068	39.5
737.388	39.51
737.708	39.55
738.028	39.67
738.348	39.73
738.668	39.68
738.988	39.68
739.308	39.7
739.628	39.75
739.947	39.77
740.267	39.78
740.586	39.8
740.906	39.92
741.225	39.94
741.545	39.96
741.864	39.93
742.184	39.98
742.503	39.91
742.822	39.99
743.141	40.09
743.46	40.18
743.779	40.11
744.098	40.09
744.417	40.09
744.736	40.14
745.055	40.13
745.374	40.14
745.693	40.2
746.011	40.36
746.33	40.39
746.649	40.35
746.967	40.26
747.286	40.39
747.604	40.47
747.923	40.47
748.241	40.35
748.559	40.35
748.877	40.31
749.196	40.35
749.514	40.29
749.832	40.23
750.15	40.33
750.468	40.54
750.786	40.52
751.104	40.53
751.422	40.51
751.739	40.66
752.057	40.77
752.375	40.85
752.692	40.82
753.01	40.88
753.327	40.93
753.645	41.01
753.962	41.03
754.28	41.11
754.597	41.18
754.914	41.29
755.231	41.34
755.548	41.46
755.866	41.67
756.183	41.75
756.5	41.85
756.816	41.87
757.133	41.94
757.45	41.78
757.767	41.82
758.084	41.89
758.4	42.02
758.717	42.11
759.034	42.11
759.35	42.06
759.667	42.21
759.983	42.22
760.299	42.27
760.616	42.21
760.932	42.39
761.248	42.49
761.564	42.49
761.88	42.36
762.196	42.28
762.512	42.2
762.828	42.32
763.144	42.37
763.46	42.39
763.776	42.49
764.092	42.58
764.407	42.58
764.723	42.52
765.038	42.52
765.354	42.65
765.669	42.75
765.985	42.83
766.3	42.75
766.616	42.74
766.931	42.8
767.246	42.79
767.561	42.74
767.876	42.8
768.191	42.9
768.506	42.97
768.821	42.98
769.136	43.08
769.451	43.02
769.766	43.07
770.08	43.04
770.395	43.05
770.71	43.01
771.024	43
771.339	42.94
771.653	42.88
771.968	42.79
772.282	42.87
772.596	42.82
772.911	42.99
773.225	43.11
773.539	43.05
773.853	43.17
774.167	43.25
774.481	43.41
774.795	43.47
775.109	43.5
775.423	43.74
775.737	43.68
776.05	43.67
776.364	43.7
776.678	43.59
776.991	43.82
777.305	43.5
777.618	43.6
777.931	43.59
778.245	43.63
778.558	43.79
778.871	43.71
779.185	43.59
779.498	43.74
779.811	43.83
780.124	43.97
780.437	43.91
780.75	44.05
781.063	44.16
781.375	44.13
781.688	44.16
782.001	44.16
782.314	44.2
782.626	44.47
782.939	44.38
783.251	44.17
783.564	44.14
783.876	44.04
784.188	44.06
784.501	43.82
784.813	43.96
785.125	44.02
785.437	44.02
785.749	43.95
786.061	43.73
786.373	43.72
786.685	43.99
786.997	43.81
787.309	44.06
787.621	44.34
787.932	44.41
788.244	44.44
788.556	44.49
788.867	44.37
789.179	44.47
789.49	44.5
789.801	44.54
790.113	44.55
790.424	44.71
790.735	44.52
791.046	44.43
791.358	44.47
791.669	44.37
791.98	44.23
792.291	44.42
792.601	44.54
792.912	44.65
793.223	44.63
793.534	44.72
793.845	44.66
794.155	44.94
794.466	45.05
794.776	45.09
795.087	45.23
795.397	45.24
795.707	45.16
796.018	44.98
796.328	45.03
796.638	45
796.948	44.89
797.258	45.14
797.569	45.02
797.879	45
798.188	44.96
798.498	45.02
798.808	45.08
799.118	45.16
799.428	45.3
799.737	45.37
800.047	45.45
800.356	45.27
800.666	45.19
800.975	45.17
801.285	45.16
801.594	45.17
801.903	45.09
802.213	45.3
802.522	45.25
802.831	45.43
803.14	45.42
803.449	45.49
803.758	45.68
804.067	45.77
804.376	46.04
804.684	45.93
804.993	46.02
805.302	45.77
805.611	45.64
805.919	45.76
806.228	45.65
806.536	45.56
806.845	45.64
807.153	45.71
807.461	45.74
807.769	45.57
808.078	45.74
808.386	45.66
808.694	45.96
809.002	45.9
809.31	45.75
809.618	45.79
809.926	45.96
810.233	46
810.541	45.77
810.849	45.76
811.157	45.71
811.464	45.76
811.772	45.85
812.079	45.85
812.387	45.92
812.694	45.98
813.001	46.07
813.309	46.09
813.616	46.27
813.923	46.6
814.23	46.48
814.537	46.6
814.844	46.4
815.151	46.16
815.458	46.19
815.765	46.46
816.072	46.48
816.378	46.39
816.685	46.16
816.992	46
817.298	46.02
817.605	46.28
817.911	46.16
818.218	46.1
818.524	46.5
818.83	46.55
819.136	46.31
819.443	46.23
819.749	46.09
820.055	46.33
820.361	46.26
820.667	46.17
820.973	46.27
821.279	46.3
821.584	46.48
821.89	46.47
822.196	46.52
822.501	46.58
822.807	46.67
823.113	46.73
823.418	46.79
823.723	46.91
824.029	47.01
824.334	47.11
824.639	47.22
824.944	47.36
825.25	47.5
825.555	47.59
825.86	47.67
826.165	47.74
826.47	47.78
826.774	47.74
827.079	47.68
827.384	47.58
827.689	47.49
827.993	47.53
828.298	47.43
828.602	47.46
828.907	47.46
829.211	47.53
829.516	47.58
829.82	47.67
830.124	47.82
830.429	47.95
830.733	48.18
831.037	48.31
831.341	48.33
831.645	48.51
831.949	48.37
832.253	48.35
832.556	48.19
832.86	48.06
833.164	47.91
833.467	47.68
833.771	47.54
834.075	47.42
834.378	47.35
834.682	47.28
834.985	47.09
835.288	47.23
835.591	47.25
835.895	47.29
836.198	47.39
836.501	47.66
836.804	47.85
837.107	48.06
837.41	48.29
837.713	48.37
838.016	48.71
838.318	49.16
838.621	49.14
838.924	49.33
839.226	49.29
839.529	49.28
839.831	49.24
840.134	49.22
840.436	49.24
840.738	48.96
841.041	48.92
841.343	48.86
841.645	48.58
841.947	48.64
842.249	48.64
842.551	49.01
842.853	49.26
843.155	49.32
843.457	49.39
843.758	49.38
844.06	49.73
844.362	49.41
844.663	49.3
844.965	49.25
845.266	49.38
845.568	49.66
845.869	49.76
846.17	48.96
846.472	48.59
846.773	48.5
847.074	48.48
847.375	48.63
847.676	49.2
847.977	49.08
848.278	49.34
848.579	49.04
848.88	49.1
849.181	49.02
849.481	49.95
849.782	50.3
850.082	50.39
850.383	50.49
850.683	50.43
850.984	50.75
851.284	51.01
851.585	51.16
851.885	51.01
852.185	50.31
852.485	49.98
852.785	49.48
853.085	49.54
853.385	50.21
853.685	50.61
853.985	50.42
854.285	50.31
854.584	49.74
854.884	49.34
855.184	49.49
855.483	49.25
855.783	48.64
856.082	48.68
856.382	48.73
856.681	47.97
856.98	47.43
857.28	47.86
857.579	47.63
857.878	48.62
858.177	49.61
858.476	49.67
858.775	50.23
859.074	51.57
859.373	51.59
859.671	51.34
859.97	51.22
860.269	51.17
860.567	50.8
860.866	50.44
861.165	50.28
861.463	49.9
861.761	50.23
862.06	50.18
862.358	49.76
862.656	49.89
862.954	50.69
863.252	50.93
863.551	50.66
863.849	50.66
864.146	51.02
864.444	50.78
864.742	50.82
865.04	51.01
865.338	51.42
865.635	51.54
865.933	51.35
866.23	50.21
866.528	50.49
866.825	51.34
867.123	51.74
867.42	51.98
867.717	52
868.014	52.11
868.312	51.68
868.609	51.56
868.906	51.57
869.203	51.96
869.5	52.35
869.796	51.96
870.093	51.41
870.39	51.83
870.687	52.08
870.983	52.68
871.28	52.38
871.576	52.26
871.873	52.23
872.169	52.61
872.466	52.18
872.762	52.26
873.058	52.83
873.354	52.89
873.65	52.56
873.947	52.36
874.243	51.96
874.538	52.32
874.834	52.97
875.13	53.29
875.426	53.26
875.722	53.98
876.017	53.92
876.313	54.08
876.608	54.46
876.904	54.38
877.199	54.59
877.495	54.66
877.79	54.1
878.085	54.23
878.381	53.94
878.676	53.3
878.971	52.73
879.266	52.17
879.561	51.61
879.856	50.93
880.151	50.21
880.445	49.83
880.74	49.81
881.035	49.87
881.329	49.46
881.624	49.24
881.919	49.25
882.213	49.17
