177.169	88.1
177.554	105.7
177.94	75.66
178.326	76.22
178.711	121.51
179.097	76.45
179.482	71.39
179.868	-2.24
180.253	484.04
180.639	33.68
181.024	65.66
181.409	88.92
181.795	105.7
182.18	82.85
182.565	69.49
182.95	135.61
183.336	45.65
183.721	32.65
184.106	26.59
184.491	33.94
184.876	28.82
185.261	-16.51
185.646	-13.56
186.031	0.83
186.416	-8.95
186.801	1.54
187.186	13.14
187.57	18.35
187.955	13.32
188.34	10.29
188.725	15.1
189.11	22.47
189.494	28.37
189.879	26.39
190.263	33.29
190.648	39.63
191.033	44.7
191.417	30.89
191.802	31.35
192.186	44.92
192.57	53.19
192.955	50.33
193.339	29.22
193.723	30.71
194.108	30.59
194.492	24.75
194.876	11.86
195.26	2.31
195.645	3.16
196.029	-3.92
196.413	-9.79
196.797	0.68
197.181	1.97
197.565	15.22
197.949	4.93
198.333	-0.53
198.717	-2.15
199.101	9.59
199.484	14.18
199.868	17.63
200.252	19.32
200.636	17.99
201.019	11.99
201.403	13.3
201.787	12.07
202.17	16.07
202.554	9.23
202.937	7.58
203.321	1.98
203.704	-2.34
204.088	-3.22
204.471	-5.47
204.855	-1.57
205.238	0.67
205.621	1.78
206.005	4.26
206.388	9.72
206.771	24.84
207.154	23.74
207.537	28.49
207.921	33.25
208.304	34.43
208.687	36.85
209.07	31.02
209.453	22.88
209.836	23.46
210.219	24.88
210.601	17.79
210.984	8.51
211.367	12.5
211.75	6.74
212.133	5.17
212.515	5.98
212.898	7.3
213.281	7.41
213.663	14.18
214.046	11.23
214.428	9.08
214.811	17.74
215.193	18.09
215.576	15.54
215.958	19.2
216.341	13.52
216.723	15.66
217.105	17.46
217.488	18.62
217.87	17.32
218.252	16.87
218.634	17.71
219.017	15.57
219.399	18.26
219.781	18.85
220.163	19.03
220.545	17.94
220.927	17.17
221.309	18.5
221.691	20.89
222.073	22.09
222.455	19.65
222.836	17.98
223.218	13.58
223.6	7.95
223.982	3.69
224.363	0.82
224.745	7.22
225.127	6.27
225.508	4.58
225.89	3.44
226.271	1.55
226.653	6.53
227.034	8.27
227.416	7.6
227.797	12.06
228.178	15.48
228.56	17.51
228.941	19.31
229.322	16.74
229.704	10.24
230.085	12.94
230.466	12.12
230.847	10.1
231.228	9.47
231.609	8.53
231.99	3.65
232.371	2.59
232.752	2.25
233.133	-0.8
233.514	1.25
233.895	4.76
234.276	2.29
234.657	5.03
235.037	6.89
235.418	7.05
235.799	8.92
236.179	11.59
236.56	10.23
236.941	7.48
237.321	8.17
237.702	7.36
238.082	6.2
238.463	5.27
238.843	2.93
239.223	1.15
239.604	0.92
239.984	0.65
240.364	0.74
240.745	1.64
241.125	2.5
241.505	2.79
241.885	3.14
242.265	3.27
242.645	2.94
243.025	3.23
243.405	3.12
243.785	2.68
244.165	2.73
244.545	2.74
244.925	2.63
245.305	2.81
245.685	2.82
246.065	2.71
246.444	2.71
246.824	2.91
247.204	3.21
247.583	3.43
247.963	3.56
248.343	3.5
248.722	3.38
249.102	3.4
249.481	3.16
249.861	2.96
250.24	3.02
250.619	3.14
250.999	3.06
251.378	2.7
251.757	2.5
252.136	2.4
252.516	2.75
252.895	3.08
253.274	3.09
253.653	3.19
254.032	3.48
254.411	3.58
254.79	3.3
255.169	3.23
255.548	3.27
255.927	3.27
256.306	3.15
256.685	3.06
257.063	2.93
257.442	2.97
257.821	2.97
258.199	2.76
258.578	2.68
258.957	2.74
259.335	2.72
259.714	2.71
260.092	2.73
260.471	2.81
260.849	2.85
261.228	2.84
261.606	2.95
261.984	2.98
262.363	3.14
262.741	3.34
263.119	3.44
263.497	3.41
263.876	3.33
264.254	3.27
264.632	3.12
265.01	2.93
265.388	2.84
265.766	2.62
266.144	2.64
266.522	2.74
266.9	2.55
267.278	2.52
267.655	2.7
268.033	2.72
268.411	2.74
268.789	2.78
269.166	2.83
269.544	2.85
269.922	2.73
270.299	2.64
270.677	2.45
271.054	2.47
271.432	2.51
271.809	2.48
272.186	2.45
272.564	2.42
272.941	2.44
273.318	2.37
273.696	2.45
274.073	2.62
274.45	2.64
274.827	2.72
275.204	2.76
275.582	2.66
275.959	2.65
276.336	2.61
276.713	2.56
277.09	2.55
277.466	2.53
277.843	2.39
278.22	2.4
278.597	2.43
278.974	2.35
279.35	2.36
279.727	2.45
280.104	2.37
280.48	2.52
280.857	2.55
281.234	2.58
281.61	2.64
281.987	2.77
282.363	2.69
282.74	2.66
283.116	2.73
283.492	2.78
283.869	2.79
284.245	2.79
284.621	2.72
284.997	2.72
285.373	2.66
285.75	2.61
286.126	2.53
286.502	2.52
286.878	2.56
287.254	2.56
287.63	2.59
288.006	2.58
288.382	2.61
288.757	2.56
289.133	2.6
289.509	2.67
289.885	2.69
290.26	2.69
290.636	2.78
291.012	2.8
291.387	2.72
291.763	2.6
292.139	2.5
292.514	2.41
292.889	2.42
293.265	2.36
293.64	2.31
294.016	2.32
294.391	2.34
294.766	2.27
295.142	2.2
295.517	2.23
295.892	2.29
296.267	2.36
296.642	2.47
297.017	2.57
297.392	2.59
297.767	2.58
298.142	2.56
298.517	2.56
298.892	2.56
299.267	2.68
299.642	2.69
300.017	2.7
300.391	2.72
300.766	2.7
301.141	2.65
301.515	2.71
301.89	2.74
302.265	2.78
302.639	2.82
303.014	2.85
303.388	2.73
303.762	2.82
304.137	2.95
304.511	3.05
304.886	3.01
305.26	2.91
305.634	2.84
306.008	2.83
306.382	2.89
306.757	2.88
307.131	2.97
307.505	2.98
307.879	3.03
308.253	2.88
308.627	2.85
309.001	2.87
309.375	2.95
309.748	2.98
310.122	3.03
310.496	3.01
310.87	3.03
311.243	3
311.617	3.03
311.991	3.02
312.364	3.1
312.738	3.01
313.111	3.04
313.485	3
313.858	3.03
314.232	2.99
314.605	2.95
314.979	2.93
315.352	2.85
315.725	2.95
316.098	2.94
316.472	2.93
316.845	2.97
317.218	2.93
317.591	2.97
317.964	2.97
318.337	3.02
318.71	3.09
319.083	3.11
319.456	3.21
319.829	3.15
320.202	3.08
320.574	3.03
320.947	3.05
321.32	3.06
321.693	3.04
322.065	2.92
322.438	2.88
322.81	2.91
323.183	2.9
323.555	2.84
323.928	2.75
324.3	2.77
324.673	2.8
325.045	2.76
325.417	2.74
325.79	2.75
326.162	2.79
326.534	2.74
326.906	2.76
327.278	2.76
327.651	2.8
328.023	2.82
328.395	2.87
328.767	2.87
329.139	2.95
329.511	2.98
329.882	3.06
330.254	3.12
330.626	3.14
330.998	3
331.37	2.96
331.741	2.95
332.113	2.96
332.485	2.89
332.856	2.89
333.228	2.89
333.599	2.84
333.971	2.72
334.342	2.7
334.714	2.78
335.085	2.85
335.456	2.87
335.828	2.89
336.199	2.86
336.57	2.9
336.941	2.84
337.312	2.88
337.683	2.93
338.054	3.02
338.426	3.03
338.797	2.95
339.167	2.92
339.538	2.91
339.909	2.91
340.28	2.99
340.651	2.98
341.022	3.04
341.392	2.98
341.763	2.96
342.134	2.94
342.504	2.95
342.875	2.98
343.246	3
343.616	3.04
343.987	3.02
344.357	3.03
344.727	3.05
345.098	3.07
345.468	3.1
345.838	3.11
346.209	3.11
346.579	3.1
346.949	3.12
347.319	3.12
347.689	3.11
348.059	3.14
348.429	3.09
348.799	3.1
349.169	3.11
349.539	3.16
349.909	3.1
350.279	3.14
350.649	3.13
351.018	3.1
351.388	3.11
351.758	3.15
352.128	3.17
352.497	3.19
352.867	3.14
353.236	3.12
353.606	3.1
353.975	3.14
354.345	3.11
354.714	3.12
355.083	3.1
355.453	3.13
355.822	3.1
356.191	3.08
356.56	3.11
356.93	3.14
357.299	3.13
357.668	3.08
358.037	3.07
358.406	3.09
358.775	3.09
359.144	3.13
359.513	3.08
359.882	3.08
360.25	3.08
360.619	3.07
360.988	3.07
361.357	3.06
361.725	3.1
362.094	3.17
362.463	3.17
362.831	3.15
363.2	3.15
363.568	3.2
363.937	3.22
364.305	3.24
364.673	3.23
365.042	3.26
365.41	3.25
365.778	3.24
366.146	3.19
366.515	3.15
366.883	3.18
367.251	3.18
367.619	3.15
367.987	3.16
368.355	3.18
368.723	3.15
369.091	3.09
369.459	3.15
369.826	3.16
370.194	3.14
370.562	3.21
370.93	3.17
371.297	3.15
371.665	3.2
372.033	3.19
372.4	3.16
372.768	3.19
373.135	3.24
373.503	3.2
373.87	3.19
374.237	3.23
374.605	3.2
374.972	3.21
375.339	3.25
375.707	3.21
376.074	3.21
376.441	3.22
376.808	3.25
377.175	3.23
377.542	3.24
377.909	3.26
378.276	3.23
378.643	3.24
379.01	3.25
379.377	3.25
379.744	3.26
380.11	3.27
380.477	3.3
380.844	3.28
381.21	3.26
381.577	3.27
381.944	3.26
382.31	3.24
382.677	3.22
383.043	3.21
383.409	3.22
383.776	3.22
384.142	3.18
384.508	3.18
384.875	3.15
385.241	3.16
385.607	3.15
385.973	3.16
386.339	3.17
386.705	3.2
387.071	3.23
387.437	3.22
387.803	3.23
388.169	3.26
388.535	3.23
388.901	3.24
389.267	3.22
389.633	3.21
389.998	3.19
390.364	3.2
390.73	3.2
391.095	3.2
391.461	3.2
391.826	3.19
392.192	3.18
392.557	3.2
392.923	3.21
393.288	3.24
393.653	3.26
394.019	3.24
394.384	3.23
394.749	3.23
395.114	3.23
395.479	3.24
395.844	3.23
396.21	3.25
396.575	3.26
396.94	3.27
397.304	3.27
397.669	3.26
398.034	3.27
398.399	3.3
398.764	3.31
399.129	3.3
399.493	3.3
399.858	3.32
400.223	3.3
400.587	3.3
400.952	3.29
401.316	3.29
401.681	3.3
402.045	3.31
402.409	3.3
402.774	3.29
403.138	3.3
403.502	3.3
403.867	3.3
404.231	3.31
404.595	3.3
404.959	3.3
405.323	3.31
405.687	3.31
406.051	3.33
406.415	3.3
406.779	3.3
407.143	3.31
407.507	3.3
407.871	3.31
408.234	3.33
408.598	3.32
408.962	3.35
409.325	3.36
409.689	3.37
410.053	3.37
410.416	3.41
410.78	3.44
411.143	3.46
411.506	3.46
411.87	3.44
412.233	3.45
412.596	3.46
412.96	3.44
413.323	3.43
413.686	3.45
414.049	3.44
414.412	3.44
414.775	3.43
415.138	3.41
415.501	3.42
415.864	3.43
416.227	3.42
416.59	3.42
416.953	3.43
417.315	3.42
417.678	3.41
418.041	3.41
418.404	3.39
418.766	3.39
419.129	3.39
419.491	3.39
419.854	3.39
420.216	3.39
420.579	3.4
420.941	3.4
421.303	3.4
421.666	3.41
422.028	3.4
422.39	3.41
422.752	3.41
423.114	3.42
423.476	3.42
423.839	3.43
424.201	3.43
424.563	3.44
424.924	3.44
425.286	3.46
425.648	3.47
426.01	3.49
426.372	3.52
426.733	3.55
427.095	3.57
427.457	3.59
427.818	3.61
428.18	3.63
428.542	3.64
428.903	3.65
429.264	3.66
429.626	3.65
429.987	3.64
430.349	3.64
430.71	3.63
431.071	3.61
431.432	3.6
431.794	3.6
432.155	3.59
432.516	3.6
432.877	3.61
433.238	3.61
433.599	3.61
433.96	3.62
434.321	3.62
434.681	3.64
435.042	3.65
435.403	3.67
435.764	3.66
436.124	3.68
436.485	3.67
436.846	3.68
437.206	3.68
437.567	3.68
437.927	3.69
438.288	3.68
438.648	3.67
439.008	3.67
439.369	3.67
439.729	3.68
440.089	3.68
440.449	3.68
440.81	3.68
441.17	3.69
441.53	3.71
441.89	3.72
442.25	3.73
442.61	3.74
442.97	3.74
443.33	3.75
443.689	3.74
444.049	3.75
444.409	3.75
444.769	3.75
445.128	3.75
445.488	3.75
445.848	3.76
446.207	3.76
446.567	3.78
446.926	3.79
447.285	3.8
447.645	3.82
448.004	3.84
448.363	3.86
448.723	3.88
449.082	3.89
449.441	3.91
449.8	3.92
450.159	3.93
450.518	3.93
450.877	3.93
451.236	3.93
451.595	3.94
451.954	3.95
452.313	3.95
452.672	3.96
453.031	3.96
453.389	3.97
453.748	3.98
454.107	3.99
454.465	4.01
454.824	4.02
455.182	4.04
455.541	4.05
455.899	4.04
456.258	4.05
456.616	4.05
456.974	4.05
457.333	4.06
457.691	4.03
458.049	4.04
458.407	4.04
458.765	4.05
459.123	4.04
459.481	4.05
459.839	4.06
460.197	4.07
460.555	4.06
460.913	4.09
461.271	4.1
461.629	4.12
461.987	4.14
462.344	4.15
462.702	4.15
463.06	4.18
463.417	4.18
463.775	4.19
464.132	4.19
464.49	4.21
464.847	4.21
465.204	4.22
465.562	4.22
465.919	4.23
466.276	4.23
466.633	4.23
466.991	4.23
467.348	4.24
467.705	4.25
468.062	4.24
468.419	4.23
468.776	4.24
469.133	4.25
469.49	4.25
469.846	4.25
470.203	4.28
470.56	4.3
470.917	4.31
471.273	4.33
471.63	4.35
471.986	4.38
472.343	4.4
472.699	4.41
473.056	4.42
473.412	4.44
473.769	4.45
474.125	4.45
474.481	4.44
474.838	4.44
475.194	4.43
475.55	4.42
475.906	4.42
476.262	4.42
476.618	4.43
476.974	4.44
477.33	4.43
477.686	4.44
478.042	4.45
478.398	4.47
478.753	4.48
479.109	4.49
479.465	4.51
479.821	4.52
480.176	4.51
480.532	4.52
480.887	4.52
481.243	4.51
481.598	4.51
481.954	4.58
482.309	4.65
482.664	4.64
483.02	4.58
483.375	4.57
483.73	4.58
484.085	4.58
484.44	4.58
484.795	4.58
485.15	4.59
485.505	4.59
485.86	4.54
486.215	4.49
486.57	4.49
486.925	4.56
487.28	4.57
487.634	4.58
487.989	4.59
488.344	4.6
488.698	4.6
489.053	4.62
489.407	4.64
489.762	4.64
490.116	4.66
490.471	4.67
490.825	4.68
491.179	4.69
491.534	4.7
491.888	4.71
492.242	4.72
492.596	4.73
492.95	4.75
493.304	4.77
493.658	4.81
494.012	4.84
494.366	4.87
494.72	4.89
495.074	4.92
495.428	4.93
495.782	4.95
496.135	4.96
496.489	4.98
496.843	4.98
497.196	4.99
497.55	5
497.903	5.01
498.257	5.02
498.61	5.04
498.963	5.04
499.317	5.06
499.67	5.09
500.023	5.09
500.376	5.11
500.73	5.13
501.083	5.14
501.436	5.15
501.789	5.16
502.142	5.17
502.495	5.18
502.848	5.19
503.201	5.2
503.553	5.21
503.906	5.23
504.259	5.24
504.612	5.24
504.964	5.25
505.317	5.27
505.669	5.28
506.022	5.3
506.374	5.31
506.727	5.32
507.079	5.33
507.432	5.32
507.784	5.33
508.136	5.34
508.488	5.35
508.841	5.37
509.193	5.38
509.545	5.4
509.897	5.4
510.249	5.42
510.601	5.44
510.953	5.45
511.305	5.47
511.656	5.5
512.008	5.51
512.36	5.52
512.712	5.54
513.063	5.54
513.415	5.55
513.766	5.57
514.118	5.58
514.469	5.6
514.821	5.63
515.172	5.64
515.524	5.64
515.875	5.65
516.226	5.66
516.577	5.66
516.929	5.67
517.28	5.66
517.631	5.68
517.982	5.68
518.333	5.68
518.684	5.68
519.035	5.7
519.386	5.72
519.737	5.74
520.087	5.77
520.438	5.79
520.789	5.82
521.139	5.86
521.49	5.89
521.841	5.92
522.191	5.96
522.542	5.97
522.892	5.98
523.243	5.98
523.593	5.98
523.943	5.99
524.293	5.99
524.644	5.99
524.994	6
525.344	6
525.694	6
526.044	6
526.394	6.01
526.744	6.04
527.094	6.06
527.444	6.09
527.794	6.11
528.144	6.13
528.493	6.15
528.843	6.16
529.193	6.17
529.542	6.19
529.892	6.22
530.241	6.24
530.591	6.26
530.94	6.28
531.29	6.29
531.639	6.3
531.988	6.31
532.338	6.33
532.687	6.35
533.036	6.37
533.385	6.39
533.734	6.4
534.083	6.42
534.432	6.43
534.781	6.46
535.13	6.48
535.479	6.52
535.828	6.56
536.177	6.58
536.525	6.61
536.874	6.64
537.223	6.66
537.571	6.68
537.92	6.7
538.268	6.73
538.617	6.75
538.965	6.77
539.314	6.77
539.662	6.77
540.01	6.78
540.359	6.79
540.707	6.8
541.055	6.81
541.403	6.82
541.751	6.82
542.099	6.84
542.447	6.87
542.795	6.91
543.143	6.94
543.491	6.98
543.839	7.02
544.187	7.06
544.534	7.09
544.882	7.12
545.23	7.14
545.577	7.18
545.925	7.21
546.272	7.24
546.62	7.27
546.967	7.32
547.314	7.35
547.662	7.38
548.009	7.4
548.356	7.46
548.704	7.51
549.051	7.57
549.398	7.63
549.745	7.67
550.092	7.7
550.439	7.73
550.786	7.73
551.133	7.76
551.479	7.78
551.826	7.81
552.173	7.81
552.52	7.82
552.866	7.86
553.213	7.88
553.56	7.9
553.906	7.94
554.253	7.96
554.599	7.99
554.945	8.03
555.292	8.06
555.638	8.11
555.984	8.14
556.331	8.17
556.677	8.2
557.023	8.25
557.369	8.28
557.715	8.31
558.061	8.35
558.407	8.37
558.753	8.42
559.099	8.44
559.444	8.46
559.79	8.48
560.136	8.49
560.482	8.52
560.827	8.51
561.173	8.54
561.518	8.56
561.864	8.58
562.209	8.62
562.555	8.63
562.9	8.65
563.245	8.68
563.591	8.7
563.936	8.74
564.281	8.76
564.626	8.79
564.971	8.81
565.316	8.82
565.661	8.85
566.006	8.87
566.351	8.88
566.696	8.92
567.041	8.94
567.386	8.98
567.73	9
568.075	9.03
568.42	9.07
568.764	9.12
569.109	9.16
569.453	9.18
569.798	9.21
570.142	9.24
570.487	9.24
570.831	9.28
571.175	9.29
571.519	9.31
571.864	9.34
572.208	9.36
572.552	9.37
572.896	9.38
573.24	9.41
573.584	9.44
573.928	9.45
574.272	9.49
574.616	9.52
574.959	9.57
575.303	9.62
575.647	9.65
575.99	9.69
576.334	9.73
576.678	9.79
577.021	9.82
577.364	9.89
577.708	9.96
578.051	10.01
578.395	10.04
578.738	10.07
579.081	10.1
579.424	10.12
579.767	10.17
580.111	10.21
580.454	10.25
580.797	10.3
581.14	10.32
581.482	10.35
581.825	10.39
582.168	10.42
582.511	10.46
582.854	10.48
583.196	10.53
583.539	10.56
583.882	10.59
584.224	10.59
584.567	10.62
584.909	10.64
585.252	10.65
585.594	10.68
585.936	10.73
586.279	10.75
586.621	10.78
586.963	10.82
587.305	10.83
587.647	10.84
587.989	10.86
588.331	10.88
588.673	10.9
589.015	10.93
589.357	10.96
589.699	10.99
590.041	11
590.382	11.03
590.724	11.05
591.066	11.1
591.407	11.15
591.749	11.2
592.09	11.23
592.432	11.3
592.773	11.33
593.114	11.36
593.456	11.4
593.797	11.43
594.138	11.47
594.479	11.49
594.821	11.49
595.162	11.5
595.503	11.51
595.844	11.53
596.185	11.54
596.525	11.57
596.866	11.59
597.207	11.62
597.548	11.65
597.889	11.69
598.229	11.73
598.57	11.79
598.91	11.84
599.251	11.89
599.592	11.94
599.932	11.99
600.272	12.02
600.613	12.06
600.953	12.09
601.293	12.12
601.633	12.12
601.974	12.12
602.314	12.14
602.654	12.17
602.994	12.17
603.334	12.18
603.674	12.2
604.014	12.22
604.353	12.25
604.693	12.28
605.033	12.32
605.373	12.38
605.712	12.43
606.052	12.49
606.391	12.53
606.731	12.61
607.07	12.66
607.41	12.71
607.749	12.76
608.088	12.78
608.428	12.83
608.767	12.85
609.106	12.87
609.445	12.9
609.784	12.93
610.123	12.96
610.462	12.98
610.801	13.04
611.14	13.09
611.479	13.14
611.818	13.2
612.157	13.23
612.495	13.28
612.834	13.32
613.173	13.36
613.511	13.4
613.85	13.45
614.188	13.5
614.527	13.54
614.865	13.61
615.203	13.65
615.542	13.7
615.88	13.75
616.218	13.8
616.556	13.86
616.894	13.89
617.233	13.91
617.571	13.94
617.908	13.95
618.246	13.98
618.584	14.01
618.922	14.03
619.26	14.06
619.598	14.07
619.935	14.1
620.273	14.1
620.611	14.15
620.948	14.19
621.286	14.21
621.623	14.25
621.96	14.28
622.298	14.28
622.635	14.35
622.972	14.38
623.31	14.44
623.647	14.46
623.984	14.51
624.321	14.56
624.658	14.58
624.995	14.57
625.332	14.58
625.669	14.58
626.006	14.6
626.342	14.61
626.679	14.62
627.016	14.63
627.352	14.63
627.689	14.64
628.026	14.65
628.362	14.69
628.699	14.77
629.035	14.82
629.371	14.91
629.708	14.94
630.044	14.98
630.38	15.01
630.716	15.07
631.052	15.12
631.388	15.16
631.725	15.17
632.06	15.2
632.396	15.19
632.732	15.17
633.068	15.17
633.404	15.21
633.74	15.25
634.075	15.28
634.411	15.32
634.747	15.35
635.082	15.39
635.418	15.46
635.753	15.49
636.089	15.58
636.424	15.66
636.759	15.71
637.095	15.75
637.43	15.79
637.765	15.84
638.1	15.86
638.435	15.88
638.77	15.89
639.105	15.92
639.44	15.98
639.775	15.99
640.11	16.05
640.445	16.05
640.779	16.11
641.114	16.12
641.449	16.12
641.783	16.17
642.118	16.22
642.452	16.28
642.787	16.32
643.121	16.3
643.456	16.32
643.79	16.31
644.124	16.4
644.458	16.41
644.793	16.43
645.127	16.49
645.461	16.49
645.795	16.52
646.129	16.54
646.463	16.57
646.797	16.63
647.13	16.69
647.464	16.72
647.798	16.72
648.132	16.76
648.465	16.82
648.799	16.8
649.132	16.87
649.466	16.92
649.799	16.92
650.133	16.93
650.466	16.95
650.799	16.95
651.133	16.97
651.466	17.02
651.799	17.02
652.132	17.05
652.465	17.11
652.798	17.13
653.131	17.18
653.464	17.24
653.797	17.25
654.13	17.3
654.463	17.33
654.795	17.36
655.128	17.39
655.461	17.39
655.793	17.41
656.126	17.43
656.458	17.44
656.791	17.42
657.123	17.4
657.455	17.45
657.788	17.44
658.12	17.45
658.452	17.43
658.784	17.43
659.116	17.5
659.448	17.5
659.78	17.5
660.112	17.55
660.444	17.6
660.776	17.66
661.108	17.72
661.44	17.81
661.771	17.87
662.103	17.98
662.435	18.04
662.766	18.05
663.098	18.1
663.429	18.14
663.761	18.2
664.092	18.26
664.423	18.25
664.755	18.27
665.086	18.33
665.417	18.36
665.748	18.41
666.079	18.42
666.41	18.48
666.741	18.53
667.072	18.57
667.403	18.56
667.734	18.58
668.065	18.6
668.395	18.6
668.726	18.61
669.057	18.66
669.387	18.66
669.718	18.69
670.048	18.7
670.379	18.72
670.709	18.73
671.039	18.79
671.37	18.74
671.7	18.77
672.03	18.81
672.36	18.72
672.69	18.74
673.02	18.77
673.35	18.82
673.68	18.86
674.01	18.89
674.34	18.9
674.67	18.89
675	18.96
675.329	19.03
675.659	19.04
675.989	19.11
676.318	19.1
676.648	19.08
676.977	19.06
677.307	19.02
677.636	19.02
677.965	19.03
678.295	19.09
678.624	19.13
678.953	19.1
679.282	19.12
679.611	19.12
679.94	19.17
680.269	19.22
680.598	19.29
680.927	19.37
681.256	19.45
681.584	19.53
681.913	19.53
682.242	19.55
682.57	19.61
682.899	19.66
683.228	19.78
683.556	19.82
683.884	19.87
684.213	19.89
684.541	19.85
684.869	19.86
685.198	19.89
685.526	19.93
685.854	20
686.182	20.1
686.51	20.17
686.838	20.16
687.166	20.2
687.494	20.23
687.822	20.26
688.149	20.35
688.477	20.37
688.805	20.4
689.133	20.38
689.46	20.34
689.788	20.32
690.115	20.35
690.443	20.4
690.77	20.37
691.097	20.37
691.425	20.38
691.752	20.4
692.079	20.45
692.406	20.48
692.733	20.53
693.06	20.61
693.387	20.61
693.714	20.61
694.041	20.64
694.368	20.71
694.695	20.72
695.021	20.74
695.348	20.7
695.675	20.69
696.001	20.69
696.328	20.68
696.654	20.64
696.981	20.62
697.307	20.56
697.634	20.49
697.96	20.47
698.286	20.52
698.612	20.54
698.938	20.57
699.264	20.61
699.591	20.62
699.917	20.7
700.242	20.73
700.568	20.79
700.894	20.92
701.22	21.05
701.546	21.13
701.871	21.15
702.197	21.19
702.523	21.22
702.848	21.21
703.174	21.26
703.499	21.22
703.824	21.23
704.15	21.23
704.475	21.18
704.8	21.17
705.125	21.15
705.451	21.17
705.776	21.2
706.101	21.19
706.426	21.18
706.751	21.19
707.076	21.23
707.4	21.36
707.725	21.36
708.05	21.43
708.375	21.41
708.699	21.48
709.024	21.54
709.348	21.55
709.673	21.62
709.997	21.72
710.322	21.78
710.646	21.8
710.97	21.8
711.294	21.87
711.619	21.88
711.943	21.95
712.267	21.91
712.591	21.88
712.915	21.93
713.239	21.98
713.563	21.95
713.886	21.92
714.21	21.94
714.534	21.9
714.858	21.94
715.181	21.93
715.505	21.93
715.828	21.92
716.152	21.97
716.475	21.94
716.799	21.89
717.122	21.9
717.445	21.92
717.768	21.98
718.092	21.99
718.415	21.94
718.738	21.97
719.061	22
719.384	22.12
719.707	22.17
720.03	22.24
720.352	22.32
720.675	22.38
720.998	22.45
721.32	22.46
721.643	22.54
721.966	22.6
722.288	22.57
722.611	22.54
722.933	22.58
723.255	22.59
723.578	22.65
723.9	22.69
724.222	22.64
724.544	22.73
724.866	22.8
725.188	22.74
725.51	22.84
725.832	22.89
726.154	22.86
726.476	22.85
726.798	22.83
727.12	22.81
727.441	22.75
727.763	22.85
728.085	22.78
728.406	22.68
728.728	22.7
729.049	22.74
729.37	22.75
729.692	22.82
730.013	22.84
730.334	22.91
730.655	22.92
730.977	22.94
731.298	22.92
731.619	22.97
731.94	22.99
732.261	23.01
732.581	22.95
732.902	22.97
733.223	23.06
733.544	23.02
733.864	22.97
734.185	23.03
734.506	23.15
734.826	23.15
735.146	23.13
735.467	23.23
735.787	23.25
736.108	23.27
736.428	23.37
736.748	23.43
737.068	23.49
737.388	23.61
737.708	23.6
738.028	23.66
738.348	23.78
738.668	23.76
738.988	23.72
739.308	23.76
739.628	23.82
739.947	23.77
740.267	23.68
740.586	23.73
740.906	23.73
741.225	23.8
741.545	23.75
741.864	23.67
742.184	23.8
742.503	23.85
742.822	23.95
743.141	23.97
743.46	23.89
743.779	23.98
744.098	23.96
744.417	23.92
744.736	23.83
745.055	23.79
745.374	23.84
745.693	23.84
746.011	23.81
746.33	23.74
746.649	23.66
746.967	23.79
747.286	23.72
747.604	23.71
747.923	23.71
748.241	23.69
748.559	23.7
748.877	23.68
749.196	23.64
749.514	23.72
749.832	23.72
750.15	23.7
750.468	23.74
750.786	23.67
751.104	23.82
751.422	23.89
751.739	24
752.057	24.01
752.375	24.11
752.692	24.14
753.01	24.09
753.327	24.28
753.645	24.44
753.962	24.35
754.28	24.51
754.597	24.59
754.914	24.59
755.231	24.51
755.548	24.55
755.866	24.5
756.183	24.53
756.5	24.53
756.816	24.35
757.133	24.23
757.45	24.28
757.767	24.26
758.084	24.13
758.4	24.03
758.717	24.2
759.034	24.17
759.35	24.21
759.667	24.2
759.983	24.24
760.299	24.18
760.616	24.3
760.932	24.28
761.248	24.3
761.564	24.36
761.88	24.46
762.196	24.35
762.512	24.47
762.828	24.39
763.144	24.41
763.46	24.47
763.776	24.48
764.092	24.52
764.407	24.69
764.723	24.7
765.038	24.7
765.354	24.7
765.669	24.71
765.985	24.6
766.3	24.71
766.616	24.74
766.931	24.62
767.246	24.77
767.561	24.67
767.876	24.45
768.191	24.52
768.506	24.5
768.821	24.63
769.136	24.77
769.451	24.89
769.766	24.87
770.08	24.78
770.395	24.93
770.71	24.86
771.024	25.17
771.339	25.19
771.653	25.15
771.968	25.28
772.282	25.31
772.596	25.23
772.911	25.27
773.225	25.23
773.539	25.3
773.853	25.35
774.167	25.47
774.481	25.24
774.795	25.34
775.109	25.35
775.423	25.28
775.737	25.07
776.05	25.02
776.364	25.05
776.678	25.08
776.991	25.23
777.305	25.29
777.618	25.16
777.931	25.25
778.245	25.22
778.558	25.33
778.871	25.4
779.185	25.38
779.498	25.4
779.811	25.28
780.124	25.34
780.437	25.22
780.75	25.36
781.063	25.46
781.375	25.44
781.688	25.29
782.001	25.13
782.314	25.01
782.626	25.12
782.939	25.21
783.251	25.49
783.564	25.36
783.876	25.37
784.188	25.21
784.501	25.25
784.813	25.26
785.125	25.6
785.437	25.73
785.749	25.75
786.061	25.87
786.373	25.9
786.685	25.86
786.997	25.84
787.309	25.95
787.621	25.97
787.932	26
788.244	26.06
788.556	26.08
788.867	25.95
789.179	25.92
789.49	25.91
789.801	25.97
790.113	26.01
790.424	26.12
790.735	26.08
791.046	25.99
791.358	25.89
791.669	25.84
791.98	25.74
792.291	25.77
792.601	25.82
792.912	25.92
793.223	25.83
793.534	25.83
793.845	26.04
794.155	26.19
794.466	26.35
794.776	26.47
795.087	26.37
795.397	26.43
795.707	26.56
796.018	26.58
796.328	26.61
796.638	26.39
796.948	26.1
797.258	25.83
797.569	25.7
797.879	25.59
798.188	25.45
798.498	25.76
798.808	25.91
799.118	25.94
799.428	25.9
799.737	25.92
800.047	26.05
800.356	26.3
800.666	26.39
800.975	26.61
801.285	26.66
801.594	26.85
801.903	26.65
802.213	26.41
802.522	26.21
802.831	26.42
803.14	26.11
803.449	26.19
803.758	26.13
804.067	26.04
804.376	26.13
804.684	26.12
804.993	26.27
805.302	26.31
805.611	26.34
805.919	26.56
806.228	26.29
806.536	26.51
806.845	26.68
807.153	26.76
807.461	26.91
807.769	26.77
808.078	26.91
808.386	26.77
808.694	26.82
809.002	26.91
809.31	26.78
809.618	27.12
809.926	27.16
810.233	27.19
810.541	27.44
810.849	27.57
811.157	27.61
811.464	27.46
811.772	27.72
812.079	27.84
812.387	27.84
812.694	28
813.001	27.93
813.309	28.06
813.616	28.12
813.923	27.93
814.23	28.03
814.537	27.95
814.844	28.17
815.151	27.94
815.458	27.75
815.765	27.81
816.072	27.72
816.378	27.44
816.685	27.27
816.992	27.4
817.298	27.23
817.605	27.13
817.911	27.21
818.218	27.1
818.524	27.2
818.83	27.09
819.136	27
819.443	27.21
819.749	27.35
820.055	27.38
820.361	27.55
820.667	27.52
820.973	27.67
821.279	27.63
821.584	27.69
821.89	27.61
822.196	27.72
822.501	27.76
822.807	27.73
823.113	27.72
823.418	27.77
823.723	27.74
824.029	27.75
824.334	27.72
824.639	27.77
824.944	27.77
825.25	27.86
825.555	27.91
825.86	27.93
826.165	27.98
826.47	28.07
826.774	28.07
827.079	28.07
827.384	28.18
827.689	28.15
827.993	28.14
828.298	28.22
828.602	28.26
828.907	28.25
829.211	28.34
829.516	28.47
829.82	28.49
830.124	28.53
830.429	28.57
830.733	28.62
831.037	28.8
831.341	28.77
831.645	28.6
831.949	28.47
832.253	28.36
832.556	28.18
832.86	27.96
833.164	27.95
833.467	27.85
833.771	27.98
834.075	27.93
834.378	27.94
834.682	28.03
834.985	28.15
835.288	28.13
835.591	28.15
835.895	28.18
836.198	28.23
836.501	28.34
836.804	28.49
837.107	28.39
837.41	28.6
837.713	28.76
838.016	28.87
838.318	29.02
838.621	29.16
838.924	29.22
839.226	29.33
839.529	29.34
839.831	29.3
840.134	29.2
840.436	29.22
840.738	29.27
841.041	29.23
841.343	29.38
841.645	28.94
841.947	29.04
842.249	29.22
842.551	29.35
842.853	29.37
843.155	29.5
843.457	29.49
843.758	29.55
844.06	29.01
844.362	29.02
844.663	28.34
844.965	28.7
845.266	28.53
845.568	28.31
845.869	28.09
846.17	28.39
846.472	28.03
846.773	28.31
847.074	28
847.375	28.18
847.676	28.03
847.977	29.18
848.278	28.53
848.579	28.76
848.88	28.85
849.181	29.1
849.481	29.34
849.782	30.07
850.082	29.95
850.383	30.32
850.683	30.69
850.984	30.14
851.284	29.32
851.585	30.03
851.885	30.32
852.185	30.41
852.485	29.7
852.785	29.08
853.085	28.62
853.385	28.59
853.685	28.64
853.985	28.31
854.285	28.64
854.584	28.62
854.884	27.96
855.184	27.73
855.483	27.47
855.783	28.16
856.082	28.37
856.382	28.75
856.681	29.12
856.98	28.9
857.28	29.13
857.579	28.95
857.878	29.41
858.177	30.12
858.476	30.32
858.775	30.25
859.074	30.34
859.373	30.31
859.671	29.91
859.97	29.97
860.269	29.74
860.567	29.87
860.866	30.39
861.165	30.25
861.463	30.09
861.761	29.86
862.06	30.24
862.358	29.91
862.656	29.86
862.954	29.56
863.252	29.03
863.551	29.26
863.849	29.28
864.146	29.11
864.444	29.16
864.742	29.23
865.04	28.33
865.338	28.61
865.635	28.83
865.933	29.25
866.23	30.14
866.528	30.79
866.825	30.75
867.123	29.86
867.42	29.58
867.717	29.67
868.014	29.75
868.312	30.68
868.609	30.4
868.906	30.67
869.203	30.76
869.5	30.55
869.796	30.76
870.093	30.92
870.39	31.79
870.687	31.51
870.983	31.25
871.28	30.8
871.576	31.09
871.873	31.04
872.169	30.56
872.466	30.05
872.762	30.31
873.058	29.38
873.354	29.95
873.65	29.57
873.947	30.24
874.243	30.17
874.538	30.76
874.834	29.81
875.13	29.39
875.426	29.29
875.722	29.52
876.017	28.48
876.313	28.9
876.608	28.19
876.904	28.48
877.199	28.26
877.495	28.54
877.79	27.91
878.085	28.6
878.381	29.14
878.676	29.44
878.971	29.47
879.266	30.03
879.561	29.92
879.856	29.92
880.151	29.86
880.445	29.81
880.74	29.58
881.035	29.77
881.329	29.68
881.624	29.53
881.919	29.54
882.213	29.5
