177.169	4650
177.554	853.52
177.94	-204.14
178.326	-326.83
178.711	-474.19
179.097	-680.93
179.482	-123.93
179.868	-66.18
180.253	-73.14
180.639	-15.3
181.024	72.87
181.409	474.13
181.795	853.52
182.18	-187.17
182.565	-3486.49
182.95	655.73
183.336	-225.79
183.721	-40.64
184.106	-33.66
184.491	-79.22
184.876	-54.34
185.261	-33.32
185.646	-55.25
186.031	-56.87
186.416	-46.43
186.801	-36.17
187.186	-27.6
187.57	-52.05
187.955	-62.98
188.34	-57.6
188.725	-42.04
189.11	-36.69
189.494	-44.31
189.879	-26.71
190.263	-18.7
190.648	-25.22
191.033	-16
191.417	-14.24
191.802	-0.73
192.186	8.4
192.57	3.52
192.955	5.27
193.339	6.57
193.723	11.67
194.108	15.89
194.492	14.64
194.876	13.37
195.26	7.5
195.645	9.84
196.029	1.91
196.413	-2.48
196.797	13.59
197.181	14.03
197.565	16.51
197.949	16.81
198.333	13.04
198.717	10.95
199.101	17.31
199.484	19.07
199.868	16.28
200.252	20.13
200.636	23.2
201.019	23.51
201.403	23.09
201.787	21.49
202.17	22.66
202.554	19.98
202.937	22.63
203.321	15.64
203.704	16.5
204.088	24.07
204.471	20.55
204.855	16.28
205.238	4.51
205.621	4.15
206.005	0.86
206.388	2.06
206.771	5.64
207.154	7.15
207.537	5.34
207.921	0.27
208.304	-4
208.687	-1.34
209.07	-3.02
209.453	7.91
209.836	4.22
210.219	-3.49
210.601	-7.8
210.984	-20.63
211.367	-21.06
211.75	-12.25
212.133	-15.37
212.515	-12.08
212.898	-17.05
213.281	-12.34
213.663	-12.48
214.046	-5.28
214.428	-1.71
214.811	-1.11
215.193	6.61
215.576	9.06
215.958	1.93
216.341	8.74
216.723	4.11
217.105	6.85
217.488	-0.73
217.87	-4.55
218.252	-3.26
218.634	2.36
219.017	3.09
219.399	3.48
219.781	-1.07
220.163	6.71
220.545	4.48
220.927	7.55
221.309	5.11
221.691	3.32
222.073	6.67
222.455	3.17
222.836	1.79
223.218	2.87
223.6	1.34
223.982	3.31
224.363	2.4
224.745	-3.63
225.127	-3.44
225.508	0.68
225.89	7.21
226.271	7.6
226.653	5.56
227.034	9.84
227.416	9.11
227.797	6.63
228.178	4.4
228.56	2.3
228.941	4.4
229.322	4.64
229.704	3.08
230.085	-0.69
230.466	-0.92
230.847	-5.02
231.228	-9.76
231.609	-7.44
231.99	-3.83
232.371	-2.56
232.752	-1.85
233.133	0.23
233.514	1.2
233.895	-0.26
234.276	2.47
234.657	-0.14
235.037	5.11
235.418	5.27
235.799	4.57
236.179	6.27
236.56	8.37
236.941	10.34
237.321	10.02
237.702	7.83
238.082	7.71
238.463	8.32
238.843	7.81
239.223	6.66
239.604	6.22
239.984	5.63
240.364	4.14
240.745	2.47
241.125	1.94
241.505	1.95
241.885	2.59
242.265	2.81
242.645	2.12
243.025	2.85
243.405	3.15
243.785	2.85
244.165	3.22
244.545	3.33
244.925	3.28
245.305	3.24
245.685	3.05
246.065	3.07
246.444	3.12
246.824	3.34
247.204	3.24
247.583	3.09
247.963	3.27
248.343	3.22
248.722	3.3
249.102	3.59
249.481	3.45
249.861	3.72
250.24	3.48
250.619	3.51
250.999	3.21
251.378	3.13
251.757	2.95
252.136	3.08
252.516	2.93
252.895	2.91
253.274	3.02
253.653	3.11
254.032	2.85
254.411	2.82
254.79	2.58
255.169	2.98
255.548	2.67
255.927	3.04
256.306	2.85
256.685	2.82
257.063	2.58
257.442	2.61
257.821	2.86
258.199	2.93
258.578	3.01
258.957	3.01
259.335	2.85
259.714	2.93
260.092	2.86
260.471	2.85
260.849	2.79
261.228	2.81
261.606	2.71
261.984	2.54
262.363	2.5
262.741	2.37
263.119	2.42
263.497	2.54
263.876	2.53
264.254	2.68
264.632	2.55
265.01	2.49
265.388	2.51
265.766	2.64
266.144	2.74
266.522	2.81
266.9	2.85
267.278	2.78
267.655	2.78
268.033	2.77
268.411	2.78
268.789	2.91
269.166	3.11
269.544	3.21
269.922	3.15
270.299	3.19
270.677	3.18
271.054	3.14
271.432	3.18
271.809	3.27
272.186	3.24
272.564	3.18
272.941	3.08
273.318	2.98
273.696	2.85
274.073	2.83
274.45	2.69
274.827	2.61
275.204	2.55
275.582	2.49
275.959	2.27
276.336	2.34
276.713	2.31
277.09	2.34
277.466	2.36
277.843	2.48
278.22	2.49
278.597	2.63
278.974	2.54
279.35	2.43
279.727	2.45
280.104	2.58
280.48	2.55
280.857	2.48
281.234	2.46
281.61	2.45
281.987	2.44
282.363	2.49
282.74	2.46
283.116	2.54
283.492	2.6
283.869	2.64
284.245	2.67
284.621	2.68
284.997	2.77
285.373	2.74
285.75	2.72
286.126	2.78
286.502	2.74
286.878	2.79
287.254	2.87
287.63	2.97
288.006	2.98
288.382	2.94
288.757	2.91
289.133	2.89
289.509	2.97
289.885	3.02
290.26	2.99
290.636	3.11
291.012	3.17
291.387	3.17
291.763	3.11
292.139	3.2
292.514	3.22
292.889	3.33
293.265	3.47
293.64	3.48
294.016	3.53
294.391	3.61
294.766	3.63
295.142	3.64
295.517	3.62
295.892	3.7
296.267	3.74
296.642	3.76
297.017	3.78
297.392	3.77
297.767	3.86
298.142	3.93
298.517	3.94
298.892	3.88
299.267	3.86
299.642	3.95
300.017	3.98
300.391	3.88
300.766	3.97
301.141	3.95
301.515	3.97
301.89	3.93
302.265	3.92
302.639	3.89
303.014	3.96
303.388	3.99
303.762	4.01
304.137	4.03
304.511	4.08
304.886	4.08
305.26	4.21
305.634	4.21
306.008	4.28
306.382	4.34
306.757	4.49
307.131	4.56
307.505	4.62
307.879	4.69
308.253	4.7
308.627	4.66
309.001	4.78
309.375	4.81
309.748	4.84
310.122	4.86
310.496	4.87
310.87	4.84
311.243	4.83
311.617	4.86
311.991	4.79
312.364	4.81
312.738	4.9
313.111	4.8
313.485	4.71
313.858	4.76
314.232	4.74
314.605	4.74
314.979	4.76
315.352	4.79
315.725	4.86
316.098	4.99
316.472	5.05
316.845	5.14
317.218	5.13
317.591	5.24
317.964	5.29
318.337	5.38
318.71	5.39
319.083	5.44
319.456	5.39
319.829	5.34
320.202	5.27
320.574	5.31
320.947	5.28
321.32	5.42
321.693	5.39
322.065	5.43
322.438	5.46
322.81	5.41
323.183	5.44
323.555	5.54
323.928	5.53
324.3	5.64
324.673	5.66
325.045	5.67
325.417	5.69
325.79	5.69
326.162	5.64
326.534	5.6
326.906	5.78
327.278	5.8
327.651	5.85
328.023	5.97
328.395	5.93
328.767	5.93
329.139	5.96
329.511	5.95
329.882	5.96
330.254	6
330.626	6.02
330.998	5.92
331.37	5.91
331.741	5.85
332.113	5.8
332.485	5.78
332.856	5.78
333.228	5.81
333.599	5.82
333.971	5.9
334.342	5.87
334.714	5.88
335.085	5.94
335.456	5.93
335.828	5.91
336.199	5.88
336.57	5.93
336.941	5.93
337.312	5.89
337.683	5.83
338.054	5.8
338.426	5.83
338.797	5.77
339.167	5.75
339.538	5.77
339.909	5.77
340.28	5.86
340.651	5.77
341.022	5.78
341.392	5.81
341.763	5.88
342.134	5.93
342.504	5.97
342.875	5.98
343.246	5.97
343.616	5.92
343.987	6.03
344.357	6.04
344.727	6.15
345.098	6.18
345.468	6.22
345.838	6.2
346.209	6.21
346.579	6.18
346.949	6.27
347.319	6.32
347.689	6.41
348.059	6.42
348.429	6.42
348.799	6.36
349.169	6.36
349.539	6.37
349.909	6.37
350.279	6.38
350.649	6.42
351.018	6.42
351.388	6.38
351.758	6.39
352.128	6.37
352.497	6.32
352.867	6.3
353.236	6.32
353.606	6.27
353.975	6.26
354.345	6.24
354.714	6.26
355.083	6.28
355.453	6.31
355.822	6.27
356.191	6.28
356.56	6.32
356.93	6.35
357.299	6.34
357.668	6.38
358.037	6.44
358.406	6.41
358.775	6.38
359.144	6.37
359.513	6.36
359.882	6.38
360.25	6.37
360.619	6.36
360.988	6.4
361.357	6.42
361.725	6.42
362.094	6.43
362.463	6.46
362.831	6.47
363.2	6.47
363.568	6.47
363.937	6.47
364.305	6.48
364.673	6.53
365.042	6.5
365.41	6.51
365.778	6.5
366.146	6.5
366.515	6.53
366.883	6.54
367.251	6.56
367.619	6.57
367.987	6.6
368.355	6.6
368.723	6.59
369.091	6.63
369.459	6.6
369.826	6.59
370.194	6.58
370.562	6.59
370.93	6.6
371.297	6.59
371.665	6.63
372.033	6.59
372.4	6.57
372.768	6.56
373.135	6.56
373.503	6.59
373.87	6.62
374.237	6.61
374.605	6.59
374.972	6.61
375.339	6.64
375.707	6.6
376.074	6.63
376.441	6.64
376.808	6.64
377.175	6.67
377.542	6.64
377.909	6.64
378.276	6.65
378.643	6.67
379.01	6.64
379.377	6.6
379.744	6.61
380.11	6.66
380.477	6.67
380.844	6.68
381.21	6.67
381.577	6.7
381.944	6.68
382.31	6.69
382.677	6.64
383.043	6.68
383.409	6.71
383.776	6.72
384.142	6.68
384.508	6.7
384.875	6.68
385.241	6.65
385.607	6.66
385.973	6.66
386.339	6.66
386.705	6.68
387.071	6.65
387.437	6.65
387.803	6.66
388.169	6.66
388.535	6.65
388.901	6.63
389.267	6.63
389.633	6.66
389.998	6.71
390.364	6.71
390.73	6.7
391.095	6.7
391.461	6.7
391.826	6.67
392.192	6.65
392.557	6.66
392.923	6.68
393.288	6.7
393.653	6.66
394.019	6.62
394.384	6.62
394.749	6.62
395.114	6.63
395.479	6.61
395.844	6.62
396.21	6.62
396.575	6.62
396.94	6.64
397.304	6.63
397.669	6.62
398.034	6.62
398.399	6.61
398.764	6.63
399.129	6.59
399.493	6.61
399.858	6.63
400.223	6.65
400.587	6.66
400.952	6.63
401.316	6.64
401.681	6.64
402.045	6.65
402.409	6.65
402.774	6.64
403.138	6.65
403.502	6.66
403.867	6.64
404.231	6.62
404.595	6.6
404.959	6.61
405.323	6.6
405.687	6.59
406.051	6.58
406.415	6.56
406.779	6.57
407.143	6.59
407.507	6.58
407.871	6.56
408.234	6.55
408.598	6.55
408.962	6.56
409.325	6.55
409.689	6.56
410.053	6.55
410.416	6.58
410.78	6.58
411.143	6.56
411.506	6.56
411.87	6.59
412.233	6.61
412.596	6.61
412.96	6.59
413.323	6.6
413.686	6.6
414.049	6.6
414.412	6.58
414.775	6.57
415.138	6.55
415.501	6.55
415.864	6.54
416.227	6.51
416.59	6.51
416.953	6.51
417.315	6.5
417.678	6.49
418.041	6.48
418.404	6.46
418.766	6.46
419.129	6.45
419.491	6.45
419.854	6.44
420.216	6.45
420.579	6.45
420.941	6.45
421.303	6.44
421.666	6.44
422.028	6.43
422.39	6.44
422.752	6.42
423.114	6.42
423.476	6.41
423.839	6.4
424.201	6.39
424.563	6.38
424.924	6.37
425.286	6.36
425.648	6.37
426.01	6.39
426.372	6.38
426.733	6.39
427.095	6.39
427.457	6.39
427.818	6.38
428.18	6.36
428.542	6.37
428.903	6.38
429.264	6.37
429.626	6.36
429.987	6.34
430.349	6.33
430.71	6.33
431.071	6.33
431.432	6.32
431.794	6.32
432.155	6.33
432.516	6.33
432.877	6.33
433.238	6.33
433.599	6.33
433.96	6.32
434.321	6.32
434.681	6.31
435.042	6.31
435.403	6.31
435.764	6.32
436.124	6.3
436.485	6.29
436.846	6.27
437.206	6.25
437.567	6.23
437.927	6.22
438.288	6.22
438.648	6.21
439.008	6.19
439.369	6.19
439.729	6.18
440.089	6.18
440.449	6.17
440.81	6.17
441.17	6.17
441.53	6.16
441.89	6.16
442.25	6.15
442.61	6.14
442.97	6.14
443.33	6.12
443.689	6.1
444.049	6.08
444.409	6.06
444.769	6.05
445.128	6.04
445.488	6.04
445.848	6.03
446.207	6.03
446.567	6.03
446.926	6.03
447.285	6.03
447.645	6.02
448.004	6.03
448.363	6.03
448.723	6.02
449.082	6.02
449.441	6.02
449.8	6.01
450.159	5.97
450.518	5.95
450.877	5.93
451.236	5.93
451.595	5.93
451.954	5.93
452.313	5.93
452.672	5.93
453.031	5.92
453.389	5.91
453.748	5.92
454.107	5.92
454.465	5.92
454.824	5.92
455.182	5.91
455.541	5.91
455.899	5.89
456.258	5.87
456.616	5.86
456.974	5.84
457.333	5.82
457.691	5.79
458.049	5.78
458.407	5.77
458.765	5.76
459.123	5.75
459.481	5.74
459.839	5.74
460.197	5.75
460.555	5.74
460.913	5.74
461.271	5.75
461.629	5.74
461.987	5.75
462.344	5.75
462.702	5.75
463.06	5.75
463.417	5.75
463.775	5.74
464.132	5.72
464.49	5.71
464.847	5.7
465.204	5.67
465.562	5.67
465.919	5.66
466.276	5.65
466.633	5.65
466.991	5.64
467.348	5.64
467.705	5.64
468.062	5.63
468.419	5.61
468.776	5.61
469.133	5.62
469.49	5.63
469.846	5.62
470.203	5.6
470.56	5.57
470.917	5.57
471.273	5.58
471.63	5.55
471.986	5.54
472.343	5.55
472.699	5.54
473.056	5.53
473.412	5.51
473.769	5.5
474.125	5.49
474.481	5.5
474.838	5.47
475.194	5.44
475.55	5.44
475.906	5.42
476.262	5.4
476.618	5.39
476.974	5.38
477.33	5.37
477.686	5.36
478.042	5.35
478.398	5.34
478.753	5.35
479.109	5.34
479.465	5.33
479.821	5.33
480.176	5.33
480.532	5.31
480.887	5.29
481.243	5.27
481.598	5.29
481.954	5.38
482.309	5.46
482.664	5.45
483.02	5.38
483.375	5.36
483.73	5.36
484.085	5.35
484.44	5.35
484.795	5.35
485.15	5.35
485.505	5.34
485.86	5.27
486.215	5.19
486.57	5.17
486.925	5.22
487.28	5.23
487.634	5.22
487.989	5.22
488.344	5.22
488.698	5.21
489.053	5.2
489.407	5.18
489.762	5.16
490.116	5.14
490.471	5.13
490.825	5.12
491.179	5.11
491.534	5.1
491.888	5.1
492.242	5.09
492.596	5.09
492.95	5.09
493.304	5.09
493.658	5.07
494.012	5.06
494.366	5.05
494.72	5.03
495.074	5.05
495.428	5.04
495.782	5.02
496.135	5.02
496.489	5.01
496.843	5.01
497.196	5.01
497.55	5.01
497.903	5
498.257	5
498.61	5
498.963	4.99
499.317	4.99
499.67	5
500.023	5
500.376	4.99
500.73	4.99
501.083	4.97
501.436	4.97
501.789	4.97
502.142	4.97
502.495	4.97
502.848	4.95
503.201	4.93
503.553	4.91
503.906	4.91
504.259	4.9
504.612	4.89
504.964	4.88
505.317	4.88
505.669	4.88
506.022	4.86
506.374	4.85
506.727	4.84
507.079	4.83
507.432	4.82
507.784	4.81
508.136	4.81
508.488	4.81
508.841	4.81
509.193	4.81
509.545	4.8
509.897	4.79
510.249	4.79
510.601	4.79
510.953	4.8
511.305	4.79
511.656	4.79
512.008	4.78
512.36	4.76
512.712	4.76
513.063	4.75
513.415	4.74
513.766	4.74
514.118	4.73
514.469	4.7
514.821	4.68
515.172	4.67
515.524	4.66
515.875	4.65
516.226	4.63
516.577	4.62
516.929	4.61
517.28	4.6
517.631	4.59
517.982	4.59
518.333	4.58
518.684	4.58
519.035	4.58
519.386	4.58
519.737	4.57
520.087	4.58
520.438	4.58
520.789	4.57
521.139	4.58
521.49	4.57
521.841	4.56
522.191	4.57
522.542	4.57
522.892	4.57
523.243	4.55
523.593	4.54
523.943	4.54
524.293	4.54
524.644	4.54
524.994	4.52
525.344	4.51
525.694	4.5
526.044	4.49
526.394	4.49
526.744	4.5
527.094	4.51
527.444	4.51
527.794	4.51
528.144	4.51
528.493	4.51
528.843	4.51
529.193	4.51
529.542	4.51
529.892	4.51
530.241	4.51
530.591	4.5
530.94	4.48
531.29	4.45
531.639	4.44
531.988	4.42
532.338	4.41
532.687	4.41
533.036	4.4
533.385	4.39
533.734	4.39
534.083	4.39
534.432	4.38
534.781	4.38
535.13	4.38
535.479	4.37
535.828	4.38
536.177	4.36
536.525	4.36
536.874	4.36
537.223	4.36
537.571	4.35
537.92	4.34
538.268	4.33
538.617	4.32
538.965	4.31
539.314	4.3
539.662	4.3
540.01	4.3
540.359	4.3
540.707	4.28
541.055	4.28
541.403	4.28
541.751	4.28
542.099	4.28
542.447	4.29
542.795	4.29
543.143	4.29
543.491	4.29
543.839	4.29
544.187	4.29
544.534	4.29
544.882	4.28
545.23	4.29
545.577	4.28
545.925	4.28
546.272	4.27
546.62	4.27
546.967	4.27
547.314	4.26
547.662	4.26
548.009	4.24
548.356	4.24
548.704	4.23
549.051	4.22
549.398	4.22
549.745	4.2
550.092	4.19
550.439	4.18
550.786	4.18
551.133	4.17
551.479	4.15
551.826	4.16
552.173	4.17
552.52	4.17
552.866	4.18
553.213	4.17
553.56	4.17
553.906	4.19
554.253	4.18
554.599	4.18
554.945	4.19
555.292	4.2
555.638	4.2
555.984	4.21
556.331	4.22
556.677	4.22
557.023	4.22
557.369	4.23
557.715	4.22
558.061	4.22
558.407	4.22
558.753	4.22
559.099	4.2
559.444	4.19
559.79	4.17
560.136	4.16
560.482	4.16
560.827	4.13
561.173	4.12
561.518	4.11
561.864	4.12
562.209	4.12
562.555	4.13
562.9	4.14
563.245	4.14
563.591	4.13
563.936	4.1
564.281	4.08
564.626	4.1
564.971	4.09
565.316	4.09
565.661	4.08
566.006	4.07
566.351	4.07
566.696	4.07
567.041	4.06
567.386	4.08
567.73	4.09
568.075	4.1
568.42	4.09
568.764	4.1
569.109	4.11
569.453	4.1
569.798	4.09
570.142	4.07
570.487	4.07
570.831	4.06
571.175	4.04
571.519	4.04
571.864	4.03
572.208	4.04
572.552	4.04
572.896	4.03
573.24	4.02
573.584	4.01
573.928	4.02
574.272	4.01
574.616	4.02
574.959	4.02
575.303	4.03
575.647	4.03
575.99	4.03
576.334	4.03
576.678	4.04
577.021	4.05
577.364	4.07
577.708	4.07
578.051	4.08
578.395	4.1
578.738	4.1
579.081	4.1
579.424	4.11
579.767	4.11
580.111	4.1
580.454	4.1
580.797	4.1
581.14	4.07
581.482	4.07
581.825	4.06
582.168	4.05
582.511	4.02
582.854	4.01
583.196	3.98
583.539	3.98
583.882	3.98
584.224	3.97
584.567	3.96
584.909	3.98
585.252	3.98
585.594	3.97
585.936	3.97
586.279	3.99
586.621	4
586.963	4.01
587.305	4.01
587.647	3.99
587.989	3.99
588.331	3.98
588.673	3.97
589.015	3.96
589.357	3.97
589.699	3.98
590.041	3.96
590.382	3.95
590.724	3.94
591.066	3.94
591.407	3.95
591.749	3.95
592.09	3.95
592.432	3.95
592.773	3.95
593.114	3.95
593.456	3.94
593.797	3.95
594.138	3.95
594.479	3.94
594.821	3.95
595.162	3.94
595.503	3.94
595.844	3.93
596.185	3.93
596.525	3.94
596.866	3.93
597.207	3.94
597.548	3.94
597.889	3.94
598.229	3.94
598.57	3.93
598.91	3.92
599.251	3.92
599.592	3.93
599.932	3.93
600.272	3.93
600.613	3.95
600.953	3.94
601.293	3.93
601.633	3.94
601.974	3.93
602.314	3.94
602.654	3.95
602.994	3.94
603.334	3.95
603.674	3.95
604.014	3.93
604.353	3.92
604.693	3.91
605.033	3.91
605.373	3.9
605.712	3.9
606.052	3.89
606.391	3.89
606.731	3.89
607.07	3.88
607.41	3.86
607.749	3.86
608.088	3.85
608.428	3.86
608.767	3.86
609.106	3.85
609.445	3.86
609.784	3.87
610.123	3.88
610.462	3.87
610.801	3.88
611.14	3.9
611.479	3.91
611.818	3.93
612.157	3.94
612.495	3.96
612.834	3.96
613.173	3.97
613.511	3.98
613.85	3.97
614.188	3.96
614.527	3.95
614.865	3.93
615.203	3.93
615.542	3.96
615.88	3.94
616.218	3.94
616.556	3.93
616.894	3.94
617.233	3.92
617.571	3.93
617.908	3.95
618.246	3.95
618.584	3.97
618.922	3.97
619.26	3.92
619.598	3.94
619.935	3.94
620.273	3.95
620.611	3.94
620.948	3.95
621.286	3.94
621.623	3.91
621.96	3.9
622.298	3.89
622.635	3.9
622.972	3.92
623.31	3.91
623.647	3.91
623.984	3.9
624.321	3.87
624.658	3.87
624.995	3.89
625.332	3.92
625.669	3.92
626.006	3.94
626.342	3.91
626.679	3.9
627.016	3.93
627.352	3.92
627.689	3.94
628.026	3.97
628.362	3.98
628.699	3.96
629.035	3.96
629.371	3.94
629.708	3.94
630.044	3.97
630.38	3.99
630.716	3.96
631.052	3.98
631.388	3.94
631.725	3.94
632.06	3.93
632.396	3.94
632.732	3.96
633.068	3.99
633.404	3.97
633.74	3.95
634.075	3.96
634.411	3.98
634.747	3.99
635.082	4
635.418	3.99
635.753	3.99
636.089	4
636.424	3.98
636.759	3.99
637.095	4.02
637.43	4.04
637.765	4.02
638.1	3.99
638.435	3.96
638.77	3.97
639.105	3.93
639.44	3.93
639.775	3.94
640.11	3.93
640.445	3.92
640.779	3.93
641.114	3.91
641.449	3.91
641.783	3.93
642.118	3.92
642.452	3.92
642.787	3.99
643.121	3.99
643.456	3.99
643.79	3.99
644.124	3.97
644.458	3.95
644.793	3.98
645.127	3.97
645.461	3.93
645.795	3.93
646.129	3.93
646.463	3.88
646.797	3.85
647.13	3.86
647.464	3.87
647.798	3.87
648.132	3.88
648.465	3.9
648.799	3.9
649.132	3.92
649.466	3.94
649.799	3.97
650.133	3.99
650.466	3.99
650.799	3.99
651.133	3.95
651.466	3.93
651.799	3.92
652.132	3.94
652.465	3.95
652.798	3.97
653.131	3.94
653.464	3.94
653.797	3.96
654.13	3.97
654.463	3.95
654.795	4.02
655.128	4.06
655.461	4.06
655.793	4
656.126	3.99
656.458	4
656.791	3.99
657.123	3.96
657.455	3.97
657.788	3.97
658.12	3.97
658.452	3.96
658.784	3.96
659.116	3.96
659.448	3.98
659.78	3.97
660.112	3.95
660.444	3.97
660.776	3.98
661.108	3.97
661.44	3.95
661.771	3.98
662.103	3.98
662.435	3.95
662.766	3.94
663.098	3.95
663.429	3.97
663.761	3.99
664.092	4.03
664.423	4
664.755	4
665.086	3.99
665.417	3.96
665.748	3.97
666.079	4
666.41	3.99
666.741	3.98
667.072	4.01
667.403	3.96
667.734	3.9
668.065	3.9
668.395	3.91
668.726	3.94
669.057	3.93
669.387	3.92
669.718	3.9
670.048	3.9
670.379	3.92
670.709	3.9
671.039	3.89
671.37	3.93
671.7	3.97
672.03	3.97
672.36	4.01
672.69	4
673.02	3.99
673.35	4
673.68	4.03
674.01	4.03
674.34	4.03
674.67	4.1
675	4.05
675.329	4.02
675.659	4.06
675.989	4.02
676.318	4.05
676.648	4.03
676.977	4.02
677.307	4.01
677.636	3.98
677.965	3.99
678.295	3.97
678.624	4.02
678.953	4.03
679.282	3.98
679.611	3.96
679.94	3.98
680.269	4.02
680.598	4.01
680.927	4.01
681.256	4.02
681.584	4
681.913	4
682.242	3.96
682.57	3.95
682.899	3.94
683.228	4
683.556	3.98
683.884	3.98
684.213	4
684.541	4.01
684.869	4.05
685.198	4.01
685.526	4.04
685.854	4.06
686.182	4.08
686.51	4.1
686.838	4.05
687.166	4.07
687.494	4.08
687.822	4.08
688.149	4.03
688.477	4.01
688.805	4.07
689.133	4.05
689.46	4.07
689.788	4.09
690.115	4.06
690.443	4.05
690.77	4.06
691.097	4.04
691.425	4.04
691.752	4.06
692.079	4.06
692.406	4.02
692.733	4
693.06	3.93
693.387	3.91
693.714	3.96
694.041	4.02
694.368	4.02
694.695	4.01
695.021	3.98
695.348	4.04
695.675	4.06
696.001	4.07
696.328	4.11
696.654	4.17
696.981	4.22
697.307	4.25
697.634	4.24
697.96	4.21
698.286	4.26
698.612	4.32
698.938	4.27
699.264	4.28
699.591	4.29
699.917	4.28
700.242	4.28
700.568	4.25
700.894	4.18
701.22	4.17
701.546	4.21
701.871	4.19
702.197	4.15
702.523	4.16
702.848	4.12
703.174	4.08
703.499	4.09
703.824	4.09
704.15	4.12
704.475	4.16
704.8	4.2
705.125	4.15
705.451	4.13
705.776	4.15
706.101	4.19
706.426	4.28
706.751	4.3
707.076	4.31
707.4	4.33
707.725	4.34
708.05	4.32
708.375	4.28
708.699	4.29
709.024	4.26
709.348	4.24
709.673	4.17
709.997	4.13
710.322	4.12
710.646	4.1
710.97	4.13
711.294	4.09
711.619	4.14
711.943	4.11
712.267	4.12
712.591	4.14
712.915	4.13
713.239	4.21
713.563	4.24
713.886	4.28
714.21	4.28
714.534	4.26
714.858	4.3
715.181	4.3
715.505	4.27
715.828	4.34
716.152	4.33
716.475	4.35
716.799	4.35
717.122	4.31
717.445	4.31
717.768	4.31
718.092	4.3
718.415	4.22
718.738	4.19
719.061	4.25
719.384	4.19
719.707	4.23
720.03	4.25
720.352	4.27
720.675	4.21
720.998	4.21
721.32	4.25
721.643	4.28
721.966	4.34
722.288	4.37
722.611	4.46
722.933	4.43
723.255	4.47
723.578	4.44
723.9	4.45
724.222	4.55
724.544	4.58
724.866	4.56
725.188	4.46
725.51	4.45
725.832	4.47
726.154	4.4
726.476	4.44
726.798	4.36
727.12	4.35
727.441	4.31
727.763	4.32
728.085	4.28
728.406	4.23
728.728	4.36
729.049	4.42
729.37	4.46
729.692	4.48
730.013	4.53
730.334	4.55
730.655	4.59
730.977	4.62
731.298	4.63
731.619	4.68
731.94	4.78
732.261	4.78
732.581	4.75
732.902	4.66
733.223	4.7
733.544	4.65
733.864	4.64
734.185	4.66
734.506	4.71
734.826	4.75
735.146	4.77
735.467	4.75
735.787	4.69
736.108	4.71
736.428	4.77
736.748	4.7
737.068	4.72
737.388	4.79
737.708	4.8
738.028	4.74
738.348	4.69
738.668	4.58
738.988	4.65
739.308	4.66
739.628	4.73
739.947	4.74
740.267	4.81
740.586	4.83
740.906	4.8
741.225	4.84
741.545	4.84
741.864	4.89
742.184	4.96
742.503	4.86
742.822	4.84
743.141	4.79
743.46	4.75
743.779	4.73
744.098	4.7
744.417	4.62
744.736	4.57
745.055	4.65
745.374	4.69
745.693	4.68
746.011	4.66
746.33	4.77
746.649	4.76
746.967	4.92
747.286	4.95
747.604	4.97
747.923	5.03
748.241	5.11
748.559	5.01
748.877	5.03
749.196	5.05
749.514	5.17
749.832	5.12
750.15	5.13
750.468	5.08
750.786	4.98
751.104	4.96
751.422	4.88
751.739	4.72
752.057	4.71
752.375	4.66
752.692	4.75
753.01	4.66
753.327	4.62
753.645	4.52
753.962	4.43
754.28	4.5
754.597	4.43
754.914	4.55
755.231	4.61
755.548	4.69
755.866	4.66
756.183	4.48
756.5	4.54
756.816	4.6
757.133	4.72
757.45	4.76
757.767	4.73
758.084	4.69
758.4	4.7
758.717	4.66
759.034	4.71
759.35	4.71
759.667	4.77
759.983	4.73
760.299	4.67
760.616	4.76
760.932	4.76
761.248	4.81
761.564	5
761.88	4.99
762.196	5
762.512	4.98
762.828	5.05
763.144	5.07
763.46	5.07
763.776	5.11
764.092	5.02
764.407	4.99
764.723	4.97
765.038	4.9
765.354	5.01
765.669	5.03
765.985	4.97
766.3	4.92
766.616	4.91
766.931	4.89
767.246	4.83
767.561	4.82
767.876	4.88
768.191	4.88
768.506	4.96
768.821	4.86
769.136	4.82
769.451	4.93
769.766	4.89
770.08	4.88
770.395	4.94
770.71	4.99
771.024	5.05
771.339	5.03
771.653	5.01
771.968	4.96
772.282	4.92
772.596	5.07
772.911	5
773.225	5.1
773.539	5.25
773.853	5.26
774.167	5.26
774.481	5.36
774.795	5.41
775.109	5.49
775.423	5.43
775.737	5.33
776.05	5.27
776.364	5.35
776.678	5.27
776.991	5.18
777.305	5.15
777.618	5.12
777.931	4.94
778.245	5.03
778.558	4.94
778.871	5.02
779.185	5.25
779.498	5.23
779.811	5.32
780.124	5.44
780.437	5.47
780.75	5.42
781.063	5.5
781.375	5.67
781.688	5.63
782.001	5.68
782.314	5.73
782.626	5.63
782.939	5.6
783.251	5.52
783.564	5.47
783.876	5.58
784.188	5.64
784.501	5.68
784.813	5.66
785.125	5.52
785.437	5.6
785.749	5.46
786.061	5.5
786.373	5.44
786.685	5.43
786.997	5.29
787.309	5.08
787.621	5.13
787.932	5.18
788.244	5.14
788.556	5.37
788.867	5.4
789.179	5.7
789.49	5.72
789.801	5.81
790.113	5.87
790.424	5.83
790.735	5.9
791.046	5.87
791.358	5.63
791.669	5.58
791.98	5.38
792.291	5.45
792.601	5.38
792.912	5.38
793.223	5.42
793.534	5.29
793.845	5.55
794.155	5.52
794.466	5.56
794.776	5.92
795.087	6.1
795.397	6.23
795.707	6.11
796.018	5.89
796.328	5.88
796.638	5.93
796.948	5.99
797.258	5.84
797.569	5.88
797.879	5.92
798.188	5.87
798.498	5.74
798.808	5.7
799.118	5.87
799.428	5.93
799.737	5.98
800.047	5.8
800.356	5.81
800.666	5.91
800.975	5.97
801.285	6.02
801.594	5.84
801.903	5.89
802.213	5.94
802.522	5.74
802.831	5.55
803.14	5.39
803.449	5.46
803.758	5.5
804.067	5.68
804.376	5.78
804.684	5.75
804.993	6
805.302	6
805.611	6.01
805.919	6.02
806.228	6.18
806.536	6.46
806.845	6.51
807.153	6.45
807.461	6.14
807.769	5.79
808.078	5.64
808.386	5.44
808.694	5.35
809.002	5.22
809.31	5.18
809.618	5.33
809.926	5.14
810.233	5.12
810.541	5.13
810.849	5.12
811.157	5.35
811.464	5.36
811.772	5.5
812.079	5.55
812.387	5.57
812.694	5.72
813.001	5.5
813.309	5.53
813.616	5.58
813.923	5.52
814.23	5.82
814.537	6.05
814.844	6.07
815.151	5.93
815.458	5.89
815.765	5.93
816.072	5.85
816.378	6.05
816.685	6.05
816.992	6
817.298	5.98
817.605	5.86
817.911	5.81
818.218	5.91
818.524	6.08
818.83	6.08
819.136	6.07
819.443	6.06
819.749	5.98
820.055	6.04
820.361	6.07
820.667	6.28
820.973	6.3
821.279	6.35
821.584	6.39
821.89	6.39
822.196	6.42
822.501	6.45
822.807	6.44
823.113	6.45
823.418	6.46
823.723	6.49
824.029	6.44
824.334	6.45
824.639	6.4
824.944	6.38
825.25	6.39
825.555	6.41
825.86	6.39
826.165	6.39
826.47	6.42
826.774	6.46
827.079	6.41
827.384	6.41
827.689	6.35
827.993	6.44
828.298	6.51
828.602	6.54
828.907	6.58
829.211	6.56
829.516	6.7
829.82	6.64
830.124	6.59
830.429	6.64
830.733	6.76
831.037	6.85
831.341	6.93
831.645	6.91
831.949	6.72
832.253	6.52
832.556	6.59
832.86	6.64
833.164	6.71
833.467	6.68
833.771	6.73
834.075	6.86
834.378	6.91
834.682	6.85
834.985	6.88
835.288	7.01
835.591	7.13
835.895	7.26
836.198	7.15
836.501	7.21
836.804	7.12
837.107	6.93
837.41	6.65
837.713	6.61
838.016	6.25
838.318	6.13
838.621	6.02
838.924	6.03
839.226	5.79
839.529	5.78
839.831	5.86
840.134	6.08
840.436	6.57
840.738	6.66
841.041	6.82
841.343	7.2
841.645	7.16
841.947	7.05
842.249	7.12
842.551	7.07
842.853	6.98
843.155	7.13
843.457	7.2
843.758	7.07
844.06	7.44
844.362	7.26
844.663	7.51
844.965	7.49
845.266	7.45
845.568	7.3
845.869	6.73
846.17	6.47
846.472	6.19
846.773	5.99
847.074	5.36
847.375	5.08
847.676	5.66
847.977	4.98
848.278	5.23
848.579	5.75
848.88	6.11
849.181	6.93
849.481	7.41
849.782	7.22
850.082	7.62
850.383	7.93
850.683	8.07
850.984	7.84
851.284	8.28
851.585	8.22
851.885	7.87
852.185	8.1
852.485	8.11
852.785	7.74
853.085	7.96
853.385	7.82
853.685	8.05
853.985	7.98
854.285	7.52
854.584	7.39
854.884	6.91
855.184	7.17
855.483	6.91
855.783	7.22
856.082	7.5
856.382	7.69
856.681	7.67
856.98	7.65
857.28	7.98
857.579	8.21
857.878	8.32
858.177	8.9
858.476	8.78
858.775	8.53
859.074	8.18
859.373	8.37
859.671	8.32
859.97	8.34
860.269	8.78
860.567	7.84
860.866	7.81
861.165	7.75
861.463	7.77
861.761	7.66
862.06	7.47
862.358	7.49
862.656	8.18
862.954	7.82
863.252	7.53
863.551	6.61
863.849	6.89
864.146	6.98
864.444	6.6
864.742	6.88
865.04	7.26
865.338	7.35
865.635	7.85
865.933	7.09
866.23	7.2
866.528	7.58
866.825	8.07
867.123	7.9
867.42	8.11
867.717	7.89
868.014	7.53
868.312	6.98
868.609	7.32
868.906	7.69
869.203	8.09
869.5	8.21
869.796	7.82
870.093	7.77
870.39	7.82
870.687	7.93
870.983	8.53
871.28	8.65
871.576	8.83
871.873	8.37
872.169	7.7
872.466	7.08
872.762	7.27
873.058	8.23
873.354	8.91
873.65	9.41
873.947	8.8
874.243	8.79
874.538	9.13
874.834	9
875.13	8.55
875.426	8.19
875.722	8.65
876.017	8.45
876.313	7.22
876.608	6.11
876.904	5.62
877.199	5.62
877.495	5.62
877.79	5.18
878.085	5.36
878.381	6.31
878.676	6.89
878.971	6.62
879.266	6.14
879.561	6.95
879.856	7.42
880.151	8.03
880.445	8.28
880.74	8.45
881.035	8.51
881.329	8.61
881.624	8.52
881.919	8.39
882.213	8.61
